target_x,target_y,gaze_x,gaze_y,error_px_x,error_px_y,error_px_xy,error_deg_x,error_deg_y,error_deg_z,error_deg_xyz
-0.2,0.05,-0.197557406666899,0.0529111687187101,0.00244259333310143,0.00291116871871011,0.00380015335213039,-0.184348698990489,0.13167953386129,-0.240869870165917,0.330669835796044
-0.2,0.065,-0.199835974491715,0.0663141361412514,0.000164025508284954,0.00131413614125141,0.00132433310202203,-0.0865298919853173,0.0706493577130458,-0.161130756346845,0.19606609116951
-0.2,0.08,-0.201530957149031,0.0798582266036019,-0.00153095714903084,-0.000141773396398093,0.00153750755708546,0.00514767217881647,0.019155845405973,-0.0968012720075489,0.0988126187419235
-0.2,0.095,-0.202677983482222,0.0935553752564721,-0.0026779834822222,-0.00144462474352792,0.00304278428099464,0.0894588689933906,-0.0236044577826805,-0.0472889586899229,0.103905284958071
-0.2,0.11,-0.203321003776328,0.107416345463805,-0.00332100377632844,-0.00258365453619493,0.00420765217725852,0.165226267008077,-0.0584608328613285,-0.0116802495006614,0.175652613649258
-0.2,0.125,-0.203512209562622,0.121450419059307,-0.00351220956262244,-0.00354958094069306,0.00499350987445784,0.231352223559656,-0.0862352520046145,0.011258826445666,0.247158301366592
-0.2,0.14,-0.203311688818518,0.135665109609799,-0.00331168881851797,-0.00433489039020069,0.00545514046801283,0.286851108513511,-0.107707561260561,0.0230701697986123,0.307273390058571
-0.2,0.155,-0.202786801767841,0.150065914507557,-0.00278680176784114,-0.00493408549244324,0.00566669778089333,0.330880147260762,-0.123580807720589,0.0255788289701942,0.35413071543349
-0.2,0.17,-0.202011278211631,0.164656120739764,-0.00201127821163139,-0.00534387926023644,0.00570984111797941,0.362767300897721,-0.134448709480713,0.0208560975867922,0.387443052458386
-0.2,0.185,-0.201064054946022,0.179436676996731,-0.00106405494602154,-0.00556332300326851,0.00566416593743946,0.382034640032834,-0.140767282369195,0.0111714832229478,0.407297673200774
-0.2,0.2,-0.200027889756555,0.194406141186451,-2.78897565546836e-05,-0.00559385881354853,0.00559392833922953,0.388415837434933,-0.142832477484124,-0.00106467312153078,0.413847625997941
-0.2,0.215,-0.198987804936838,0.209560707992292,0.00101219506316242,-0.0054392920077084,0.00553266991524082,0.381866697804837,-0.140765351003051,-0.0133654409530315,0.407205589233256
-0.2,0.23,-0.198029426368002,0.22489431598242,0.00197057363199835,-0.00510568401758003,0.00547276618598852,0.362568035134803,-0.134505802874644,-0.0232353857764087,0.387411726829932
-0.2,0.245,-0.197237292480556,0.240398828697659,0.00276270751944385,-0.00460117130234145,0.00536687340930286,0.330920672393598,-0.123815331386981,-0.0282391635261458,0.354452505629746
-0.2,0.26,-0.196693209676135,0.25606427945609,0.00330679032386459,-0.00393572054390998,0.00514050176984306,0.287532824188404,-0.108288612781553,-0.0260672454733043,0.308352524590771
-0.2,0.275,-0.196474727127709,0.271879165934626,0.00352527287229053,-0.00312083406537423,0.00470820072721074,0.233200588524933,-0.0873730975977198,-0.0145956210280979,0.249458820507927
-0.2,0.29,-0.19665379438299,0.287830778243513,0.00334620561701003,-0.00216922175648745,0.00398780830283101,0.168882673904866,-0.0603952822021372,0.00806320174824726,0.179538266825944
-0.2,0.305,-0.197295651248974,0.303905543092326,0.00270434875102615,-0.00109445690767368,0.00291741976580871,0.0956707788648251,-0.0265919122295232,0.043519923123933,0.10841593489731
-0.2,0.32,-0.198457982607371,0.320089367413835,0.00154201739262924,8.93674138349732e-05,0.0015446048600942,0.0147572159534182,0.0148558557705939,0.0930801516871896,0.0954064390623337
-0.2,0.335,-0.200190353020683,0.336367966255297,-0.000190353020683071,0.00136796625529653,0.00138114660630694,-0.0725985907718539,0.0647873640096295,0.157728515185123,0.185327473319731
-0.2,0.35,-0.202533918722152,0.352727162615513,-0.00253391872215225,0.00272716261551327,0.00372265496949783,-0.16510318502955,0.124028351251214,0.238124853736902,0.31519167204375
-0.18,0.05,-0.178825228075617,0.0518683192865116,0.00117477192438281,0.00186831928651163,0.00220696760979164,-0.00482228089493469,0.0333294231901025,-0.116936180808247,0.121688868812756
-0.18,0.065,-0.181019587724378,0.0653971570062901,-0.00101958772437802,0.000397157006290075,0.00109420876223308,0.0918597456943662,-0.0195879903490693,-0.0430869257317834,0.103336287471609
-0.18,0.08,-0.182619515645995,0.0790576096006104,-0.00261951564599491,-0.00094239039938962,0.00278387533565601,0.182582296294165,-0.0631402888408089,0.0139070949655659,0.193691595103911
-0.18,0.095,-0.183660827792229,0.0928607728675242,-0.00366082779222865,-0.0021392271324758,0.00424004160930931,0.266102232282062,-0.098301800030573,0.0546591808343946,0.288896944927757
-0.18,0.11,-0.184187896886392,0.106816603751246,-0.00418789688639171,-0.00318339624875381,0.00526046499918298,0.341221204238967,-0.126075731534873,0.0801411670505965,0.372491739046588
-0.18,0.125,-0.184253584931671,0.120933624023616,-0.00425358493167151,-0.0040663759763845,0.00588458990518965,0.406819178774091,-0.147454732906277,0.0916842734449565,0.442325355580458
-0.18,0.14,-0.183918901053965,0.135218647334099,-0.00391890105396529,-0.00478135266590146,0.0061821613361747,0.461888292746275,-0.163379268032441,0.0909664312644198,0.498307171314838
-0.18,0.155,-0.183252368424749,0.149676545080206,-0.00325236842474914,-0.00532345491979353,0.00623835496372074,0.505565410061964,-0.174696017532581,0.0799853548404923,0.540846476760162
-0.18,0.17,-0.182329100444541,0.164310065625499,-0.00232910044454088,-0.00568993437450119,0.00614817550716395,0.537161655427552,-0.182118759270918,0.0610174892541351,0.570469726618399
-0.18,0.185,-0.181229604946454,0.179119719016226,-0.00122960494645384,-0.00588028098377427,0.00600746475416053,0.556187234338227,-0.186194211205468,0.0365639351543435,0.587666974459794
-0.18,0.2,-0.180038354169493,0.194103735844379,-3.83541694926528e-05,-0.0058962641556211,0.00589638889789163,0.562370025345078,-0.187275131109183,0.00928539822836346,0.592808041183849
-0.18,0.215,-0.178842175693498,0.209258104321601,0.00115782430650212,-0.00574189567839938,0.00585746729451805,0.555666748769122,-0.185502558158329,-0.0180709164363908,0.586094094919278
-0.18,0.23,-0.177728533442431,0.224576684588493,0.00227146655756871,-0.00542331541150749,0.00587978829336973,0.536265953656969,-0.180798476960988,-0.0427489045934037,0.567537985317717
-0.18,0.245,-0.176783776663941,0.240051394192048,0.00321622333605855,-0.00494860580795192,0.00590193120850312,0.504582576957258,-0.172869443946871,-0.0620617052549515,0.536974103080361
-0.18,0.26,-0.176091437341729,0.255672454135679,0.00390856265827084,-0.00432754586432084,0.00583133906246495,0.461244373413094,-0.161220917301007,-0.0734663953242524,0.494102601116426
-0.18,0.275,-0.175730652368457,0.271428681270875,0.00426934763154274,-0.00357131872912472,0.00556611594057801,0.407071031197618,-0.145181260427316,-0.0746315211422981,0.4385832030741
-0.18,0.29,-0.175774777100878,0.287307810761837,0.00422522289912175,-0.00269218923816338,0.0050100290858782,0.34304722284088,-0.123933726644945,-0.0634943386789576,0.37023367445035
-0.18,0.305,-0.176290241800838,0.303296831324473,0.00370975819916217,-0.00170316867552697,0.00408204476133558,0.270291163110633,-0.0965542481178316,-0.0383054411052242,0.289564364119781
-0.18,0.32,-0.177335684839493,0.319382316939281,0.00266431516050694,-0.000617683060718952,0.00273497854434112,0.190020417669948,-0.0620525809359072,0.00234060237681257,0.199909481749207
-0.18,0.335,-0.178961377720933,0.33555074041354,0.00103862227906698,0.000550740413540418,0.00117560675469349,0.10351673737468,-0.0194143161963102,0.059488996260277,0.120961054473074
-0.18,0.35,-0.181208938744365,0.351788757049014,-0.00120893874436451,0.0017887570490145,0.00215897769048795,0.0120915809556504,0.0323585696158964,0.133822348844943,0.13820894931336
-0.16,0.05,-0.159981050040672,0.0510525226667531,1.89499593279685e-05,0.0010525226667531,0.00105269324353659,0.136234831947377,-0.040544707184532,0.00265055277411704,0.142164828682286
-0.16,0.065,-0.162099007999005,0.0647141047877235,-0.00209900799900514,-0.000285895212276524,0.00211838869244768,0.229941973343194,-0.0848716434186613,0.0707736071954676,0.255118635090725
-0.16,0.08,-0.163612582180147,0.0784973147265251,-0.00361258218014715,-0.00150268527347487,0.00391264782972286,0.317975604960407,-0.120022726653253,0.120601460639599,0.360637050183807
-0.16,0.095,-0.164557749957275,0.0924123192023014,-0.00455774995727476,-0.00258768079769858,0.00524110451945161,0.399099068655374,-0.147153109204325,0.152764486090726,0.451964768089694
-0.16,0.11,-0.164979263208716,0.106468181905751,-0.00497926320871631,-0.00353181809424877,0.00610465405674546,0.472116985057673,-0.167450606974748,0.16828996137683,0.528448336243497
-0.16,0.125,-0.164930593112791,0.120672583344314,-0.00493059311279054,-0.00432741665568645,0.00656028073757594,0.535909536861227,-0.182089453566752,0.168604749922629,0.590581281951958
-0.16,0.14,-0.164473590933968,0.135031564422649,-0.00447359093396815,-0.00496843557735117,0.00668568380427694,0.589467276053352,-0.192181265015901,0.155522607866685,0.639215791205016
-0.16,0.155,-0.163677847069639,0.149549308779965,-0.00367784706963858,-0.00545069122003465,0.00657545388880585,0.631924739777667,-0.198725869310691,0.131215156696677,0.675309961882611
-0.16,0.17,-0.162619747827682,0.164227977816724,-0.002619747827682,-0.00577202218327574,0.00633871586087212,0.662591042454611,-0.202564956394872,0.0981665786586176,0.699787264613912
-0.16,0.185,-0.161381248856849,0.179067610017101,-0.00138124885684936,-0.00593238998289868,0.00609106717363585,0.680975633352571,-0.204341563965329,0.0591132382113854,0.713431313574924
-0.16,0.2,-0.160048404145639,0.194066092547403,-4.84041456385731e-05,-0.00593390745259703,0.00593410487077045,0.686807594092463,-0.204468195892426,0.0169705720577859,0.71680305260884
-0.16,0.215,-0.158709707871878,0.209219208587064,0.00129029212812164,-0.00578079141293585,0.00592304002483231,0.680047188329167,-0.203105871989466,-0.025249369709965,0.710183188754824
-0.16,0.23,-0.157454321133491,0.224520758841951,0.00254567886650945,-0.00547924115804928,0.00604173522751982,0.660888849523907,-0.200155665724924,-0.064525568697928,0.693545805354083
-0.16,0.245,-0.156370264859612,0.239962750692537,0.00362973514038838,-0.00503724930746308,0.00620877264641793,0.629755350191993,-0.195263372621265,-0.0979162485405065,0.666567467540262
-0.16,0.26,-0.155542662965818,0.255535644055866,0.00445733703418179,-0.004464355944134,0.00630859155693353,0.587283485734825,-0.187836965488403,-0.122642978422974,0.628673113497218
-0.16,0.275,-0.155052115483397,0.271228639630603,0.00494788451660327,-0.00377136036939731,0.00622131177690871,0.534302165360332,-0.17707554513229,-0.136166350903826,0.579118884992145
-0.16,0.29,-0.154973271030963,0.287029993245509,0.00502672896903722,-0.00297000675449113,0.00583857381985369,0.471804269893831,-0.162007688943791,-0.136249621349998,0.51711849214568
-0.16,0.305,-0.155373652307464,0.302927339473897,0.00462634769253598,-0.00207266052610322,0.00506941955540271,0.400913973067351,-0.14153652010027,-0.121007681368682,0.442050255710667
-0.16,0.32,-0.156312769440476,0.318908008569184,0.00368723055952438,-0.00109199143081588,0.00384553175569593,0.322851394880749,-0.114488511955272,-0.0889398703764541,0.353908662403069
-0.16,0.335,-0.157841536474358,0.334959322863517,0.00215846352564153,-4.06771364825503e-05,0.00215884678033372,0.238896471152447,-0.0796630192901706,-0.0389462880685876,0.254822763821658
-0.16,0.35,-0.160001987040405,0.351068861643737,-1.98704040518805e-06,0.00106886164373704,0.00106886349071423,0.150353783921197,-0.035879760055664,0.0296716611053202,0.157397714641012
-0.14,0.05,-0.14101787494445,0.0504441693740822,-0.00101787494444958,0.00044416937408219,0.00111056554755259,0.237347603462091,-0.092642153050609,0.115490927976213,0.279740528504844
-0.14,0.065,-0.143067473955565,0.0642448815418881,-0.00306747395556514,-0.00075511845811195,0.00315905054626415,0.326071599073479,-0.128157191926572,0.178147936350925,0.393044840455845
-0.14,0.08,-0.14450371601629,0.0781567847953734,-0.00450371601629002,-0.00184321520462662,0.00486630252306142,0.40951512950126,-0.154695852769621,0.221108554100608,0.490432369854802
-0.14,0.095,-0.14536271657605,0.0921890311881083,-0.00536271657604992,-0.00281096881189166,0.00605477288892558,0.486476522959674,-0.17359929934402,0.245016589962104,0.57169219432441
-0.14,0.11,-0.14568956337991,0.106349708388319,-0.00568956337991036,-0.00365029161168055,0.00675986392646497,0.555791452684436,-0.186245781764915,0.250951133593428,0.637630220165252
-0.14,0.125,-0.14553827288538,0.12064557834755,-0.00553827288538006,-0.00435442165245004,0.00704510145280121,0.616367129931186,-0.193997246638216,0.240431291075367,0.689460885258686
-0.14,0.14,-0.144971454082381,0.135081840144857,-0.004971454082381,-0.00491815985514264,0.00699311461753341,0.667217186804889,-0.198142475411414,0.215403642719132,0.728591173107869
-0.14,0.155,-0.144059660658396,0.14966193136792,-0.0040596606583964,-0.00533806863207986,0.00670640152258471,0.707495492316025,-0.199839874577374,0.178211204264376,0.756474317641371
-0.14,0.17,-0.142880430257606,0.164387381307683,-0.00288043025760619,-0.00561261869231662,0.00630859469725827,0.736527006509633,-0.200063425881171,0.13154385850025,0.774474224937698
-0.14,0.185,-0.141517029907791,0.179257726770992,-0.00151702990779072,-0.005742273229008,0.00593928291780359,0.753833790756877,-0.199555395520406,0.0783715585080604,0.78373427800526
-0.14,0.2,-0.140056947561629,0.194270497745377,-5.69475616290991e-05,-0.00572950225462288,0.0057297852586728,0.759154476864402,-0.198789151725424,0.0218629514664573,0.785060684024835
-0.14,0.215,-0.138590188995769,0.209421275643734,0.00140981100423125,-0.00557872435626632,0.00575410570904381,0.752455853112749,-0.197944846517453,-0.0347067037904707,0.77883622708392
-0.14,0.23,-0.137207454775032,0.224703821942,0.00279254522496815,-0.00529617805799988,0.00598730413922091,0.733935718239112,-0.196899819951974,-0.0880535211126107,0.764979276310294
-0.14,0.245,-0.135998281740335,0.240110270202829,0.00400171825966529,-0.00488972979717057,0.0063184813459467,0.704016745908447,-0.195234477469185,-0.134983534065831,0.742956505148798
-0.14,0.26,-0.135049236434073,0.25563137027382,0.00495076356592701,-0.00436862972618005,0.00660264989001948,0.663331725443405,-0.192253195633588,-0.172486415865138,0.711848544971842
-0.14,0.275,-0.13444224330867,0.271256770326743,0.00555775669133043,-0.00374322967325727,0.00670077815084054,0.612701128264272,-0.18701866594738,-0.197819404381187,0.67045976768954
-0.14,0.29,-0.134253119710321,0.286975320662689,0.00574688028967857,-0.00302467933731106,0.0064942527020014,0.553104440194202,-0.178397124306139,-0.208577326195907,0.617461129619017
-0.14,0.305,-0.134550373204166,0.302775382937007,0.0054496267958338,-0.00222461706299272,0.00588620024216201,0.485647037857983,-0.165111231225704,-0.202745777271372,0.551564106565884
-0.14,0.32,-0.135394297056155,0.318645129538944,0.00460570294384482,-0.00135487046105606,0.00480085133837564,0.411524559458985,-0.145797027560728,-0.178735863064545,0.471759475131681
-0.14,0.335,-0.136836379250473,0.334572820065052,0.00316362074952747,-0.000427179934947675,0.00319233127097779,0.331986708681964,-0.119061394149407,-0.135400254116585,0.377789010199082
-0.14,0.35,-0.138919020396543,0.350547044910818,0.00108097960345652,0.000547044910818306,0.00121151765878225,0.248302275561052,-0.0835367604138843,-0.0720315449988857,0.271700372100269
-0.12,0.05,-0.121929318678571,0.0500218701383938,-0.0019293186785713,2.18701383937758e-05,0.00192944263103038,0.298308003659432,-0.126246378316002,0.219074067635543,0.391049682013939
-0.12,0.065,-0.123918813764938,0.0639675191963767,-0.0039188137649378,-0.00103248080362335,0.00405254462456821,0.379935865676537,-0.153037241704983,0.276622614209044,0.494260300859669
-0.12,0.08,-0.125287036085433,0.0780135064424717,-0.00528703608543277,-0.00198649355752831,0.00564791175770034,0.456782798112204,-0.17105354628522,0.313149539308134,0.579633797951297
-0.12,0.095,-0.126070218195457,0.0921678893498504,-0.00607021819545661,-0.00283211065014956,0.00669838784149911,0.527713724551445,-0.181821585451609,0.329308920635915,0.648066128465159
-0.12,0.11,-0.126313740625984,0.106437702389548,-0.00631374062598353,-0.00356229761045164,0.00724936445197952,0.591626778588557,-0.186909598747611,0.326227382040527,0.700990640073953
-0.12,0.125,-0.126072098926513,0.120828717083525,-0.00607209892651304,-0.0041712829164748,0.00736681658130806,0.647486403001,-0.187867132162621,0.305511015356352,0.74018734224456
-0.12,0.14,-0.12540857046596,0.135345226706718,-0.00540857046596008,-0.00465477329328194,0.00713579350157405,0.69435725597408,-0.186160187331263,0.269233124301885,0.767647643400205
-0.12,0.155,-0.124394560658346,0.149989869226823,-0.00439456065834594,-0.00501013077317744,0.00666435096196332,0.731437178169321,-0.183105771045035,0.219901298952058,0.78542619679769
-0.12,0.17,-0.123108626740798,0.164763500859243,-0.00310862674079802,-0.00523649914075687,0.00608970306868504,0.758087327266682,-0.179809933581979,0.160403679545199,0.795466851765012
-0.12,0.185,-0.121635198249966,0.179665130159863,-0.00163519824996598,-0.00533486984013722,0.00557984852194909,0.773857589350222,-0.177113512148466,0.0939358055688123,0.799411700777275
-0.12,0.2,-0.120063035106711,0.194691918966668,-6.30351067107896e-05,-0.00530808103333169,0.00530845530084729,0.778505558166356,-0.175549515118181,0.023911007504013,0.798417552506085
-0.12,0.215,-0.11848348428583,0.209839252112014,0.00151651571417038,-0.0051607478879864,0.00537895330660917,0.77200773168171,-0.175315386558656,-0.0461412803279168,0.793013542981746
-0.12,0.23,-0.116988612203208,0.225100873020714,0.00301138779679183,-0.00489912697928584,0.0057506435832725,0.754562076491965,-0.176262327140988,-0.112683817696169,0.783032260585906
-0.12,0.245,-0.115669300147716,0.240469077741808,0.00433069985228368,-0.00453092225819179,0.00626771231952678,0.726581714137769,-0.17790253003017,-0.172280391375465,0.767632493444099
-0.12,0.26,-0.114613393188359,0.255934955971968,0.00538660681164105,-0.00406504402803158,0.00674834171430678,0.688680118324533,-0.179433769595883,-0.221699046482711,0.745409342086217
-0.12,0.275,-0.113903988219381,0.271488664851722,0.00609601178061879,-0.00351133514827802,0.00703497222119432,0.641648803062295,-0.179779425366479,-0.258004097140159,0.714567394065785
-0.12,0.29,-0.113617935533455,0.287119719796206,0.00638206446654485,-0.0028802802037938,0.00700191123247795,0.586428974631166,-0.177640894793344,-0.278632304840662,0.673124358845008
-0.12,0.305,-0.113824611097449,0.302817286692165,0.00617538890255132,-0.00218271330783483,0.00654978362100254,0.52407895338814,-0.171558564720045,-0.281449987172575,0.619119467838093
-0.12,0.32,-0.114584996360176,0.318570461005567,0.00541500363982442,-0.00142953899443271,0.0056005219538821,0.455739324794581,-0.159977139123817,-0.264789374548986,0.550823716706807
-0.12,0.335,-0.115951080864615,0.334368521758195,0.00404891913538469,-0.0006314782418054,0.00409786663213408,0.382597759737957,-0.14131116645813,-0.22746409291076,0.467002154682517
-0.12,0.35,-0.117965582506458,0.350201151451362,0.0020344174935418,0.000201151451362402,0.00204433765420835,0.30585525503129,-0.114007018100802,-0.168765048497884,0.367460394631318
-0.1,0.05,-0.102709718534943,0.0497625797714097,-0.00270971853494292,-0.000237420228590288,0.00272009979661723,0.320379815274054,-0.145060335977524,0.310882124016625,0.469398183317548
-0.1,0.065,-0.104647552674265,0.0638583077543897,-0.00464755267426548,-0.0011416922456103,0.00478572952053904,0.392779779119707,-0.163564120060073,0.363775242421021,0.55978933176634
-0.1,0.08,-0.10595732668286,0.078043142446147,-0.0059573266828597,-0.00195685755385303,0.00627048903135822,0.46100054507508,-0.173489695818243,0.394437207528476,0.631034795375806
-0.1,0.095,-0.106675371576305,0.0923239739972201,-0.00667537157630474,-0.00267602600277987,0.00719178008905245,0.524006961252253,-0.17654044533085,0.403529997431502,0.684537695840736
-0.1,0.11,-0.106847317896747,0.106706713603935,-0.00684731789674659,-0.00329328639606546,0.007598124615036,0.580792970605477,-0.174466673134236,0.39222303021516,0.72222220030553
-0.1,0.125,-0.106528072135635,0.121196077361825,-0.00652807213563507,-0.00380392263817476,0.00755549821290916,0.630412506971432,-0.16899790048317,0.362202278573969,0.746443963421606
-0.1,0.14,-0.105781486264977,0.135795395258858,-0.00578148626497713,-0.00420460474114205,0.00714872607261975,0.672011238243813,-0.161770188778863,0.31565837772475,0.759879841320139
-0.1,0.155,-0.10467969895322,0.150506457975365,-0.00467969895321958,-0.00449354202463539,0.00648779640709608,0.704857491468722,-0.154252592555279,0.255251964915427,0.765362803921939
-0.1,0.17,-0.1033021459918,0.165329412844801,-0.00330214599179961,-0.00467058715519922,0.00572001333263045,0.728370541052644,-0.147677413093378,0.184055992396174,0.765648480181792
-0.1,0.185,-0.101734259180122,0.180262717841197,-0.00173425918012199,-0.00473728215880327,0.00504474946414122,0.742144439598725,-0.142979092937038,0.10547649569473,0.763122067742735
-0.1,0.2,-0.100065895368055,0.195303158863451,-6.58953680548923e-05,-0.00469684113654931,0.00469730336060094,0.745965744458862,-0.140746281007059,0.0231550790519056,0.759486017771414
-0.1,0.215,-0.0983895581742588,0.21044593132552,0.00161044182574122,-0.00455406867447973,0.00483043107454959,0.739823839918347,-0.141190796030309,-0.0591420023751478,0.755499967903649
-0.1,0.23,-0.0967984916301989,0.225684782475855,0.00320150836980106,-0.00431521752414468,0.00537315160055917,0.723913045514674,-0.144135982053056,-0.137642043660948,0.750851969025201
-0.1,0.245,-0.0953847355934442,0.241012206504699,0.00461526440655577,-0.00398779349530128,0.00609943952372574,0.698626290761927,-0.149025415981099,-0.208684560139555,0.744207162666842
-0.1,0.26,-0.0942372359949491,0.256419680896274,0.00576276400505092,-0.00358031910372564,0.00678440372195032,0.664540754985464,-0.154951274296926,-0.268833561292771,0.733418803215777
-0.1,0.275,-0.093440098053743,0.271897929963674,0.00655990194625701,-0.00310207003632618,0.00725638698353245,0.622396448087423,-0.160700097689958,-0.314977168459177,0.715834577240951
-0.1,0.29,-0.0930710589727485,0.28743720040683,0.00692894102725147,-0.00256279959317002,0.00738770366987477,0.573069175901838,-0.164812395601625,-0.34440948486851,0.688618186949226
-0.1,0.305,-0.0932002386291391,0.303027533930157,0.00679976137086089,-0.00197246606984287,0.0070800690037127,0.517539650446828,-0.165651650757594,-0.354891204366745,0.649030068993292
-0.1,0.32,-0.0938892059988004,0.318659023581853,0.00611079400119957,-0.00134097641814661,0.006256198612506,0.456860639032276,-0.161477888507546,-0.344687219978415,0.594650490355405
-0.1,0.335,-0.0951903765052949,0.33432204284258,0.00480962349470507,-0.000677957157419889,0.00485717037668186,0.392124005882246,-0.150521068773849,-0.312581255885657,0.523571176835641
-0.1,0.35,-0.0971467345852099,0.350007439703819,0.00285326541479014,7.4397038189733e-06,0.00285327511404534,0.324429307093695,-0.13105007152681,-0.257869101928892,0.434656043712059
-0.08,0.05,-0.0833542329170244,0.0496417533439231,-0.00335423291702444,-0.000358246656076949,0.00337330981800377,0.306433636432804,-0.152981307671329,0.388516151621124,0.517929996001521
-0.08,0.065,-0.0852490125305262,0.0638919581284709,-0.00524901253052618,-0.0011080418715291,0.00536468911817661,0.367557840755081,-0.164005107297812,0.437297520723528,0.594330489216807
-0.08,0.08,-0.0865101354178648,0.0782197009296049,-0.00651013541786477,-0.00178029907039509,0.00674917238918869,0.425198773957885,-0.166634189961727,0.462794176856284,0.650187617021326
-0.08,0.095,-0.0871740145317422,0.0926306404250399,-0.00717401453174218,-0.00236935957496015,0.00755515382352361,0.478454437413187,-0.162733127368074,0.4656746759945,0.687211237390965
-0.08,0.11,-0.0872864880061312,0.107129503004442,-0.00728648800613116,-0.00287049699555814,0.00783151712409553,0.526448018530425,-0.154218087234965,0.447146206235439,0.707726524045194
-0.08,0.125,-0.0869028034463948,0.121719892610696,-0.00690280344639475,-0.00328010738930384,0.00764249958488222,0.568355429631377,-0.142982574134299,0.408965740495614,0.714654818285419
-0.08,0.14,-0.0860872897924454,0.136404126232073,-0.00608728979244538,-0.00359587376792689,0.00707003572636479,0.603433642858622,-0.130817473494949,0.353428513765859,0.711451748634834
-0.08,0.155,-0.0849126944005819,0.151183106632946,-0.00491269440058185,-0.00381689336705421,0.00622119291205238,0.631048307151695,-0.119329960182129,0.283331797167359,0.701957745145533
-0.08,0.17,-0.0834591823697388,0.16605624253663,-0.00345918236973881,-0.00394375746337033,0.0052458712905485,0.650698988498956,-0.109866499175008,0.201913601639383,0.690112078949719
-0.08,0.185,-0.0818130174196809,0.181021423889831,-0.00181301741968086,-0.00397857611016941,0.00437219624770859,0.662040371394215,-0.103445374844942,0.112767873031704,0.679500113148092
-0.08,0.2,-0.0800649667077001,0.196075056371273,-6.49667077001398e-05,-0.00392494362872742,0.00392548126499126,0.664897918338819,-0.10070384544301,0.0197397246989802,0.672774377914609
-0.08,0.215,-0.0783084933705633,0.211212155145868,0.00169150662943675,-0.00378784485413153,0.00414836875366682,0.659276807731728,-0.101864115217741,-0.0731939403255422,0.671107077352031
-0.08,0.23,-0.076637817837237,0.226426493542262,0.003362182162763,-0.00357350645773832,0.00490654840994147,0.645363422634921,-0.1067209150573,-0.16205167916659,0.673905989981554
-0.08,0.245,-0.0751459398574713,0.241710798294165,0.00485406014252875,-0.00328920170583477,0.0058635098472632,0.623519215201713,-0.114651738633896,-0.242975127626329,0.678942957444252
-0.08,0.26,-0.073922716547502,0.257056979724853,0.00607728345249796,-0.00294302027514734,0.00675238791109736,0.5942673387089,-0.124648903107974,-0.312349439313851,0.682831391850122
-0.08,0.275,-0.0730530866119604,0.27245638313728,0.00694691338803956,-0.00254361686271998,0.00739794514478424,0.558272969152638,-0.135370829362671,-0.366909692951631,0.681631991761667
-0.08,0.29,-0.0726155191004372,0.287900046877743,0.00738448089956281,-0.00209995312225686,0.00767726261578203,0.516318668350387,-0.145208483765858,-0.403827742650847,0.671381020271417
-0.08,0.305,-0.072680746273333,0.303378953114608,0.00731925372666703,-0.00162104688539189,0.00749661711173566,0.469276413268727,-0.152361950783166,-0.42077576067621,0.648452962985713
-0.08,0.32,-0.0733108190732827,0.318884259074646,0.0066891809267173,-0.00111574092535374,0.00678159415498066,0.418078032215564,-0.154921696621437,-0.415964702709259,0.609770544091884
-0.08,0.335,-0.0745585003267592,0.334407499143726,0.00544149967324076,-0.00059250085627377,0.00547366202451014,0.363685731176447,-0.150949230655724,-0.388157879047836,0.552921235771519
-0.08,0.35,-0.0764669894883205,0.349940751205334,0.00353301051167945,-5.92487946655118e-05,0.00353350727964537,0.307064202136027,-0.138552490639226,-0.336661514204895,0.476264105411484
-0.06,0.05,-0.0638589296913757,0.0496335329380363,-0.00385892969137566,-0.000366467061963666,0.00387629158739186,0.260983985373228,-0.15382857006565,0.449835467669902,0.542337545867162
-0.06,0.065,-0.0657194000539342,0.0640417978191024,-0.00571940005393418,-0.000958202180897622,0.00579911100052579,0.308980917992616,-0.158544425481669,0.495132030566259,0.60478480990203
-0.06,0.08,-0.0669418601208209,0.07851573962276,-0.0069418601208209,-0.00148426037724003,0.00709876403358277,0.354273220663207,-0.155029480875871,0.516284636961258,0.645056490721436
-0.06,0.095,-0.0675627900885649,0.0930597312949777,-0.00756279008856489,-0.00194026870502226,0.00780771647611413,0.396123046774643,-0.14528560627744,0.513968260920286,0.664973467381377
-0.06,0.11,-0.0676281935839052,0.107677262739307,-0.00762819358390524,-0.00232273726069288,0.007973985561546,0.433814143057236,-0.131370158912695,0.489422676646482,0.667077516046332
-0.06,0.125,-0.0671935880960183,0.122370778566371,-0.00719358809601826,-0.00262922143362895,0.00765901527888733,0.466674917842164,-0.115316032612729,0.444465330438852,0.654704024893317
-0.06,0.14,-0.0663236786337282,0.137141541992833,-0.00632367863372817,-0.0028584580071675,0.00693971855635444,0.494102153546798,-0.0990453754959002,0.381480101196914,0.632042754181043
-0.06,0.155,-0.0650916915117195,0.151989535300614,-0.00509169151171954,-0.00301046469938565,0.00591508412085271,0.515584076926613,-0.0842819470409903,0.303379691124806,0.604129957326411
-0.06,0.17,-0.0635783649097001,0.166913405747202,-0.00357836490970009,-0.0030865942527985,0.00472564910973949,0.530721370382506,-0.0724678363636575,0.213541189216551,0.576644957095845
-0.06,0.185,-0.0618706155514737,0.181910463255533,-0.00187061555147372,-0.00308953674446713,0.00361170871428302,0.539244712902727,-0.0646905071959285,0.115716438920925,0.555303907889633
-0.06,0.2,-0.0600599244318922,0.196976732798637,-5.99244318921761e-05,-0.00302326720136292,0.00302386102663042,0.541027577121529,-0.0616257681920283,0.0139210130434172,0.544705979242912
-0.06,0.215,-0.0582405063962346,0.212107060427846,0.00175949360376539,-0.00289293957215414,0.00338598835051551,0.536093291094443,-0.0635012680065179,-0.087692434136676,0.546919246369632
-0.06,0.23,-0.0565073460227706,0.227295267872271,0.00349265397722943,-0.00270473212772901,0.00441748884406357,0.524615768070608,-0.0700835613549113,-0.184969154914131,0.560668802728165
-0.06,0.245,-0.0549541934313274,0.242534346939951,0.0050458065686726,-0.00246565306004923,0.00561601361652459,0.506913783737153,-0.0806898566502639,-0.273887526404767,0.581798696018142
-0.06,0.26,-0.0536716170540706,0.257816682112415,0.00632838294592943,-0.00218331788758502,0.00669442362780987,0.483439169051204,-0.0942234764173982,-0.350686359922502,0.604628654026433
-0.06,0.275,-0.0527452052210053,0.273134288019038,0.00725479477899468,-0.00186571198096216,0.00749085632496274,0.454759739831192,-0.109230105206199,-0.411976941263801,0.623270782000809
-0.06,0.29,-0.0522539961679858,0.288479048037151,0.00774600383201418,-0.00152095196284907,0.00789391349324737,0.421538143302915,-0.123970309424636,-0.454833913558696,0.632408881305747
-0.06,0.305,-0.0522691971415552,0.303842941162373,0.00773080285844477,-0.00115705883762748,0.00781691102609398,0.384508029186008,-0.136502767552398,-0.47686106495586,0.627598473181904
-0.06,0.32,-0.0528532314376266,0.319218246178515,0.00714676856237342,-0.000781753821484932,0.00718939774400717,0.344449035222587,-0.144772233894549,-0.476230250061967,0.605312148043275
-0.06,0.335,-0.0540591285725224,0.334597714910231,0.00594087142747757,-0.000402285089769333,0.00595447618277797,0.302162017242317,-0.14669646103339,-0.45169378607283,0.562895693016924
-0.06,0.35,-0.0559302509692659,0.349974709269169,0.00406974903073409,-2.52907308306016e-05,0.00406982761234761,0.25844577600216,-0.140247027060733,-0.402572491539096,0.498527458233875
-0.04,0.05,-0.0442208602547334,0.049710962241829,-0.00422086025473342,-0.000289037758171018,0.00423074510170925,0.190107060970892,-0.151046837195747,0.493098917325062,0.549640519536955
-0.04,0.065,-0.0460558808245496,0.0642799965509874,-0.00605588082454958,-0.000720003449012629,0.00609853240769756,0.223433982440556,-0.150957168120389,0.535611229201608,0.599661139641006
-0.04,0.08,-0.0472498216615606,0.0789026021240927,-0.0072498216615606,-0.00109739787590726,0.00733240725972576,0.25490307588538,-0.142775124730722,0.5533483900079,0.625746471820856
-0.04,0.095,-0.0478392169324449,0.0935818229554,-0.00783921693244485,-0.00141817704460001,0.00796646397366865,0.283967177631297,-0.128608542163384,0.546992722710873,0.629589185271242
-0.04,0.11,-0.0478701938840852,0.1083198717749,-0.00787019388408516,-0.00168012822510002,0.00804753270424354,0.310097446989855,-0.110623377923152,0.517811291948324,0.613620478269897
-0.04,0.125,-0.0473984675110599,0.12311799731788,-0.00739846751105988,-0.00188200268212005,0.00763408511923437,0.332800980258263,-0.0909592654044592,0.467670011698297,0.581161092981307
-0.04,0.14,-0.046489015355962,0.137976378215354,-0.00648901535596201,-0.00202362178464593,0.00679723218797213,0.351638828208,-0.0716382533908952,0.399022515603295,0.536659089518781
-0.04,0.155,-0.0452154088170408,0.152894052614464,-0.00521540881704079,-0.00210594738553632,0.00562454473886679,0.366243417633416,-0.0544720331188059,0.314871358630521,0.486052294124755
-0.04,0.17,-0.0436587973356806,0.167868891009368,-0.00365879733568061,-0.00213110899063232,0.00423419691010438,0.376334286770585,-0.0409737719396499,0.218701025528697,0.437192647864724
-0.04,0.185,-0.041906564856067,0.182897617195492,-0.00190656485606697,-0.00210238280450764,0.00283813371902718,0.381731053303763,-0.0322809417384438,0.114384447023111,0.399806336328342
-0.04,0.2,-0.0400507018722537,0.197975878931596,-5.07018722536721e-05,-0.0020241210684043,0.00202475598021297,0.382362651360865,-0.0290951375652949,0.00606703855984358,0.383516730165428
-0.04,0.215,-0.0381859585978846,0.213098366192555,0.00181404140211542,-0.00190163380744474,0.00262810908186963,0.378272097718582,-0.0316438025002994,-0.101965630347816,0.393050513002302
-0.04,0.23,-0.0364078627229723,0.228258971151082,0.00359213727702771,-0.00174102884891827,0.00399182059589077,0.369616361874448,-0.0396670957099106,-0.20542881436737,0.424725272696089
-0.04,0.245,-0.0348106965814929,0.243450980769237,0.0051893034185071,-0.00154901923076253,0.00541556373303847,0.35666128486903,-0.0524310481451605,-0.300179631635653,0.46911121019935
-0.04,0.26,-0.0334855320043178,0.258667290474554,0.00651446799568217,-0.00133270952544615,0.00664939154705016,0.339771872169274,-0.0687659086024692,-0.382349561517974,0.516107221004361
-0.04,0.275,-0.032518415908214,0.273900626123908,0.00748158409178599,-0.00109937387609246,0.00756192590825246,0.319398629527788,-0.0871264811182172,-0.448460651372652,0.557427946010368
-0.04,0.29,-0.0319887871148151,0.289143761435319,0.00801121288518486,-0.000856238564681061,0.00805684034664949,0.296060884429694,-0.105669559871099,-0.49551927890433,0.586822348893876
-0.04,0.305,-0.0319681858792859,0.304389719184991,0.00803181412071413,-0.000610280815009245,0.00805496621612228,0.270328196172617,-0.122342467882262,-0.521083403054167,0.599646736124747
-0.04,0.32,-0.0325192951227346,0.319631946672622,0.00748070487726538,-0.000368053327377632,0.007489753581563,0.242801013763155,-0.134976294382471,-0.523301556337376,0.592468209229536
-0.04,0.335,-0.033695328687133,0.334864458655035,0.00630467131286705,-0.000135541344965434,0.00630612811632334,0.214091677745628,-0.141377678355716,-0.500924064414231,0.562805792076551
-0.04,0.35,-0.0355397596183621,0.350081943902061,0.00446024038163792,8.19439020612878e-05,0.00446099305817422,0.184806716116112,-0.139413794450645,-0.453288902829385,0.508981592480116
-0.02,0.05,-0.0244381167367586,0.0498462251672408,-0.00443811673675859,-0.000153774832759218,0.00444077998422426,0.101229652248313,-0.147416197414366,0.517093815345399,0.547144648717142
-0.02,0.065,-0.026256636346981,0.064577817753327,-0.00625663634698098,-0.000422182246672953,0.00627086407345665,0.118753448377243,-0.14428931730364,0.557584397155489,0.588069030324046
-0.02,0.08,-0.0274323199907375,0.0793506818167154,-0.00743231999073748,-0.000649318183284564,0.00746062963481367,0.13531727568635,-0.133177900342969,0.572923174698526,0.603565614581225
-0.02,0.095,-0.0280017434669853,0.09416650112968,-0.00800174346698526,-0.000833498870319971,0.00804503690968947,0.150584628417504,-0.116258248809493,0.563801573042101,0.595035382821605
-0.02,0.11,-0.0280111158385897,0.109026182476158,-0.00801111583858974,-0.000973817523841736,0.0080700865886956,0.164234269140957,-0.0957657732005628,0.531508489480939,0.564488999308808
-0.02,0.125,-0.0275162763173573,0.123929753696739,-0.0075162763173573,-0.00107024630326075,0.00759209041229815,0.175971628466552,-0.0739075312143973,0.477945020102396,0.514647024877778
-0.02,0.14,-0.0265823694699116,0.138876288771812,-0.00658236946991159,-0.00112371122818822,0.00667759797852345,0.185540296059758,-0.0527676744567814,0.405613197060677,0.449146666045397
-0.02,0.155,-0.0252831748432519,0.153863867652946,-0.00528317484325186,-0.00113613234705387,0.00540395532313059,0.192732945054272,-0.0342113334344629,0.317576207282419,0.373057023183107
-0.02,0.17,-0.0237000872352858,0.168889576836592,-0.00370008723528582,-0.00111042316340784,0.00386311857837134,0.19740098746864,-0.019793328392717,0.21738953682406,0.294308217476573
-0.02,0.185,-0.0219207670380299,0.183949554085318,-0.00192076703802987,-0.00105044591468179,0.00218924247950146,0.199462277218473,-0.0106783756148717,0.109004809577535,0.227555145658397
-0.02,0.2,-0.0200375042060763,0.199039077522971,-3.75042060763139e-05,-0.000960922477028947,0.00096165408143098,0.198906266325804,-0.00757904134981912,-0.00334951188983985,0.199078888268058
-0.02,0.215,-0.018145361827683,0.21415269586217,0.00185463817231699,-0.000847304137830407,0.00203902110146017,0.195796178533476,-0.0107165571063013,-0.115304212547772,0.227477729741811
-0.02,0.23,-0.0163401833515579,0.229284393144569,0.00365981664844206,-0.0007156068554309,0.00372912202425093,0.190267973089037,-0.0198078404459189,-0.222494182110584,0.293424779754893
-0.02,0.245,-0.0147165589921181,0.244427778581662,0.0052834410078819,-0.000572221418337765,0.00531433779838774,0.182526118296924,-0.0340798654785339,-0.3207031380734,0.370578200374994
-0.02,0.26,-0.0133658503116436,0.259576290101559,0.00663414968835641,-0.000423709898440927,0.00664766667076172,0.172836434570518,-0.0523101759715691,-0.405999314073694,0.444348084577185
-0.02,0.275,-0.0123743667030796,0.274723399440613,0.00762563329692038,-0.000276600559387441,0.00763064814079081,0.161516486419413,-0.0728901388768446,-0.474854125594312,0.506841852560688
-0.02,0.29,-0.0118217747949666,0.289862806957736,0.00817822520503342,-0.000137193042263895,0.00817937585852915,0.148924165837863,-0.0939057756981878,-0.524237500773599,0.55301359231622
-0.02,0.305,-0.0117798026952994,0.304988615800143,0.00822019730470055,-1.13841998573561e-05,0.00822020518771963,0.13544520425684,-0.113229882835501,-0.551685757130008,0.579246443321358
-0.02,0.32,-0.0123112781024585,0.320095477392486,0.00768872189754147,9.54773924861929e-05,0.00768931468664208,0.121480368791582,-0.128618749384246,-0.555340312683166,0.582843079212705
-0.02,0.335,-0.0134695157634631,0.335178702958628,0.0065304842365369,0.000178702958628291,0.00653292883101289,0.107433049468946,-0.137807076774019,-0.533957839509946,0.561823952892032
-0.02,0.35,-0.0152980469283655,0.350234338771104,0.00470195307163448,0.000234338771103626,0.00470778900838762,0.0936978379121434,-0.138595576451086,-0.4868944438824,0.514835897660955
0,0.05,-0.00450987027035324,0.0500109037901898,-0.00450987027035324,1.0903790189809e-05,0.00450988345171541,0.00279567387289185,-0.144802973719345,0.521237625201868,0.540986647904542
0,0.065,-0.00632090206791219,0.0649058908917683,-0.00632090206791219,-9.41091082316825e-05,0.00632160260348504,0.00387052782144741,-0.140582408639735,0.560517489841896,0.577893659924199
0,0.08,-0.00748867126661526,0.0798297080720868,-0.00748867126661526,-0.000170291927913152,0.00749060723040138,0.00491525875896148,-0.128450271874045,0.574540448131395,0.588747321494363
0,0.095,-0.00804978334493195,0.0947826602538855,-0.00804978334493195,-0.000217339746114514,0.00805271683753905,0.00581577089363396,-0.110609605968899,0.564009155367393,0.574784660706766
0,0.11,-0.00805048726926441,0.109764332091002,-0.00805048726926441,-0.000235667908998122,0.00805393597167993,0.00647020149232259,-0.0893216589139871,0.530228587467451,0.53774036467573
0,0.125,-0.00754667249389773,0.124773517666507,-0.00754667249389773,-0.000226482333492983,0.00755007019686155,0.00679364108854005,-0.0668170932596442,0.475120685447506,0.479845484550067
0,0.14,-0.00660354380255884,0.139808177541214,-0.00660354380255884,-0.00019182245878635,0.00660632928395248,0.00672259651929939,-0.0452000640077017,0.401212681331977,0.403807540419102
0,0.155,-0.00529495004743499,0.15486542945425,-0.00529495004743499,-0.000134570545750251,0.00529665981884955,0.00621891516721911,-0.0263508045417697,0.311596557387999,0.312770998194628
0,0.17,-0.00370236298319258,0.16994157704643,-0.00370236298319258,-5.84229535698644e-05,0.00370282390896711,0.00527289355168629,-0.0118332271284941,0.209859103742605,0.21025870185216
0,0.185,-0.00191352567947877,0.185032178516472,-0.00191352567947877,3.21785164722754e-05,0.001913796222942,0.00390532448390362,-0.00281432118223427,0.0999843981014528,0.100100221654463
0,0.2,-2.08141368094442e-05,0.200132154011215,-2.08141368094442e-05,0.000132154011214997,0.000133783074308134,0.00216829483292562,-1.69499953992383e-06,-0.0137670306624416,0.0139367370925256
0,0.215,0.00188062178839266,0.215235927395483,0.00188062178839266,0.000235927395482505,0.0018953627744884,0.00014462849645841,-0.00360443290489193,-0.126995880881252,0.127047129948585
0,0.23,0.00369485391830585,0.230337595071439,0.00369485391830585,0.000337595071438573,0.00371024472371833,-0.00205403724956113,-0.0133206246917245,-0.235310452300963,0.235696299106536
0,0.245,0.00532721204950273,0.245431112143717,0.00532721204950273,0.000431112143717299,0.00534462776073579,-0.00429045177543136,-0.0283526752209598,-0.334472675103387,0.335700126523593
0,0.26,0.00668626183594583,0.260510484784101,0.00668626183594583,0.000510484784100984,0.00670572084519064,-0.00640604442506227,-0.0474491056217989,-0.420534787438849,0.42325261620691
0,0.275,0.00768563036677913,0.275569957336252,0.00768563036677913,0.000569957336252203,0.00770673507394054,-0.00822605364578274,-0.0689693284403955,-0.489958598489824,0.494858956421258
0,0.29,0.00824559829401988,0.2906041834149,0.00824559829401988,0.000604183414900011,0.00826770396332524,-0.00956518426841241,-0.0909661005020521,-0.539710993786995,0.547408951700563
0,0.305,0.00829439654177447,0.305608372037445,0.00829439654177447,0.000608372037444987,0.00831667785405598,-0.0102334658511608,-0.111279230691407,-0.567331578243688,0.578235028797875
0,0.32,0.00776916853007589,0.320578402289952,0.00776916853007589,0.000578402289951929,0.00779066934593834,-0.0100419987090662,-0.127633733126947,-0.570970798650457,0.585151126256009
0,0.335,0.00661658248897581,0.335510902807741,0.00661658248897581,0.00051090280774102,0.00663627798637,-0.00880830467419707,-0.13773593971393,-0.549399234003551,0.566472336069758
0,0.35,0.00479310126732499,0.350403295245533,0.00479310126732499,0.000403295245532731,0.00481003813019208,-0.00636106154564236,-0.139361992704972,-0.501990735453256,0.521017079558685
0.02,0.05,0.015563611088757,0.0501762501163562,-0.00443638891124296,0.000176250116356191,0.00443988858816469,-0.0961657857886437,-0.14398393811605,0.505639195359985,0.534464498353242
0.02,0.065,0.0137510151248714,0.0652344986555475,-0.00624898487512859,0.000234498655547533,0.00625338321143359,-0.111653553521063,-0.140679330561051,0.54455261377574,0.57340865315709
0.02,0.08,0.0125807754266596,0.080309048352742,-0.00741922457334038,0.000309048352741953,0.00742565849968811,-0.126230035617926,-0.129497822574568,0.558381548042964,0.58693839007355
0.02,0.095,0.0120162689808765,0.0953988196933817,-0.00798373101912353,0.000398819693381736,0.00799368614179618,-0.139784394352933,-0.112625660694261,0.547841826078488,0.576504715321207
0.02,0.11,0.0120112491485057,0.110502072000448,-0.00798875085149434,0.000502072000448356,0.00800451225627681,-0.152196818983371,-0.0923044712401369,0.514248272549685,0.544185169877463
0.02,0.125,0.0125098506657063,0.125616365226708,-0.00749014933429366,0.000616365226708132,0.00751546692779063,-0.163340607853106,-0.0707429205903798,0.459528552434282,0.492800875218537
0.02,0.14,0.013446915932818,0.140738549350156,-0.00655308406718201,0.000738549350156048,0.00659457094390307,-0.173084849938663,-0.0500214547258147,0.386210809830011,0.426169142687232
0.02,0.155,0.0147486663718549,0.155864786117941,-0.00525133362814507,0.000864786117940636,0.00532206350054846,-0.181297600930346,-0.0319957376711602,0.297382624000876,0.349756132552729
0.02,0.17,0.0163337225090831,0.17099060595201,-0.0036662774909169,0.000990605952010365,0.00379774812126374,-0.187849396027829,-0.0182052528294991,0.196620811803539,0.272541208828953
0.02,0.185,0.0181144532910817,0.186111000323576,-0.00188554670891828,0.00111100032357611,0.00218851733155093,-0.192616898527961,-0.0097937863815425,0.0878939485859481,0.2119494875567
0.02,0.2,0.0199986110624635,0.201220547033195,-1.38893753649395e-06,0.00122054703319457,0.00122054782347418,-0.195486459954592,-0.0074480583044056,-0.0245581061818568,0.197163811429484
0.02,0.215,0.0218911862748441,0.216313562918648,0.00189118627484408,0.00131356291864779,0.00230261439833184,-0.196357365718856,-0.0113595852296034,-0.136361212234913,0.239331817228314
0.02,0.23,0.0236963979845091,0.231384275982414,0.0036963979845091,0.00138427598241406,0.00394709742157086,-0.195144565436288,-0.0212130477912805,-0.243152370238456,0.312497539269677
0.02,0.245,0.0253197247375069,0.24642700703406,0.00531972473750686,0.00142700703406026,0.0055077963250378,-0.191780731454914,-0.0362022002407625,-0.340724590734831,0.39266308517247
0.02,0.26,0.0266698770636482,0.261436349983851,0.00666987706364824,0.00143634998385106,0.00682278252037172,-0.186217551811566,-0.0550719873098108,-0.425162289703357,0.467412114320574
0.02,0.275,0.0276606180587508,0.276407340137071,0.00766061805875083,0.00140734013707122,0.00778881732379641,-0.178426231532238,-0.0761833333546779,-0.49295924764404,0.529764702146345
0.02,0.29,0.02821235112577,0.291335600794919,0.00821235112577001,0.00133560079491871,0.00832024882418329,-0.168397243592174,-0.0975953206830904,-0.541112885623563,0.575055135788485
0.02,0.305,0.0282534132948136,0.306217460815898,0.00825341329481361,0.00121746081589763,0.008342723886912,-0.156139420541441,-0.117158373592738,-0.567190834972192,0.599845257454185
0.02,0.32,0.0277210350266585,0.321050038002616,0.00772103502665852,0.00105003800261588,0.00779210893724063,-0.141678529106531,-0.132611699081159,-0.569368207804825,0.601533164515474
0.02,0.335,0.0265619512512389,0.335831286354346,0.00656195125123893,0.000831286354346122,0.00661439651265013,-0.125055471084722,-0.141678567821429,-0.546436289316588,0.57819299782958
0.02,0.35,0.0247326709196709,0.350560007724886,0.00473267091967086,0.000560007724886014,0.00476568806006334,-0.106324271935043,-0.142153928137826,-0.497785343297497,0.528492969093394
0.04,0.05,0.0357809655194979,0.050313465635617,-0.00421903448050207,0.000313465635616961,0.00423066338206883,-0.186531708708464,-0.144568188829608,0.471110647334331,0.526916728126218
0.04,0.065,0.0339577406384071,0.065533872550131,-0.00604225936159286,0.000533872550131043,0.00606579904815021,-0.218157463735178,-0.144138640300107,0.510518194404575,0.573585391288898
0.04,0.08,0.0327746424839093,0.0807580192492178,-0.00722535751609071,0.000758019249217756,0.00726501097160309,-0.247940081392489,-0.135826179026859,0.525285508539658,0.596532576492536
0.04,0.095,0.0321950434089622,0.0959834493827969,-0.0078049565910378,0.00098344938279693,0.00786667147378789,-0.275550691035231,-0.121757550000052,0.516142767107561,0.597628378258176
0.04,0.11,0.0321727418578171,0.111207106803248,-0.00782725814218285,0.0012071068032479,0.00791979020295457,-0.300655166060093,-0.104110316076029,0.48440777102182,0.579556933621572
0.04,0.125,0.032651971411529,0.126425329528368,-0.007348028588471,0.00142532952836771,0.00748499087517307,-0.322922776336666,-0.0850267268098557,0.431998321102904,0.546015997445345
0.04,0.14,0.0335677289444973,0.141633871381069,-0.00643227105550268,0.00163387138106932,0.00663653875309524,-0.342035734519407,-0.0665211099922562,0.361418942854669,0.502034626839885
0.04,0.155,0.034846445256419,0.156827954540514,-0.00515355474358103,0.00182795454051426,0.00546813901590599,-0.357699159770156,-0.0503862581620514,0.275719632483708,0.454433561937461
0.04,0.17,0.036407001564299,0.172002354224904,-0.003592998435701,0.00200235422490383,0.00411327852216939,-0.369650885343292,-0.0381050738036626,0.178426260630159,0.412226196626892
0.04,0.185,0.0381620723579189,0.187151514230493,-0.0018379276420811,0.00215151423049301,0.00282966278936903,-0.377670487609235,-0.0307739552414904,0.0734445392629908,0.385974995653458
0.04,0.2,0.0400197512506984,0.202269689408396,1.97512506984325e-05,0.00226968940839631,0.00226977534626018,-0.38158692601939,-0.029043941923488,-0.0350582096039599,0.384293851592999
0.04,0.215,0.0418853943951475,0.21735110853268,0.00188539439514749,0.00235110853268028,0.00301370591758645,-0.381284260109039,-0.0330844772878371,-0.142787150792783,0.408486409632417
0.04,0.23,0.0436635982067273,0.232390148932754,0.00366359820672729,0.00239014893275413,0.00437433009054885,-0.376705050656569,-0.0425728876902311,-0.245461995288674,0.451632365102058
0.04,0.245,0.0452602168141745,0.247381512816976,0.00526021681417455,0.00238151281697588,0.00577420853706765,-0.367851232918939,-0.0567105171031191,-0.338958311558881,0.503413328785791
0.04,0.26,0.0465843214520245,0.262320394824958,0.00658432145202452,0.00232039482495824,0.00698122633405359,-0.354782462481721,-0.0742641747852501,-0.419439446218454,0.554362345240352
0.04,0.275,0.0475500089711991,0.277202630910135,0.0075500089711991,0.00220263091013542,0.00786474528458938,-0.337612129407144,-0.0936294421493373,-0.483471354743433,0.597073026812183
0.04,0.29,0.0480779794659714,0.292024820135181,0.00807797946597141,0.00202482013518124,0.00832788381478099,-0.316501417593272,-0.112910713145909,-0.528114310902515,0.625963736333514
0.04,0.305,0.0480968218156437,0.306784413429105,0.0080968218156437,0.00178441342910499,0.0082911190318469,-0.291651902839549,-0.130011794106279,-0.550987621839965,0.636832343405389
0.04,0.32,0.0475439684106463,0.321479765773505,0.00754396841064631,0.00147976577350514,0.00768772828118077,-0.263297247691273,-0.142730544193787,-0.550305818181073,0.626528414227818
0.04,0.335,0.0463663038581135,0.336110151425953,0.00636630385811354,0.00111015142595336,0.00646237270686067,-0.231694560514129,-0.148851366057636,-0.524887033725513,0.592746683126305
0.04,0.35,0.0445204347475615,0.350675744162526,0.00452043474756147,0.000675744162526304,0.00457066302413004,-0.197115923364104,-0.146230230816225,-0.474136183047854,0.53389619800893
0.06,0.05,0.0561397616182167,0.0503939822992819,-0.00386023838178326,0.00039398229928192,0.00388029153754458,-0.25958674951429,-0.145027907209512,0.419127147761597,0.513894649489011
0.06,0.065,0.0542968571027611,0.0657744899376788,-0.00570314289723894,0.000774489937678813,0.0057554907323262,-0.306420847163524,-0.149269958244646,0.459887181327432,0.572428337110148
0.06,0.08,0.0530905492352133,0.0811461990281489,-0.00690945076478669,0.00114619902814894,0.00700387621843369,-0.350510599452781,-0.145581337811819,0.476706090591331,0.609347029822717
0.06,0.095,0.0524842199431825,0.0965052969811017,-0.00751578005681752,0.00150529698110174,0.00766504200013086,-0.391324783384365,-0.135989970672265,0.470328317823266,0.626770294629809
0.06,0.11,0.05243175620094,0.111847434922056,-0.00756824379905996,0.00184743492205619,0.00779046404222767,-0.428331254198343,-0.12256868361726,0.442067034200702,0.6276288291896
0.06,0.125,0.0528775650585994,0.127167753435793,-0.00712243494140061,0.00216775343579259,0.00744501406666736,-0.461011608445771,-0.107352899009505,0.39381449895306,0.615751457002023
0.06,0.14,0.0537569043298779,0.142460935939276,-0.00624309567012209,0.0024609359392761,0.00671062212045336,-0.488876952307211,-0.0922524861659627,0.328027726899421,0.595916593596596
0.06,0.155,0.0549965516216842,0.15772129136814,-0.00500344837831583,0.00272129136813962,0.00569560553275791,-0.511483963925192,-0.0789629793444959,0.247687361196186,0.573761951864745
0.06,0.17,0.0565158147675879,0.172942865817311,-0.00348418523241215,0.00294286581731126,0.00456070235297788,-0.528450312235885,-0.0688820836182798,0.156229520715607,0.555350836561887
0.06,0.185,0.0582278640860749,0.188119580355091,-0.00177213591392505,0.00311958035509141,0.00358779142221162,-0.539468435457314,-0.0630375608609984,0.0574525455512353,0.546171200974413
0.06,0.2,0.0600413435295003,0.203245389736151,4.13435295002601e-05,0.00324538973615143,0.00324565306632557,-0.54431674138616,-0.0620321233969181,-0.0445972399035891,0.549654373328325
0.06,0.215,0.0618621960333859,0.218314454508792,0.00186219603338594,0.00331445450879153,0.00380176048135687,-0.542867432045108,-0.0660098494220912,-0.145754664531383,0.565958810912667
0.06,0.23,0.0635956209412071,0.233321317301967,0.00359562094120715,0.00332131730196683,0.00489485838132132,-0.535090399478713,-0.0746469700806293,-0.241872207862869,0.591945257109501
0.06,0.245,0.0651480702370465,0.248261073135301,0.00514807023704648,0.003261073135301,0.00609403192962965,-0.521052948294438,-0.0871678511791416,-0.328955580680226,0.622342342443119
0.06,0.26,0.0664291872703142,0.263129523727286,0.00642918727031423,0.00312952372728645,0.00715041031804605,-0.500915420938231,-0.102384855222426,-0.40329018917142,0.651188497095723
0.06,0.275,0.0673535964241637,0.277923306706444,0.00735359642416369,0.00292330670644445,0.00791334963649504,-0.474923137332177,-0.118758802959456,-0.461551196970793,0.672822672866558
0.06,0.29,0.0678424649641379,0.292639992618088,0.00784246496413793,0.00263999261808828,0.00827489079911581,-0.443395307244653,-0.134475192858062,-0.500891469744104,0.682334773379724
0.06,0.305,0.0678247765767218,0.307278145088442,0.00782477657672184,0.00227814508844212,0.00814966708029278,-0.406711767028372,-0.147530363946268,-0.51900373695967,0.675684719247624
0.06,0.32,0.0672382784055403,0.32183734229913,0.00723827840554031,0.00183734229913038,0.00746783107738016,-0.365298473218795,-0.15582146463652,-0.514155505161142,0.649679697438418
0.06,0.335,0.0660300863763679,0.336318160837892,0.00603008637636793,0.0013181608378923,0.00617247840830659,-0.319612671051432,-0.157234395261805,-0.485197383362832,0.601909251718156
0.06,0.35,0.0641569556243239,0.350722125282421,0.00415695562432389,0.000722125282420605,0.00421921141756479,-0.270128568654103,-0.149724711255065,-0.431547282400053,0.530680697782703
0.08,0.05,0.0766365428151198,0.0503897384851059,-0.00336345718488024,0.000389738485105928,0.00338596224451708,-0.307484482290609,-0.142833730525261,0.351738638095284,0.488538327003186
0.08,0.065,0.0747649496441727,0.0659273656282264,-0.00523505035582728,0.000927365628226429,0.00531655520393263,-0.368160662784708,-0.153285440750533,0.394687610244783,0.561087805571288
0.08,0.08,0.0735251575807094,0.0814437342256789,-0.00647484241929061,0.00144373422567889,0.00663384902368465,-0.425242174731073,-0.155717599316061,0.414622548065201,0.613998650700072
0.08,0.095,0.0728805741331669,0.0969337086104781,-0.00711942586683315,0.00193370861047815,0.00737736088744276,-0.478018510081278,-0.152025558855055,0.412300487448593,0.649314770139632
0.08,0.11,0.0727852190760059,0.112391682282334,-0.00721478092399408,0.00239168228233383,0.00760086889249238,-0.52578324218236,-0.144142822895595,0.389021662509482,0.669752292112195
0.08,0.125,0.0731837472478469,0.127811634688697,-0.00681625275215313,0.00281163468869722,0.00737337041005811,-0.567853865191172,-0.133963937006835,0.346637456932088,0.678651058961311
0.08,0.14,0.0740117823053347,0.143187215364131,-0.0059882176946653,0.00318721536413141,0.00678358997405194,-0.603592849741066,-0.12326230815429,0.287534982674481,0.679852714947488
0.08,0.155,0.0751965832644511,0.158511855674428,-0.00480341673554892,0.00351185567442813,0.00595028928820814,-0.632428823541705,-0.113607798203148,0.2145964492567,0.677443673765927
0.08,0.17,0.076658046396823,0.173778906226796,-0.00334195360317704,0.00377890622679639,0.00504467899441664,-0.653876635156467,-0.106289555515841,0.131133248306292,0.675317208463857
0.08,0.185,0.0783100229139653,0.188981795725131,-0.00168997708603466,0.00398179572513124,0.00432558894810818,-0.667555020631276,-0.102249668442019,0.0407966676912759,0.676575485398973
0.08,0.2,0.0800619100166845,0.204114204753601,6.19100166844918e-05,0.00411420475360114,0.00411467053416432,-0.673200665966455,-0.102032764371149,-0.0525308275325063,0.682916415682408
0.08,0.215,0.0818204516966013,0.219170246047771,0.00182045169660125,0.00417024604777133,0.00455027433003888,-0.670677672664751,-0.105755637255486,-0.144858016104516,0.694249621743365
0.08,0.23,0.0834916686481803,0.234144641570162,0.0034916686481803,0.00414464157016192,0.00541939145050434,-0.659981758331712,-0.113099452578238,-0.232213995973738,0.708729251576839
0.08,0.245,0.084982825837479,0.249032886211753,0.00498282583747899,0.00403288621175263,0.0064103607171198,-0.641238920380002,-0.123325224199587,-0.310776202526304,0.723177194771217
0.08,0.26,0.0862043433644872,0.263831388552913,0.00620434336448721,0.00383138855291326,0.00729201034200111,-0.614698724973686,-0.13531131385982,-0.376989761381265,0.733684066712566
0.08,0.275,0.0870715607724228,0.278537580443014,0.00707156077242276,0.00353758044301367,0.00790705047086846,-0.580722788645249,-0.147609915515403,-0.427671407412485,0.736164337979994
0.08,0.29,0.0875062777127604,0.293149989557975,0.00750627771276036,0.00314998955797469,0.00814043237896074,-0.539769352767308,-0.15851807157502,-0.460092664267421,0.726753929705819
0.08,0.305,0.0874380114502185,0.307668271635029,0.0074380114502185,0.00266827163502925,0.00790213185487835,-0.492375081200269,-0.166157880327592,-0.472038855509197,0.702045945303337
0.08,0.32,0.0868049336476164,0.322093202116286,0.00680493364761645,0.002093202116286,0.00711959388224403,-0.439135313384129,-0.168560258538062,-0.461842565117368,0.659208413767088
0.08,0.335,0.0855544713213199,0.336426629662372,0.00555447132131986,0.00142662966237228,0.0057347557797107,-0.380683983370129,-0.163746892949479,-0.428392118056829,0.59603385028519
0.08,0.35,0.0836435782711305,0.350671396221308,0.00364357827113046,0.000671396221308018,0.00370492044500833,-0.317674289339738,-0.14980575058662,-0.371117321479725,0.510968212047399
0.1,0.05,0.0972668905117156,0.0502734437188036,-0.0027331094882844,0.000273443718803612,0.00274675425589974,-0.323624173528182,-0.134675895232613,0.271443724962122,0.443342845842503
0.1,0.065,0.0953576699079211,0.0659643312633956,-0.00464233009207893,0.000964331263395568,0.00474143052984894,-0.396434375563484,-0.152545853345286,0.317376057002056,0.530245244906635
0.1,0.08,0.0940742361632277,0.0816216330933918,-0.00592576383677235,0.00162163309339175,0.0061436447601389,-0.464868970415786,-0.16226888429565,0.341414798183658,0.599167494545557
0.1,0.095,0.093380040559626,0.097238935461717,-0.00661995944037397,0.002238935461717,0.00698832562163,-0.528066695433856,-0.165581166781974,0.344326224763716,0.651794974101143
0.1,0.11,0.093229280829889,0.1128094209585,-0.00677071917011099,0.0028094209585004,0.00733044911329243,-0.585175957381065,-0.16425001444907,0.327388797554249,0.690360890496295
0.1,0.125,0.0935669333051074,0.128325955163495,-0.00643306669489264,0.00332595516349499,0.00724198348869396,-0.635378828977703,-0.160003025299228,0.292398506399897,0.717503197667105
0.1,0.14,0.0943290901257992,0.143781200238852,-0.00567090987420082,0.00378120023885181,0.00681591476234859,-0.677916262266842,-0.154452996456229,0.241652438778576,0.736090714744814
0.1,0.155,0.0954436223423381,0.159167754240009,-0.00455637765766186,0.00416775424000904,0.00617501034528311,-0.712113216919436,-0.149023017198126,0.177909042978918,0.748981114074817
0.1,0.17,0.0968311708777056,0.174478312772779,-0.0031688291222944,0.0044783127727786,0.00548605170383338,-0.737402243108365,-0.144876664148432,0.104325153015106,0.758711714090173
0.1,0.185,0.0984064458005933,0.18970584737959,-0.00159355419940675,0.00470584737959046,0.00496834122685281,-0.753344029580569,-0.142858293385325,0.024371663553188,0.76716262262099
0.1,0.2,0.100079792176342,0.204843792992143,7.97921763420586e-05,0.00484379299214266,0.00484445015890717,-0.759643535125344,-0.143447978938226,-0.0582684436520241,0.775267698810408
0.1,0.215,0.101758960186459,0.219886235214413,0.00175896018645883,0.00488623521441323,0.00519319126434981,-0.756160581390566,-0.146734695262163,-0.139814427550715,0.782858546883403
0.1,0.23,0.103351000753465,0.2348280873098,0.00335100075346528,0.00482808730979994,0.00587704288913873,-0.742914165980259,-0.152409962527637,-0.216507997999317,0.788692455856763
0.1,0.245,0.104764197460358,0.24966524679289,0.00476419746035811,0.00466524679288988,0.00666799108276638,-0.72008022189113,-0.159782520965512,-0.284732376384155,0.790650634647736
0.1,0.26,0.105909942763753,0.264394722532421,0.00590994276375323,0.00439472253242101,0.00736484959845129,-0.687983043613218,-0.167812875341104,-0.341123270473675,0.786038552228263
0.1,0.275,0.106704470875375,0.279014725059472,0.00670447087537457,0.00401472505947226,0.00781459832761098,-0.647081068580965,-0.175164967049077,-0.382665600816757,0.771905855134486
0.1,0.29,0.107070372119965,0.293524715297562,0.00707037211996545,0.00352471529756176,0.00790023922698867,-0.597948084926642,-0.180270978077045,-0.406771137471971,0.745325519198968
0.1,0.305,0.106937830608084,0.307925409928563,0.00693783060808373,0.00292540992856261,0.00752937691954627,-0.541251194154016,-0.181404479938061,-0.411333894791435,0.703606591042503
0.1,0.32,0.10624554833613,0.322218744475231,0.00624554833612953,0.00221874447523085,0.00662794848088741,-0.477726975348253,-0.17675687096266,-0.394761977356817,0.644443520824856
0.1,0.335,0.10494134075201,0.336407797859735,0.00494134075201039,0.00140779785973505,0.00513797073185058,-0.408157270798435,-0.164512273265275,-0.355986339128468,0.566026081613674
0.1,0.35,0.102982409520125,0.350496684479312,0.00298240952012496,0.000496684479311782,0.00302348507813768,-0.333345870367491,-0.142916703480836,-0.294448439955007,0.467167792472228
0.12,0.05,0.118025503766903,0.0500188264015475,-0.00197449623309745,1.88264015475448e-05,0.00197458598392454,-0.302912362596307,-0.1167416473121,0.181040136623934,0.371699512043143
0.12,0.065,0.116069816616987,0.0658582962902198,-0.00393018338301312,0.000858296290219773,0.00402281169655224,-0.385916669523736,-0.142867844289135,0.230688685652757,0.471764161243734
0.12,0.08,0.114732740796094,0.0816520392127162,-0.005267259203906,0.00165203921271617,0.00552025842524463,-0.46384969171831,-0.160686025148085,0.25971771628095,0.555366763674365
0.12,0.095,0.113977792031692,0.0973924192248599,-0.00602220796830821,0.00239241922485989,0.00648001995066637,-0.535731195964205,-0.171754602122439,0.268897837554859,0.623552277160905
0.12,0.11,0.113759392066932,0.113071465310692,-0.00624060793306824,0.00307146531069152,0.00695550763992504,-0.600596596002743,-0.177656385555548,0.259476676463263,0.677946583747115
0.12,0.125,0.114022911459936,0.128680986414784,-0.0059770885400639,0.00368098641478443,0.00701963306744667,-0.657523989732505,-0.179934700102413,0.233181595225332,0.720482331400542
0.12,0.14,0.114705010510525,0.144212712796419,-0.00529498948947488,0.0042127127964191,0.00676637737631908,-0.705662313094222,-0.180026108971601,0.192202439213049,0.753205581319051
0.12,0.155,0.115734297900415,0.159658461102069,-0.00426570209958464,0.00465846110206886,0.00631644474699885,-0.744259174126731,-0.179193679049605,0.139153083333339,0.778077745046092
0.12,0.17,0.117032308392452,0.175010318424344,-0.00296769160754817,0.00501031842434418,0.00582327091855038,-0.77268676994305,-0.178465127716058,0.0770119907689201,0.796765789549782
0.12,0.185,0.118514780087783,0.190260838469255,-0.00148521991221704,0.00526083846925529,0.00546647048718296,-0.790464278819719,-0.178580215622859,0.00904360849746715,0.810442723153536
0.12,0.2,0.120093190293254,0.205403241126753,9.31902932539231e-05,0.00540324112675328,0.00540404469861184,-0.797275251925363,-0.179951329814098,-0.061295976469397,0.819633431231838
0.12,0.215,0.1216764892923,0.220431605506385,0.00167648929230031,0.00543160550638527,0.00568444849780455,-0.79297882301023,-0.182640350832676,-0.130464306494163,0.824139282643628
0.12,0.23,0.123172955403579,0.235341045977511,0.00317295540357889,0.00534104597751117,0.00621244059343739,-0.77761396335364,-0.186353685065978,-0.194942923172103,0.823058663990521
0.12,0.245,0.124492084864675,0.250127861277111,0.00449208486467466,0.00512786127711096,0.00681716859911306,-0.751396519067158,-0.190455907254317,-0.251346528175384,0.814896590112518
0.12,0.26,0.125546427090792,0.264789648036392,0.00554642709079164,0.00478964803639209,0.00732827276962192,-0.714709296675613,-0.194000963950665,-0.296524737691323,0.797736142580871
0.12,0.275,0.126253280562814,0.279325372360633,0.00625328056281388,0.00432537236063335,0.00760344421005355,-0.66808595797271,-0.195778518910859,-0.327650914264672,0.769436218728241
0.12,0.29,0.126536176149022,0.293735395770747,0.00653617614902247,0.00373539577074677,0.00752826541875106,-0.612189895142941,-0.19437193625181,-0.342293727488043,0.727824866608474
0.12,0.305,0.126326091387157,0.308021455042641,0.00632609138715706,0.00302145504264067,0.00701060787759247,-0.547789530614215,-0.18822370779701,-0.338468592804697,0.670870825333103
0.12,0.32,0.125562359625358,0.322186598286599,0.00556235962535831,0.00218659828659939,0.00597670951852068,-0.47573161698169,-0.175703886671365,-0.314667755723746,0.596834520329772
0.12,0.335,0.124193259187702,0.33623508235607,0.00419325918770161,0.00123508235607001,0.00437136718218905,-0.396914083900152,-0.15517727380012,-0.269869370426934,0.50443225209035
0.12,0.35,0.122176287705851,0.35017223867572,0.00217628770585082,0.00017223867571986,0.00218309283816588,-0.312259831615413,-0.125065648592216,-0.203527281184843,0.393155922740543
0.14,0.05,0.138906292897622,0.0496008594205152,-0.00109370710237849,-0.000399140579484758,0.00116426304071915,-0.241895575342454,-0.0850145650636096,0.0834677646827523,0.269644112824583
0.14,0.065,0.136895429887224,0.0655834850424339,-0.00310457011277593,0.000583485042433884,0.00315892551034139,-0.333035469887692,-0.119853805538915,0.137486087690327,0.37971108874046
0.14,0.08,0.135494908312377,0.0815084794554987,-0.004505091687623,0.0015084794554987,0.00475093268543678,-0.418506126739035,-0.146197070005418,0.172270575617878,0.475604259293943
0.14,0.095,0.134668331675609,0.0973670501304839,-0.00533166832439105,0.00236705013048388,0.00583349067381946,-0.497241175943989,-0.165414553952513,0.188590038983505,0.556937525051966
0.14,0.11,0.134370392566678,0.113150139127177,-0.0056296074333223,0.00315013912717715,0.00645103529473295,-0.568195983770894,-0.178894839335167,0.187652371946931,0.624553692291756
0.14,0.125,0.134546927185254,0.128848564721228,-0.00545307281474615,0.00384856472122802,0.00667438787728166,-0.630376605298831,-0.187988334329282,0.171104789348301,0.679703277477637
0.14,0.14,0.135135260009944,0.14445318851298,-0.00486473999005577,0.00445318851297949,0.00659519393975494,-0.682869680707966,-0.193948115695744,0.141016016733894,0.72375365601776
0.14,0.155,0.136064856937398,0.15995510417241,-0.00393514306260223,0.00495510417240957,0.00632759103313237,-0.724871764403002,-0.197871607371461,0.0998394928195361,0.758003002872166
0.14,0.17,0.13725828748646,0.175345841809788,-0.00274171251353971,0.00534584180978787,0.00600791246292556,-0.75571643956813,-0.200646842235113,0.0503579131624842,0.783525353074053
0.14,0.185,0.138632476661452,0.190617579968895,-0.00136752333854827,0.00561757996889539,0.00578163686064846,-0.774897570822985,-0.202907038768036,-0.00438913900712059,0.801041339741634
0.14,0.2,0.140100206470574,0.20576335563543,0.000100206470573709,0.00576335563543046,0.00576422670591579,-0.78208720415643,-0.204996836288836,-0.0611913660522345,0.810826401260077
0.14,0.215,0.141571808169942,0.220777261716155,0.0015718081699416,0.00577726171615506,0.00598726430517695,-0.777146923908577,-0.20695278695396,-0.116763421053964,0.812669407488221
0.14,0.23,0.142956971124344,0.23565462132062,0.00295697112434423,0.00565462132061995,0.00638109869143357,-0.760131912409734,-0.208499663482109,-0.167844910026191,0.805887867379598
0.14,0.245,0.144166584785421,0.250392129080835,0.0041665847854211,0.00539212908083481,0.00681435872246883,-0.73128746376782,-0.209062916984473,-0.211299168974051,0.789395879044691
0.14,0.26,0.145114527459312,0.264987951388865,0.00511452745931201,0.00498795138886465,0.00714409197797267,-0.691038245025531,-0.207796355243073,-0.244205363158681,0.761812306721083
0.14,0.275,0.145719320051815,0.279441780016098,0.00571932005181537,0.00444178001609846,0.00724154897563422,-0.639971096750752,-0.203622953367802,-0.263939057289273,0.721592696869658
0.14,0.29,0.145905574127724,0.293754836573718,0.00590557412772377,0.0037548365737185,0.00699818572727064,-0.578812580534758,-0.195285789039876,-0.268237409068045,0.667170802605964
0.14,0.305,0.14560517952378,0.30792982842206,0.00560517952377959,0.0029298284220603,0.00632470806255201,-0.508402756572388,-0.181405503570191,-0.255246435600428,0.597105760598579
0.14,0.32,0.144758196427157,0.321970859659324,0.00475819642715747,0.00197085965932436,0.00515021563006504,-0.429666814447774,-0.160540475100496,-0.223549213751766,0.510257569618642
0.14,0.335,0.143313437133822,0.335883303388738,0.0033134371338219,0.000883303388737489,0.00342915303192275,-0.343586154588129,-0.131246030111381,-0.172175242162895,0.406105861205187
0.14,0.35,0.141228742093437,0.349673643363558,0.00122874209343704,-0.000326356636441705,0.00127134408652166,-0.251170377523511,-0.0921294690435709,-0.100592395728083,0.285820568021924
0.16,0.05,0.15990248393732,0.0489959594221416,-9.75160626799365e-05,-0.00100404057785841,0.00100876501945044,-0.138767543758151,-0.0355626741168154,-0.0183407381332292,0.144421358213119
0.16,0.065,0.157827896184995,0.0651156454028274,-0.00217210381500524,0.000115645402827436,0.00217518018618123,-0.235971950588164,-0.0792074356044137,0.040606863158347,0.252201505455521
0.16,0.08,0.156354360666891,0.0811660814844947,-0.00364563933310888,0.00116608148449471,0.00382758829755656,-0.327015373936525,-0.114149934314132,0.0817762592691498,0.355889064314777
0.16,0.095,0.15544559469472,0.0971373925618563,-0.00455440530527995,0.0021373925618563,0.00503100930711133,-0.410777215168589,-0.141569333716334,0.105927563217131,0.447215228726931
0.16,0.11,0.155056609181108,0.113019508469142,-0.00494339081889192,0.00301950846914151,0.00579262843478867,-0.486164501170868,-0.162658206087505,0.114220617050944,0.525225566149603
0.16,0.125,0.155133775620903,0.128802330135456,-0.00486622437909655,0.00380233013545556,0.00617558532988631,-0.552141700869695,-0.178573329898418,0.108213019162566,0.590306726935035
0.16,0.14,0.155615174409855,0.144475920208989,-0.00438482559014484,0.00447592020898868,0.00626582454057105,-0.607761258618457,-0.19038459697935,0.0898420692789337,0.643192027393405
0.16,0.155,0.156431241350257,0.160030713139069,-0.0035687586497429,0.00503071313906944,0.00616799100094356,-0.652193328649882,-0.199024970504897,0.0613899490255009,0.684646901797496
0.16,0.17,0.157505712260482,0.175457737576368,-0.00249428773951837,0.00545773757636753,0.00600069752445545,-0.68475307561775,-0.205244664091234,0.0254325621899143,0.715308050891768
0.16,0.185,0.158756846349299,0.190748842096811,-0.00124315365070083,0.00574884209681131,0.00588171883494278,-0.70492392664854,-0.209572668224659,-0.015226331559159,0.735579851912289
0.16,0.2,0.160098889455368,0.205896913879835,9.88894553677037e-05,0.00589691387983543,0.0058977429946191,-0.712375327994945,-0.2122884006098,-0.0576328976478489,0.745569827461521
0.16,0.215,0.161443720144248,0.220896079293694,0.00144372014424812,0.00589607929369429,0.00607026184710663,-0.706973861306456,-0.213405616268088,-0.0987691270510396,0.745061850109807
0.16,0.23,0.162702607405266,0.235741875662726,0.00270260740526641,0.00574187566272599,0.00634611872826264,-0.688787003775279,-0.212669839018468,-0.135642354295313,0.733527228131422
0.16,0.245,0.163787999568698,0.25043138460081,0.00378799956869773,0.00543138460080994,0.00662184864024915,-0.658079312751228,-0.209569555326247,-0.165373568814407,0.710170862913676
0.16,0.26,0.1646152616366,0.264963319361945,0.00461526163660014,0.00496331936194461,0.00677754963559303,-0.615301333558096,-0.203360361468847,-0.185279796748552,0.674006683599936
0.16,0.275,0.16510428242815,0.279338061553357,0.00510428242814953,0.00433806155335681,0.00669869219676711,-0.561072023253133,-0.193100297803796,-0.1929463426871,0.623956472069637
0.16,0.29,0.165180883554524,0.293557645546488,0.00518088355452426,0.00355764554648774,0.00628477495539689,-0.496155871412949,-0.177693835577236,-0.186285540272104,0.558972744096175
0.16,0.305,0.164777977458148,0.307625692338031,0.00477797745814787,0.00262569233803073,0.0054519105682836,-0.421436184702584,-0.155941490015226,-0.163579760625677,0.478211116267415
0.16,0.32,0.163836440477735,0.321547297599123,0.00383644047773524,0.00154729759912309,0.00413671432412941,-0.33788613140166,-0.126591841031496,-0.123507626953067,0.381375409455839
0.16,0.335,0.162305686246364,0.335328881023163,0.00230568624636426,0.000328881023162642,0.00232902378563849,-0.246539132617679,-0.0883928486536886,-0.0651535626842309,0.269888793802023
0.16,0.35,0.160143943433433,0.348978006014867,0.000143943433432658,-0.00102199398513303,0.00103208111002792,-0.148460055179827,-0.0401397093595051,0.0119981629725655,0.154258077710594
0.18,0.05,0.181006730712134,0.0481821564913054,0.00100673071213425,-0.00181784350869463,0.00207799464601272,0.00673177160326814,0.0352115736057521,-0.121589871357106,0.126764644265491
0.18,0.065,0.178860060560552,0.0644322256177112,-0.00113993943944832,-0.000567774382288833,0.00127351076744298,-0.0945444282526241,-0.0170054084411908,-0.0572583500686941,0.111831817714458
0.18,0.08,0.177304215879579,0.080601757171541,-0.00269578412042085,0.00060175717154104,0.00276213028610424,-0.189278338868934,-0.0603051815488156,-0.00921852808107358,0.198866853568555
0.18,0.095,0.176303056451699,0.0966798744521019,-0.00369694354830064,0.00167987445210194,0.00406071050114958,-0.276324534826085,-0.0956797085380576,0.0232738515728822,0.293345726593636
0.18,0.11,0.175811959357603,0.112655576299606,-0.00418804064239688,0.00265557629960622,0.0049590089640369,-0.354570607980035,-0.124130575582214,0.0413232213852373,0.377937617037397
0.18,0.125,0.175777898888059,0.128517925514351,-0.00422210111194107,0.00351792551435121,0.0054956289652757,-0.42296692360316,-0.146626910002197,0.0463903631433553,0.450059525480489
0.18,0.14,0.176139798184784,0.144256260558358,-0.00386020181521558,0.00425626055835815,0.00574603445820062,-0.480556844461805,-0.16406200549719,0.0402744338410434,0.50938684858635
0.18,0.155,0.176829168003488,0.159860424464814,-0.00317083199651187,0.00486042446481361,0.00580326645332283,-0.526505950814283,-0.177211127694745,0.0250803820743056,0.556096891889218
0.18,0.17,0.177771031717039,0.175321002857463,-0.00222896828296055,0.00532100285746334,0.00576900086805134,-0.560128691196649,-0.186693134651343,0.00317225024629636,0.590433421651643
0.18,0.185,0.178885117448858,0.190629561217031,-0.00111488255114248,0.00562956121703112,0.00573889559054204,-0.580910934904727,-0.192938481578912,-0.0228861391873196,0.612543974793783
0.18,0.2,0.180087279539427,0.205778870397643,8.72795394268836e-05,0.00577887039764274,0.0057795294610162,-0.588527066938368,-0.196165871532669,-0.0504006348886261,0.622405969732601
0.18,0.215,0.181291094526262,0.220763109024047,0.00129109452626239,0.0057631090240472,0.00590595891441847,-0.582850562305312,-0.196369273289638,-0.076623051017045,0.619798763694753
0.18,0.23,0.182409563363058,0.235578032013654,0.00240956336305834,0.00557803201365364,0.00607621895144817,-0.563957382316996,-0.193316305503577,-0.0988304317544717,0.6043094924628
0.18,0.245,0.18335684285528,0.250221095816583,0.00335684285528033,0.00522109581658337,0.00620711168588023,-0.532122004241749,-0.186558151328016,-0.114403152484236,0.575368259912993
0.18,0.26,0.184049927356391,0.264691533494052,0.00404992735639075,0.00469153349405199,0.00619777364203097,-0.487806378984164,-0.17545031184436,-0.120897824773808,0.532312124129922
0.18,0.275,0.184410205423042,0.278990375624883,0.00441020542304202,0.00399037562488336,0.00594752129051191,-0.431642574659773,-0.159182728722652,-0.116111398576542,0.474486666763022
0.18,0.29,0.184364826433877,0.293120416343028,0.00436482643387658,0.00312041634302784,0.00536551096837039,-0.364410229742464,-0.136817179748985,-0.0981335828835205,0.401428219592703
0.18,0.305,0.183847826493924,0.307086127225613,0.00384782649392351,0.0020861272256128,0.00437695048278852,-0.287010207426547,-0.107329443697687,-0.0653856150124019,0.31332090888449
0.18,0.32,0.182800980709935,0.320893524672806,0.00280098070993456,0.000893524672805679,0.00294004749593234,-0.200435973503696,-0.0696535669105179,-0.0166444261268518,0.212845690292195
0.18,0.335,0.181174367335169,0.334549998770975,0.00117436733516912,-0.00045000122902461,0.00125763259501171,-0.105744217936215,-0.0227256364188244,0.0489477635938382,0.118718923433563
0.18,0.35,0.178926647042867,0.348064113391966,-0.00107335295713268,-0.00193588660803429,0.00221353643063582,-0.00402612770890768,0.0344752515958209,0.131887490178146,0.13637841297023
0.2,0.05,0.202211231203256,0.047139232038763,0.00221123120325567,-0.00286076796123702,0.00361573460894073,0.193499100431577,0.1303772925946,-0.223723993261269,0.32325352685431
0.2,0.065,0.199984342785343,0.0635125169662198,-1.56572146567391e-05,-0.00148748303378016,0.00148756543525138,0.0899944167975082,0.070094005960695,-0.153665048588947,0.191376973371029
0.2,0.08,0.198337202415448,0.0797943495868665,-0.00166279758455234,-0.000205650413133474,0.0016754664722444,-0.00669715970014334,0.0189414467000156,-0.098415221160317,0.100444953526087
0.2,0.095,0.197233843439049,0.0959729380509794,-0.00276615656095108,0.000972938050979422,0.00293227395901822,-0.0954311645876298,-0.0238943413774342,-0.0572530434640316,0.113824259149741
0.2,0.11,0.196630057015543,0.112036436437623,-0.00336994298445698,0.0020364364376233,0.00393745972461569,-0.175100798668243,-0.0592343657077615,-0.0291355798145938,0.187130737490109
0.2,0.125,0.196473485120691,0.127973153021933,-0.0035265148793092,0.00297315302193313,0.00461258561826437,-0.24466586224705,-0.0878712766243336,-0.0127037129869105,0.260277248771381
0.2,0.14,0.196703975043394,0.143771780466851,-0.00329602495660562,0.00377178046685128,0.00500900273554407,-0.303181910863543,-0.110533147745761,-0.00629972944214283,0.322764325651466
0.2,0.155,0.197254209229357,0.159421640962556,-0.00274579077064298,0.00442164096255571,0.00520483196250356,-0.349828241186749,-0.127848488414094,-0.00799747948174427,0.372544605349597
0.2,0.17,0.198050608881435,0.174912937360649,-0.00194939111856517,0.00491293736064907,0.00528555382555151,-0.383933252668401,-0.140314639756595,-0.0156445870329056,0.409070170710642
0.2,0.185,0.199014492368735,0.190236999745271,-0.000985507631265009,0.0052369997452707,0.00532892030558226,-0.404995776112252,-0.148271630602348,-0.0269153411075676,0.432124259706571
0.2,0.2,0.200063451947297,0.205386515975887,6.34519472965116e-05,0.00538651597588719,0.00538688968776079,-0.412701129978163,-0.151883302447971,-0.0393721115230113,0.441522239637148
0.2,0.215,0.201112896310285,0.220355734640842,0.00111289631028478,0.00535573464084232,0.00547014001105675,-0.406930941399233,-0.151127065272858,-0.0505324509714839,0.437020177402836
0.2,0.23,0.2020776936302,0.235140629618793,0.00207769363019948,0.00514062961879264,0.00554462656078654,-0.387766148048724,-0.145793059935031,-0.057938599630918,0.418301159951312
0.2,0.245,0.202873841978869,0.249739017293863,0.00287384197886925,0.00473901729386256,0.00554231473583371,-0.35548302010765,-0.135492829664975,-0.0592258890487261,0.385012659794781
0.2,0.26,0.203420091796752,0.264150619998107,0.00342009179675194,0.00415061999810651,0.00537816644098075,-0.310542486820778,-0.119676919505689,-0.0521866462184842,0.336872341016348
0.2,0.275,0.203639448875095,0.278377072388248,0.00363944887509481,0.00337707238824847,0.00496489738362225,-0.253573466691907,-0.0976601984534987,-0.0348265451791403,0.27395263934074
0.2,0.29,0.203460495853667,0.292421870918418,0.00346049585366663,0.00242187091841795,0.00422380045678327,-0.185351240394871,-0.068653196869077,-0.00541095410957145,0.197731284790265
0.2,0.305,0.202818483810868,0.306290269918328,0.0028184838108678,0.00129026991832781,0.00309978183978575,-0.106772152297171,-0.0317974220598906,0.0375004169581469,0.117548520507037
0.2,0.32,0.201656162143464,0.319989130711522,0.00165616214346434,-1.08692884778216e-05,0.00165619781031023,-0.0188260465676115,0.0137975277125507,0.0950314316791801,0.0978558487534313
0.2,0.335,0.199924332605827,0.333526732532111,-7.56673941725572e-05,-0.00147326746788934,0.00147520933649497,0.0774321389534372,0.0690171763654357,0.16798003369939,0.197424509784329
0.2,0.35,0.197582129875891,0.346912555509566,-0.00241787012410882,-0.00308744449043402,0.00392153151441747,0.180910301619127,0.13470762426684,0.256820632592413,0.341806765714477
