target_x,target_y,gaze_x,gaze_y,error_px_x,error_px_y,error_px_xy,error_deg_x,error_deg_y,error_deg_z,error_deg_xyz
-0.2,0.05,-0.197998101440681,0.0528832218736206,0.00200189855931884,0.00288322187362057,0.00351006641166901,-0.147178474785041,0.118542459685864,-0.241726765025023,0.306831993303316
-0.2,0.065,-0.200005643462531,0.0663950496466998,-5.64346253109638e-06,0.00139504964669981,0.00139506106154054,-0.0647199640916796,0.0629109098861258,-0.161754370749977,0.185232185858098
-0.2,0.08,-0.201489437212365,0.0800220907219623,-0.00148943721236452,2.20907219623187e-05,0.0014896010236211,0.0125912953444245,0.0165618867405227,-0.0973244572096981,0.0995233101920296
-0.2,0.095,-0.202484461328782,0.0937762597650157,-0.00248446132878177,-0.00122374023498429,0.00276949241864489,0.0837244146789129,-0.0214073671466769,-0.0478233073726008,0.0987680319005084
-0.2,0.11,-0.203032564560612,0.107668988859635,-0.00303256456061199,-0.00233101114036484,0.00382492624122149,0.147680778798596,-0.0519192961212457,-0.0123105423507989,0.157024808934298
-0.2,0.125,-0.203182299842543,0.121710974619266,-0.00318229984254316,-0.00328902538073352,0.00457654020445133,0.203521373920201,-0.0758794137494698,0.0104789203030945,0.217459190673315
-0.2,0.14,-0.202988549081929,0.13591192246901,-0.00298854908192878,-0.00408807753099032,0.00506397112101612,0.250394447456297,-0.0941382145543746,0.022120616950609,0.268419142804817
-0.2,0.155,-0.202511932205511,0.150280298852232,-0.00251193220551076,-0.00471970114776758,0.00534652993345411,0.287562174705011,-0.107453673128431,0.0244735236807665,0.307956941577493
-0.2,0.17,-0.201818005991521,0.164823102843423,-0.00181800599152102,-0.0051768971565766,0.0054868397056026,0.314424930511982,-0.116456548289727,0.0196405988956085,0.335873846476625
-0.2,0.185,-0.200976271241436,0.179545668671955,-0.000976271241435907,-0.00545433132804519,0.00554101396613924,0.330541796191212,-0.12162068808756,0.00991804944099493,0.352346746478455
-0.2,0.2,-0.200059019659311,0.194451509695564,-5.90196593114716e-05,-0.0055484903044356,0.00554880419357191,0.335646079895615,-0.12324031239151,-0.00226468507129393,0.357563993279125
-0.2,0.215,-0.199140063214522,0.209542212542759,0.00085993678547816,-0.00545778745724121,0.0055251185691746,0.329654889869486,-0.121415840041909,-0.014411519159455,0.351599534205933
-0.2,0.23,-0.198293397477797,0.224817387532898,0.00170660252220293,-0.00518261246710173,0.0054563691364265,0.312672153123326,-0.116049258825124,-0.0240296424494995,0.334378598103504
-0.2,0.245,-0.197591855450081,0.240274678289433,0.00240814454991858,-0.00472532171056727,0.00530356723740361,0.284984885753403,-0.106849363592826,-0.0286992660002855,0.305707443798409
-0.2,0.26,-0.197105809161615,0.255909829976129,0.00289419083838477,-0.00409017002387053,0.00501057196666801,0.247052952922945,-0.0933464801889118,-0.0261396996803098,0.265390536263221
-0.2,0.275,-0.196901972734939,0.271716812202321,0.00309802726506124,-0.00328318779767856,0.00451409958351477,0.199492967594886,-0.0749156272850079,-0.0142685658155912,0.213573032277436
-0.2,0.29,-0.197042353053134,0.287687989586079,0.00295764694686598,-0.00231201041392103,0.00375407346976387,0.143057320752011,-0.0508065112180633,0.00874849805198012,0.152063303897854
-0.2,0.305,-0.197583383587202,0.303814330593813,0.00241661641279767,-0.00118566940618723,0.00269181106829054,0.0786095844120605,-0.020178354506625,0.0444595629351389,0.0925380319025316
-0.2,0.32,-0.198575264424237,0.320085643732761,0.0014247355757632,8.5643732760543e-05,0.00142730736346677,0.00709766709607128,0.0178626422280198,0.0941006415937586,0.0960436555555696
-0.2,0.335,-0.200061518450022,0.336490829536971,-6.151845002203e-05,0.00149082953697078,0.0014920982635194,-0.0704738800108041,0.064225410789442,0.158582668449656,0.185040437874828
-0.2,0.35,-0.20207876114452,0.353018137001595,-0.0020787611445196,0.0030181370015953,0.00366475085870283,-0.153071094160305,0.119797731856457,0.238490684588646,0.307669125073324
-0.18,0.05,-0.179082866388027,0.0518552366961192,0.000917133611973181,0.0018552366961192,0.00206955001409443,0.0105544225824752,0.0305960141495574,-0.125434350638278,0.129542639258344
-0.18,0.065,-0.181012238734786,0.0654913470768493,-0.00101223873478606,0.000491347076849322,0.00112518852026212,0.0918428450775619,-0.0174871537042918,-0.0516514121957266,0.106811892703711
-0.18,0.08,-0.182409148657996,0.0792324355662741,-0.0024091486579963,-0.000767564433725929,0.00252846839336511,0.16815348727241,-0.0564519038406174,0.0051542684604122,0.177451414143658
-0.18,0.095,-0.183308848884749,0.09308951126678,-0.00330884888474897,-0.00191048873321996,0.00382079155959402,0.238449528383816,-0.0873685419744188,0.0456199203257357,0.258016916781828
-0.18,0.11,-0.183753646884034,0.107073150663623,-0.00375364688403383,-0.00292684933637713,0.00475986470058427,0.301723307667265,-0.111330166182536,0.0707465777018213,0.329297338334279
-0.18,0.125,-0.183792744217195,0.121193262355311,-0.00379274421719462,-0.00380673764468936,0.00537365426805246,0.357024534114629,-0.129409740543103,0.0818985776736764,0.388485976745709
-0.18,0.14,-0.183481858824276,0.135458848587802,-0.00348185882427594,-0.00454115141219814,0.00572235939282893,0.403489022058577,-0.142615197923323,0.0807890044250836,0.435511494738306
-0.18,0.155,-0.182882622987776,0.149877773632798,-0.00288262298777565,-0.00512222636720211,0.00587764563805212,0.440366540669088,-0.151845032385154,0.0694504248353483,0.470960947815036
-0.18,0.17,-0.182061762250658,0.164456549835419,-0.00206176225065827,-0.00554345016458075,0.00591444868989746,0.467046273190387,-0.157847059114515,0.0501911877822101,0.495548788215876
-0.18,0.185,-0.181090074288771,0.179200152182979,-0.00109007428877075,-0.00579984781702073,0.00590139785607098,0.483078401494916,-0.161183013464571,0.0255385765788423,0.509900618456981
-0.18,0.2,-0.180041240232092,0.19411187137406,-4.12402320916983e-05,-0.00588812862594033,0.00588827304668872,0.488190486965708,-0.162201408185019,-0.00182890635167563,0.514435973800424
-0.18,0.215,-0.17899051306323,0.20919321368949,0.00100948693676964,-0.00580678631051034,0.00589388082093953,0.482297595092592,-0.161020573865671,-0.0291569707295005,0.509303870349537
-0.18,0.23,-0.178013336850469,0.224443853495734,0.00198666314953106,-0.00555614650426637,0.00590064356206813,0.465505497855773,-0.157523112867846,-0.0536948936814989,0.494361767749989
-0.18,0.245,-0.177183956015738,0.239861641198697,0.00281604398426161,-0.00513835880130285,0.0058594227439418,0.43810674055649,-0.151362168737313,-0.0727746792823009,0.469196554160446
-0.18,0.26,-0.176574074561081,0.25544266617339,0.00342592543891879,-0.00455733382660968,0.00570142584974949,0.400569833478605,-0.141979040512536,-0.0838859135977606,0.43318815752203
-0.18,0.275,-0.176251621426159,0.271181370979961,0.00374837857384114,-0.00381862902003905,0.00535091296187069,0.353522279408518,-0.128630852245588,-0.0847425757261817,0.385623862946149
-0.18,0.29,-0.176279670108472,0.287070710275624,0.00372032989152751,-0.00292928972437573,0.00473514443191825,0.297728521693473,-0.110426307317825,-0.0733387281312115,0.325906577722371
-0.18,0.305,-0.176715549530993,0.303102345573629,0.00328445046900655,-0.00189765442637113,0.00379324494401341,0.23406416349292,-0.0863670828436144,-0.0479908966380842,0.25406404223258
-0.18,0.32,-0.177610169861048,0.31926686557428,0.00238983013895244,-0.000733134425719623,0.00249975482382187,0.163487950840008,-0.0553921885368576,-0.00736595075675607,0.172774085064335
-0.18,0.335,-0.179007573248621,0.33555402114407,0.000992426751378644,0.000554021144069869,0.00113659591980988,0.0870130203790888,-0.0164226275472531,0.0495056972718774,0.101448435971874
-0.18,0.35,-0.18094470631964,0.351952964293708,-0.000944706319640276,0.00195296429370845,0.00216945605230169,0.00567880471397761,0.0315960703633079,0.123230834965791,0.127343652557941
-0.16,0.05,-0.160068469909458,0.0510521286013416,-6.84699094578023e-05,0.00105212860134159,0.00105435417306623,0.133612084011991,-0.0358043406363467,-0.0119009828092994,0.138837252293341
-0.16,0.065,-0.16192714787481,0.0648195920563354,-0.00192714787481013,-0.000180407943664612,0.00193557380575438,0.21212650310506,-0.0759535963592611,0.0559809441861109,0.232164902563511
-0.16,0.08,-0.16324536501498,0.0786814011890656,-0.0032453650149798,-0.00131859881093443,0.00350301254703041,0.285923459255983,-0.10715563426415,0.105457381170685,0.323041932567493
-0.16,0.095,-0.164058616965465,0.0926475718523652,-0.00405861696546517,-0.00235242814763482,0.00469108621346339,0.353982555290496,-0.130655841177816,0.137184090035649,0.401490638041902
-0.16,0.11,-0.164409625017791,0.106727738059259,-0.00440962501779069,-0.00327226194074133,0.00549112839099121,0.415308937350239,-0.147726372476947,0.152218466372182,0.466343496435474
-0.16,0.125,-0.164348180740383,0.120930936862631,-0.00434818074038329,-0.00406906313736909,0.00595516167429031,0.468961735686423,-0.159616524501626,0.152020791331883,0.518184036488979
-0.16,0.14,-0.163930766283425,0.135265389785129,-0.00393076628342531,-0.004734610214871,0.00615365399268386,0.514083213379078,-0.167500541335345,0.138439592633022,0.558127194880396
-0.16,0.155,-0.163219942312742,0.149738290040344,-0.00321994231274228,-0.00526170995965597,0.00616876164209081,0.54992716429135,-0.172425755721743,0.113680238819548,0.587432333734428
-0.16,0.17,-0.162283508603202,0.164355605529851,-0.00228350860320247,-0.00564439447014857,0.00608880944647995,0.57588498187178,-0.175264248926649,0.0802569752583798,0.607293754406526
-0.16,0.185,-0.161193456661047,0.179121907666443,-0.00119345666104651,-0.00587809233355659,0.00599802536536926,0.591507837490838,-0.176671232312007,0.0409297988357008,0.618686684694041
-0.16,0.2,-0.160024747985883,0.194040235303385,-2.47479858832175e-05,-0.00595976469661504,0.00595981607952999,0.596523553442047,-0.177053065352151,-0.00137124192597134,0.622249004590892
-0.16,0.215,-0.158853964236893,0.209112001520736,0.00114603576310685,-0.00588799847926433,0.00599849348271205,0.590847054781462,-0.176547240945216,-0.0436307062641519,0.618204267711181
-0.16,0.23,-0.15775788532383,0.224336948731299,0.00224211467617016,-0.0056630512687012,0.00609074937040065,0.574583684489636,-0.17501583038172,-0.0828369891644365,0.60633517888883
-0.16,0.245,-0.156812057045199,0.239713154796108,0.00318794295480074,-0.00528684520389154,0.00617363041434897,0.548025153641385,-0.172052877296258,-0.116071327777088,0.586011355144717
-0.16,0.26,-0.156089410768652,0.255237089796699,0.00391058923134813,-0.00476291020330089,0.0061626310729301,0.511638406174925,-0.167005171145709,-0.140591820443171,0.556267090879267
-0.16,0.275,-0.15565899363489,0.270903720069851,0.00434100636510994,-0.0040962799301493,0.00596857148135707,0.466048154747457,-0.159004836462812,-0.153908123240085,0.515919498973402
-0.16,0.29,-0.155584859329225,0.286706653468336,0.00441514067077509,-0.00329334653166376,0.00550813929747188,0.412014241743554,-0.147011355692407,-0.153843293178924,0.463720828485597
-0.16,0.305,-0.155925157683219,0.302638317677306,0.00407484231678118,-0.00236168232269381,0.00470976467564517,0.35040525904412,-0.129860081380692,-0.138580297635707,0.398563201709507
-0.16,0.32,-0.156731447490711,0.318690162072045,0.00326855250928942,-0.0013098379279551,0.00352123712684788,0.282169997113698,-0.106314032212783,-0.106691904580982,0.319853105207934
-0.16,0.335,-0.158048242451016,0.334852873034293,0.00195175754898358,-0.000147126965706651,0.00195729504011338,0.208308293324138,-0.0751158071150283,-0.0571538491794463,0.228694909123829
-0.16,0.35,-0.159912786479474,0.351116592883433,8.7213520525653e-05,0.00111659288343283,0.00111999368993549,0.129842723373913,-0.0350367564609056,0.0106577588629226,0.134908499910723
-0.14,0.05,-0.140950005843676,0.0504540528218189,-0.000950005843675605,0.000454052821818901,0.00105293640264714,0.22094227415026,-0.0831830666330578,0.0965698494743337,0.255070096953007
-0.14,0.065,-0.142745731641986,0.0643594386181935,-0.00274573164198602,-0.000640561381806473,0.00281946114242865,0.294946317041969,-0.1152537439788,0.15894783449344,0.354318457900252
-0.14,0.08,-0.143993777020614,0.0783481760431278,-0.00399377702061424,-0.00165182395687216,0.00432189510225354,0.364585162176846,-0.138547771955629,0.201530833614393,0.439014174528733
-0.14,0.095,-0.144729849441671,0.0924292051447284,-0.00472984944167085,-0.00257079485527159,0.00538335043711302,0.428880355893421,-0.154488394296336,0.224988047039355,0.508356509007553
-0.14,0.11,-0.144997037444212,0.106611135469584,-0.00499703744421234,-0.00338886453041599,0.00603777989201096,0.486875055052606,-0.164530398953508,0.230427876923459,0.563220323013561
-0.14,0.125,-0.144845660384466,0.120902053480754,-0.00484566038446642,-0.00409794651924643,0.00634614766895565,0.537661903415849,-0.170103577689174,0.219401187885549,0.605108117697355
-0.14,0.14,-0.144332887232946,0.135309326434369,-0.00433288723294549,-0.0046906735656309,0.00638563468049422,0.580411772473982,-0.172552942999284,0.193886807770406,0.635805462603743
-0.14,0.155,-0.14352211558598,0.149839411004979,-0.00352211558598042,-0.00516058899502103,0.00624795782448461,0.614401899110045,-0.173079063982527,0.156258148086744,0.657166188528403
-0.14,0.17,-0.142482115686879,0.164497675663966,-0.0024821156868793,-0.00550232433603434,0.00603626303121128,0.639041820938451,-0.172682249245665,0.109231061772635,0.670917413948455
-0.14,0.185,-0.141285959169672,0.179288245905763,-0.00128595916967193,-0.00571175409423687,0.00585472679286531,0.653895511337439,-0.172114352215238,0.0557944430602101,0.678469666793829
-0.14,0.2,-0.140009767107881,0.194213880750497,-9.76710788076143e-06,-0.00578611924950283,0.00578612749305298,0.658698263453712,-0.17184165413655,-0.000873547232893984,0.6807489779652
-0.14,0.215,-0.13873132520301,0.209275887600593,0.00126867479699008,-0.00572411239940686,0.00586301957199199,0.653367166370164,-0.172021597358038,-0.0574995201803143,0.678079379864803
-0.14,0.23,-0.137528624162704,0.224474080468148,0.00247137583729645,-0.00552591953185207,0.00605338625908482,0.638004437943524,-0.172495150961314,-0.110814148986401,0.670141130781399
-0.14,0.245,-0.136478389183663,0.239806784097955,0.0035216108163367,-0.00519321590204488,0.0062746501214802,0.612893374312992,-0.172795393878229,-0.157651215165196,0.656014590879311
-0.14,0.26,-0.135654663399922,0.255270883740489,0.00434533660007841,-0.00472911625951135,0.00642234308986647,0.578487205354385,-0.172171637456233,-0.195040948017337,0.634299298458402
-0.14,0.275,-0.135127505909326,0.270861917587339,0.00487249409067356,-0.00413808241266068,0.0063925679282758,0.535391638067547,-0.169627224594287,-0.22029269971594,0.603282551901791
-0.14,0.29,-0.134961856193864,0.286574206448835,0.00503814380613607,-0.00342579355116485,0.00609253268079129,0.484342277487388,-0.16396817373972,-0.231062951863617,0.561128869453425
-0.14,0.305,-0.135216604392529,0.302401013333778,0.0047833956074711,-0.00259898666622201,0.0054438594056766,0.426178397284228,-0.153859180100711,-0.225405878830923,0.506073264328549
-0.14,0.32,-0.135943892392372,0.31833472433841,0.00405610760762776,-0.00166527566159029,0.004384649581636,0.361814663508737,-0.137883197540954,-0.201805096254637,0.436632392770626
-0.14,0.335,-0.137188655609598,0.334367041739049,0.00281134439040179,-0.000632958260951499,0.00288171709949994,0.292212404875894,-0.114600896834402,-0.159186583759434,0.351940638484269
-0.14,0.35,-0.13898840111986,0.35048918039601,0.00101159888013957,0.000489180396009717,0.00112366799106314,0.218351877724804,-0.0826066853294226,-0.0969140069596885,0.252772299399204
-0.12,0.05,-0.121722976212459,0.0500394605160475,-0.00172297621245926,3.94605160475431e-05,0.00172342802606526,0.272628974319645,-0.114523930054743,0.197531732310457,0.355614228383894
-0.12,0.065,-0.123463733137063,0.0640887460535751,-0.00346373313706305,-0.000911253946424911,0.00358159615250849,0.340313305040241,-0.138655972833739,0.254909113827635,0.447234050890458
-0.12,0.08,-0.12465042757577,0.0782100665954046,-0.00465042757576997,-0.00178993340459541,0.00498300493982981,0.404074530294483,-0.154173651284424,0.29117650825924,0.521374505974354
-0.12,0.095,-0.125318947978876,0.0924112104648479,-0.00531894797887592,-0.00258878953515206,0.00591549143007586,0.463003920755714,-0.162675000825228,0.307011694369627,0.578873749118754
-0.12,0.11,-0.125512702111803,0.106699687144218,-0.00551270211180299,-0.00330031285578207,0.00642510307462204,0.516210325014984,-0.165794996884593,0.303567859497592,0.621384189128032
-0.12,0.125,-0.125282471645488,0.12108255946685,-0.00528247164548795,-0.00391744053314973,0.00657653761611295,0.562846573087382,-0.16514212548599,0.282479040429647,0.651050808635516
-0.12,0.14,-0.124686029841667,0.135566272311137,-0.00468602984166684,-0.00443372768886263,0.00645110974143049,0.602136848688885,-0.162230974349935,0.245845968756651,0.670323085617969
-0.12,0.155,-0.123787512804853,0.150156485036918,-0.00378751280485345,-0.00484351496308207,0.00614856816214383,0.633403610463116,-0.158414675629765,0.196200932585074,0.681759219318393
-0.12,0.17,-0.122656548857131,0.164857915533599,-0.00265654885713094,-0.00514208446640087,0.00578777025199902,0.656092501466563,-0.154821488225336,0.136451666222872,0.687787613613321
-0.12,0.185,-0.121367166030944,0.179674203875233,-0.00136716603094412,-0.0053257961247672,0.00549847681806088,0.669793670442903,-0.152299889845904,0.0698058633789087,0.690432794990111
-0.12,0.2,-0.119996513146908,0.194607803020545,3.48685309197709e-06,-0.00539219697945476,0.00539219810683783,0.674258073160963,-0.151376200337547,-0.0003205053157348,0.69104601505059
-0.12,0.215,-0.118623443711046,0.209659902842153,0.0013765562889541,-0.0053400971578466,0.00551466634275369,0.669407605664697,-0.152227974949331,-0.0704064730515645,0.690103418155534
-0.12,0.23,-0.117327022514276,0.224830391973016,0.0026729774857237,-0.0051696080269841,0.00581976423851038,0.65533833379973,-0.154675253974266,-0.136935302503952,0.687131502621434
-0.12,0.245,-0.116185020939461,0.240117859797748,0.0038149790605391,-0.00488214020225185,0.00619591463682284,0.632316583499169,-0.158190357512923,-0.196503453034716,0.680784481838821
-0.12,0.26,-0.115272467948178,0.255519638455219,0.00472753205182162,-0.004480361544781,0.00651330936413688,0.60076817543716,-0.161925432050345,-0.245923105659096,0.669048209286849
-0.12,0.275,-0.11466031931333,0.271031882331826,0.00533968068666954,-0.00396811766817365,0.00665267973556999,0.56126158378645,-0.164755572161337,-0.282312668893832,0.649510527013827
-0.12,0.29,-0.114414298501544,0.286649680346636,0.00558570149845605,-0.00335031965336445,0.00651342482950209,0.514486199415753,-0.165334212604413,-0.303170772182656,0.61963514301284
-0.12,0.305,-0.11459394974102,0.302367194645113,0.0054060502589795,-0.0026328053548873,0.00601307271196146,0.46122714927063,-0.162156735479623,-0.306430697147766,0.576999025912046
-0.12,0.32,-0.115251928750441,0.318177818175478,0.004748071249559,-0.00182218182452226,0.00508571796234397,0.402338253415863,-0.153627921801538,-0.290493786192793,0.519486378113201
-0.12,0.335,-0.116433540968238,0.334074343161752,0.00356645903176156,-0.000925656838247968,0.00368462625071103,0.338714671519708,-0.13812898927448,-0.254241942537702,0.445474142246614
-0.12,0.35,-0.118176522382091,0.350049132671523,0.00182347761790896,4.91326715226226e-05,0.00182413942516078,0.271266642944373,-0.114080438707609,-0.197030712498257,0.354148893903527
-0.1,0.05,-0.102383353511485,0.0497852314710122,-0.00238335351148461,-0.00021476852898776,0.00239301054777232,0.290049527221928,-0.133114267712684,0.288487377452541,0.430202246563062
-0.1,0.065,-0.10407733786096,0.0639837164950472,-0.00407733786096035,-0.00101628350495278,0.00420208474389318,0.349607709462104,-0.149763693554357,0.341467644159987,0.511132662881427
-0.1,0.08,-0.105211768525244,0.0782426394500274,-0.00521176852524372,-0.00175736054997259,0.00550007702339895,0.405769241371307,-0.157945646081053,0.37213527892351,0.572785215021872
-0.1,0.095,-0.105822684424503,0.092568569074452,-0.00582268442450259,-0.00243143092554796,0.00630995326869036,0.457723867981525,-0.159423202721684,0.381172368437048,0.616622202972771
-0.1,0.11,-0.105953763332293,0.10696784706903,-0.00595376333229336,-0.00303215293096955,0.00668141072033056,0.504674999395005,-0.156002105177943,0.3697700383245,0.64480057470745
-0.1,0.125,-0.105656180870901,0.121446447060241,-0.00565618087090108,-0.00355355293975898,0.00667982937955881,0.54586366104054,-0.149460744658649,0.33963613359809,0.66004785580679
-0.1,0.14,-0.104988227442002,0.136009830271095,-0.00498822744200191,-0.00399016972890531,0.00638779050052623,0.580593447966776,-0.141475407309036,0.292981568007499,0.665542802843809
-0.1,0.155,-0.104014672918002,0.150662803946888,-0.00401467291800173,-0.00433719605311238,0.00591006499470776,0.608255170590667,-0.133545067420859,0.232483681404961,0.664727204093727
-0.1,0.17,-0.102805883438282,0.16540938916028,-0.00280588343828189,-0.00459061083972009,0.00538021279792725,0.628349735323239,-0.126920566867266,0.161226499637694,0.661007602464721
-0.1,0.185,-0.101436710538479,0.180252704747618,-0.00143671053847913,-0.00474729525238185,0.00495993441334301,0.640507783498436,-0.122543143295499,0.0826195652415301,0.657341444596526
-0.1,0.2,-0.0999851888398798,0.195194873696856,1.48111601202505e-05,-0.00480512630314407,0.0048051491298014,0.644504737048062,-0.120996893923683,0.00029879939873719,0.65576778512618
-0.1,0.215,-0.098531092769275,0.210236957365714,0.00146890723072498,-0.00476304263428631,0.00498440202918116,0.640270164261104,-0.122478881976103,-0.0819855348630491,0.657018506533115
-0.1,0.23,-0.0971544137802793,0.225378921418865,0.00284558621972072,-0.00462107858113488,0.00542694464564436,0.627890769051624,-0.126789280260433,-0.16048749840469,0.660366113580024
-0.1,0.245,-0.0959338259155397,0.240619635566072,0.00406617408446035,-0.00438036443392772,0.0059767352508837,0.607606780679619,-0.133342345019454,-0.231583868439643,0.663778725898617
-0.1,0.26,-0.0949452085574492,0.255956907102355,0.00505479144255085,-0.00404309289764468,0.00647282911149909,0.579802009724214,-0.141197312251603,-0.291885380169733,0.664310974155887
-0.1,0.275,-0.0942602906167177,0.271387546241308,0.00573970938328233,-0.00361245375869178,0.00678189398053564,0.544988312019012,-0.149106724073042,-0.338334625979891,0.658574346395769
-0.1,0.29,-0.0939454709738723,0.286907459378053,0.00605452902612769,-0.0030925406219474,0.00679861230153753,0.503785573545295,-0.155578406396518,-0.368285659018257,0.643151004526639
-0.1,0.305,-0.0940608566465446,0.302511764930963,0.00593914335345536,-0.00248823506903709,0.00643931188339864,0.456898585794913,-0.158946475563351,-0.379561979623487,0.614891230209517
-0.1,0.32,-0.0946595445975471,0.318194925481593,0.00534045540245295,-0.0018050745184075,0.00563726511019244,0.405092294178769,-0.15744641354423,-0.370491382012125,0.57110043289035
-0.1,0.335,-0.0957871569829258,0.333950889467545,0.0042128430170742,-0.00104911053245499,0.00434150655830655,0.349166866437708,-0.149289407290049,-0.339917897094427,0.509657450873074
-0.1,0.35,-0.0974816244557368,0.349773235804977,0.00251837554426323,-0.000226764195023252,0.00252856429265457,0.289933877688841,-0.132731725347958,-0.287192603659882,0.429138458846395
-0.08,0.05,-0.0829276385564073,0.0496668373885375,-0.00292763855640735,-0.000333162611462517,0.00294653437832302,0.275967229002724,-0.142342671887936,0.36700047112707,0.480739065788342
-0.08,0.065,-0.0845832295927163,0.0640190654149007,-0.00458322959271631,-0.000980934585099319,0.00468702743322402,0.325684217435038,-0.152295095392062,0.41627759165803,0.550048509280974
-0.08,0.08,-0.0856747135408795,0.0784198986478918,-0.00567471354087951,-0.00158010135210818,0.00589059369282718,0.372606675624933,-0.153905369633059,0.44218983190941,0.598379227094284
-0.08,0.095,-0.0862382496665932,0.0928746277828007,-0.00623824966659323,-0.00212537221719927,0.00659036918270844,0.416050921325379,-0.149084726198062,0.445420205847084,0.627477266256677
-0.08,0.11,-0.0863177355475446,0.107388368269151,-0.00631773554754458,-0.00261163173084888,0.00683625648628584,0.45534332951588,-0.139792724518133,0.427190563671074,0.639824652096853
-0.08,0.125,-0.0859646699156597,0.121965947790095,-0.00596466991565965,-0.0030340522099051,0.00669199223065937,0.489840841430788,-0.127961263299524,0.389271429537219,0.638634953096293
-0.08,0.14,-0.0852377691312659,0.136611790781179,-0.00523776913126593,-0.00338820921882055,0.00623812369089799,0.518952428169476,-0.115413115573473,0.333968948821524,0.627830401274399
-0.08,0.155,-0.0842023265400487,0.151329804744858,-0.00420232654004871,-0.00367019525514239,0.00557941587982716,0.542160365441349,-0.103779694674929,0.264087021621581,0.611926140312226
-0.08,0.17,-0.0829293188896557,0.166123273644207,-0.0029293188896557,-0.00387672635579317,0.00485900364220846,0.559040042639828,-0.0944234023193308,0.182864396003575,0.595721522629338
-0.08,0.185,-0.081494280205069,0.180994763743316,-0.00149428020506905,-0.00400523625668395,0.00427490243199969,0.569277005508978,-0.0883700769795879,0.0938884455112033,0.583698180858712
-0.08,0.2,-0.0799759799900843,0.195946047002167,2.4020009915692e-05,-0.00405395299783312,0.00405402415749049,0.572680033088276,-0.0862566632744183,0.000989343379448971,0.579142872504647
-0.08,0.215,-0.0784549572589433,0.210978046381329,0.00154504274105668,-0.00402195361867083,0.00430851110970267,0.569189288701745,-0.0882982543232092,-0.091879870408039,0.58328198747214
-0.08,0.23,-0.0770119731848811,0.226090806306753,0.00298802681511886,-0.00390919369324674,0.00492037595913051,0.55887892193864,-0.0942771946193411,-0.180770485773894,0.594907544850212
-0.08,0.245,-0.0757264518020396,0.241283490048051,0.0042735481979604,-0.00371650995194892,0.00566353780098852,0.541953922143112,-0.103555136390071,-0.261865038200019,0.610749171305334
-0.08,0.26,-0.0746749791012951,0.256554404215208,0.00532502089870494,-0.00344559578479231,0.00634255294686792,0.518741463858469,-0.115107035184501,-0.33159642118495,0.626340505756025
-0.08,0.275,-0.0739299262863262,0.271901048881083,0.0060700737136738,-0.00309895111891711,0.00681537181134465,0.48967739920899,-0.12757429190223,-0.386752437671125,0.636899348565131
-0.08,0.29,-0.0735582531170843,0.287320190382073,0.00644174688291568,-0.00267980961792685,0.00697692500259872,0.455288887344754,-0.13933281541574,-0.424560416036996,0.637932093034604
-0.08,0.305,-0.0736205336445136,0.302807952619887,0.00637946635548636,-0.00219204738011272,0.00674556615099441,0.416174373265349,-0.148570848589117,-0.442748324561349,0.625543261329454
-0.08,0.32,-0.0741702305981185,0.318359921909552,0.00582976940188151,-0.00164007809044803,0.00605607690026155,0.372982221308414,-0.153371043205818,-0.439580809733279,0.596550850681399
-0.08,0.335,-0.0752532281974147,0.333971259990095,0.00474677180258531,-0.00102874000990508,0.00485696907070639,0.326389271302836,-0.151791471899768,-0.413870524773071,0.548508629289514
-0.08,0.35,-0.0769076175811871,0.34963681990351,0.00309238241881291,-0.000363180096490057,0.00311363594639285,0.277080448039973,-0.141940934894638,-0.364966779289746,0.479711265196562
-0.06,0.05,-0.0633529123129183,0.049658533729391,-0.00335291231291826,-0.000341466270608992,0.00337025521171357,0.234538034440218,-0.145463417329055,0.430820603459518,0.511640329990992
-0.06,0.065,-0.0649786405129672,0.0641682228827504,-0.00497864051296718,-0.000831777117249577,0.00504764445361775,0.27288507091319,-0.149824999406793,0.47716626750665,0.569740391716901
-0.06,0.08,-0.0660366856375195,0.0787144959197058,-0.00603668563751952,-0.00128550408029424,0.00617204133384471,0.30910375461782,-0.145943218075137,0.499281147593899,0.605086457627942
-0.06,0.095,-0.066563297565906,0.0933013176018102,-0.00656329756590598,-0.00169868239818977,0.00677955727378618,0.342662593627035,-0.135853499257577,0.497846889214769,0.619458706676723
-0.06,0.11,-0.0666025427093868,0.107932529142547,-0.00660254270938679,-0.00206747085745282,0.00691867082434866,0.373036968382287,-0.121644749038291,0.474108722568179,0.615415913657854
-0.06,0.125,-0.0662061700368361,0.122611765614985,-0.00620617003683609,-0.00238823438501487,0.00664982781761223,0.399725278143732,-0.105378314666568,0.429887219997936,0.59639845798085
-0.06,0.14,-0.0654332273039277,0.137342370854028,-0.00543322730392769,-0.00265762914597217,0.00604838421511614,0.422265900025456,-0.0890008105013126,0.367565854269163,0.566865868594168
-0.06,0.155,-0.0643494163593378,0.152127313244677,-0.00434941635933778,-0.00287268675532346,0.00521246120955215,0.44025404914234,-0.0742558752464181,0.290052200224668,0.532418896584641
-0.06,0.17,-0.0630261914713263,0.166969106210305,-0.00302619147132632,-0.00303089378969471,0.00428300735296334,0.45335751450127,-0.0626006547102447,0.200712441378223,0.499738877095598
-0.06,0.185,-0.061539621257585,0.181869737316007,-0.00153962125758503,-0.00313026268399294,0.00348840623890143,0.461330221560099,-0.0551330115746373,0.103280944838856,0.475955332501691
-0.06,0.2,-0.0599690515635593,0.196830609771435,3.09484364406803e-05,-0.00316939022856533,0.00316954132748628,0.464022651424703,-0.0525350507756105,0.00174882557715303,0.466991668307016
-0.06,0.215,-0.0583956216111944,0.211852499591558,0.00160437838880561,-0.00314750040844244,0.00353281599232281,0.461388338628363,-0.0550375029627997,-0.0997626376118968,0.475249623449024
-0.06,0.23,-0.0569006972711974,0.226935530938111,0.00309930272880257,-0.00306446906188912,0.00435851442994498,0.453485939537791,-0.0624079125258229,-0.197136403477521,0.498406032155915
-0.06,0.245,-0.0555642920960636,0.242079171103776,0.00443570790393637,-0.00292082889622361,0.00531100235831791,0.440476710919482,-0.073963612843472,-0.286393787429846,0.530578704908165
-0.06,0.26,-0.0544635477417788,0.257282245480712,0.00553645225822123,-0.00271775451928805,0.00616753542630065,0.422617594254381,-0.0886083812567783,-0.363820220005282,0.564645737628743
-0.06,0.275,-0.0536713406534089,0.272542971608467,0.00632865934659108,-0.00245702839153278,0.00678888191398206,0.400250437800875,-0.104889719114361,-0.426075402457199,0.593923962576053
-0.06,0.29,-0.0532550718902369,0.287859010348466,0.0067449281097631,-0.00214098965153431,0.00707657345710828,0.373788158882779,-0.121072138899773,-0.47028212139334,0.61281718672486
-0.06,0.305,-0.0532756830174984,0.303227531251019,0.00672431698250164,-0.00177246874898124,0.00695399772413503,0.343698829190953,-0.135220834591533,-0.4940899536436,0.616880959019655
-0.06,0.32,-0.0537869246391535,0.318645288574171,0.0062130753608465,-0.00135471142582905,0.00635905248341525,0.310488735356798,-0.145289738754174,-0.495712245833877,0.602699214449736
-0.06,0.335,-0.0548348872789323,0.334108704064948,0.00516511272106771,-0.000891295935052161,0.00524144997736084,0.274685430560634,-0.14920821479644,-0.473936851991184,0.567744620627708
-0.06,0.35,-0.0564577884958824,0.349613952581058,0.0035422115041176,-0.000386047418941521,0.00356318606721211,0.236821681806029,-0.144961386769446,-0.428112892619406,0.510275104714163
-0.04,0.05,-0.0436568802400914,0.0497335770228115,-0.00365688024009145,-0.000266422977188513,0.00366657255391807,0.171216539514728,-0.145348163272209,0.478011480027753,0.528145947729671
-0.04,0.065,-0.0452613941403995,0.0644035623417336,-0.00526139414039947,-0.000596437658266363,0.00529509265082568,0.196944157432776,-0.145511400665626,0.522259878806796,0.576817787532011
-0.04,0.08,-0.0462956578949991,0.0790979704459538,-0.00629565789499906,-0.000902029554046224,0.00635995012930422,0.221259630560271,-0.137499860542859,0.541629373458614,0.601022234440686
-0.04,0.095,-0.0467959826424499,0.0938194038640258,-0.00679598264244985,-0.00118059613597424,0.00689776683519796,0.243804935081595,-0.123442797933636,0.536799073487069,0.602358330161346
-0.04,0.11,-0.0468065520940162,0.108570393085147,-0.00680655209401618,-0.00142960691485303,0.00695506486954303,0.26422618638898,-0.105527132300621,0.509030291433192,0.583151975420501
-0.04,0.125,-0.0463792909886059,0.123353345011679,-0.00637929098860587,-0.00164665498832089,0.00658838570272492,0.28218464246956,-0.08591256797885,0.460179830617583,0.546604870380285
-0.04,0.14,-0.0455734812682042,0.138170489388125,-0.0055734812682042,-0.00182951061187542,0.00586607215485693,0.297368294297533,-0.0666400541564863,0.392688082092783,0.497065668416428
-0.04,0.155,-0.0444551146068953,0.153023825274437,-0.00445511460689532,-0.00197617472556319,0.00487373703707194,0.309503414281337,-0.0495389259725195,0.309539587868309,0.440524892700673
-0.04,0.17,-0.043095985025522,0.167915069776595,-0.00309598502552201,-0.00208493022340531,0.00373256712126191,0.318365353075013,-0.0361388638253697,0.214195638793969,0.385412567660751
-0.04,0.185,-0.0415725423448363,0.182845611465838,-0.00157254234483633,-0.00215438853416167,0.00266726065138572,0.323787854979437,-0.0275930488267148,0.110500694398815,0.34323564378036
-0.04,0.2,-0.0399645441209902,0.19781647083175,3.54558790097973e-05,-0.00218352916824963,0.0021838170133858,0.32567021761038,-0.0246184694443897,0.00256670265561664,0.326609914886626
-0.04,0.215,-0.0383535589736797,0.212828269910015,0.00164644102632031,-0.00217173008998484,0.00272528523954763,0.323981750900521,-0.0274582285590589,-0.105358539111856,0.341787795878126
-0.04,0.23,-0.0368213859571558,0.227881212795557,0.00317861404284417,-0.00211878720444261,0.00382005843555775,0.318763183093104,-0.0358690027249264,-0.209031276139133,0.382872266103309
-0.04,0.245,-0.0354484614452888,0.2429750782172,0.00455153855471123,-0.00202492178279989,0.00498164746258507,0.310124903341314,-0.0491347082632073,-0.304351410800882,0.437289817743903
-0.04,0.26,-0.0343123260974548,0.258109224618612,0.0056876739025452,-0.00189077538138804,0.00599371887600318,0.298242173694311,-0.0661051947233615,-0.387493332384003,0.49342768298778
-0.04,0.275,-0.0334862195831486,0.273282607523203,0.00651378041685137,-0.0017173924767967,0.00673637678862416,0.283347688004706,-0.0852567076551303,-0.455020346119676,0.542770980251722
-0.04,0.29,-0.033037860644831,0.288493808184047,0.00696213935516904,-0.00150619181595282,0.00712320140015968,0.265722038479498,-0.104769196258177,-0.503976679115729,0.579292791241897
-0.04,0.305,-0.0330284558547025,0.30374107197065,0.00697154414529752,-0.00125892802935026,0.00708430148659103,0.245682771793889,-0.122614477312016,-0.531953141107392,0.59864157799052
-0.04,0.32,-0.0335119638815647,0.319022354404372,0.00648803611843529,-0.000977645595628129,0.00656128063603227,0.223572769773396,-0.136648884513141,-0.53712479820664,0.597631983831918
-0.04,0.335,-0.0345346249335644,0.334335372520669,0.0054653750664356,-0.000664627479331242,0.00550563841012994,0.199748657862597,-0.144704309954504,-0.518261230329099,0.573965435769081
-0.04,0.35,-0.0361347490396114,0.349677659088134,0.00386525096038864,-0.000322340911866115,0.00387866841200018,0.174569863209626,-0.144672366296192,-0.474711822598601,0.526077931078236
-0.02,0.05,-0.0238379078449128,0.0498644636392693,-0.00383790784491278,-0.000135536360730742,0.00384030034386937,0.092556768606966,-0.144250689659463,0.507070436662635,0.535254638670567
-0.02,0.065,-0.0254299397798733,0.064696652580022,-0.00542993977987327,-0.000303347419978034,0.00543840653778821,0.104776484219487,-0.141835364350351,0.550101271973028,0.577676049829751
-0.02,0.08,-0.0264501861722354,0.0795410135787884,-0.00645018617223536,-0.000458986421211616,0.00646649597474188,0.116334434918482,-0.131281263582439,0.567847485892848,0.594325167983265
-0.02,0.095,-0.0269349903539692,0.0943987629475711,-0.00693499035396924,-0.000601237052428927,0.00696100403698058,0.127061332970866,-0.114775974382926,0.560985482535185,0.58653714513261
-0.02,0.11,-0.0269286014510351,0.10927109629715,-0.00692860145103513,-0.000728903702850003,0.00696683706392755,0.136789675832235,-0.0945675663759704,0.530785502463507,0.556228477813149
-0.02,0.125,-0.0264830443851311,0.124159168693244,-0.00648304438513107,-0.000840831306756384,0.00653734363377061,0.145359042573137,-0.0728773135590266,0.479125921214229,0.50596804852717
-0.02,0.14,-0.0256577361940361,0.139064073410712,-0.00565773619403609,-0.000935926589287928,0.00573462617978209,0.152621683446328,-0.0518054113344736,0.408481736629203,0.439130336011492
-0.02,0.155,-0.0245188370275711,0.153986819849528,-0.00451883702757107,-0.00101318015047172,0.00463102819026803,0.158448098113342,-0.0332352033024137,0.321884780811493,0.360306284253148
-0.02,0.17,-0.0231383395251381,0.168928311298517,-0.00313833952513813,-0.00107168870148339,0.00331627677492868,0.162732253461808,-0.0187422719230036,0.222855161213674,0.276582050217453
-0.02,0.185,-0.0215929173557643,0.183889323353765,-0.00159291735576427,-0.00111067664623518,0.00194190327122317,0.165396083727849,-0.00951501127023464,0.115305730672074,0.201846113696702
-0.02,0.2,-0.0199625707325633,0.198870483913698,3.7429267436731e-05,-0.00112951608630213,0.00113013607113309,0.166392940281838,-0.00629287148868728,0.00342375716231237,0.166547147831617
-0.02,0.215,-0.0183291222077889,0.213872255672309,0.00167087779221111,-0.00112774432769092,0.0020158471829837,0.165709725957408,-0.00932732273042917,-0.108463886764666,0.198270437001569
-0.02,0.23,-0.0167746277957753,0.228894922056627,0.00322537220422466,-0.00110507794337322,0.00340943149465054,0.163367540077846,-0.0183688235454152,-0.216034075654213,0.271472331086484
-0.02,0.245,-0.0153797754640215,0.243938577374513,0.00462022453597852,-0.00106142262548711,0.00474057936889088,0.159420780909251,-0.0326808966903309,-0.315110515512122,0.354652033647348
-0.02,0.26,-0.014222344050937,0.259003121846807,0.00577765594906297,-0.000996878153192549,0.00586302603764092,0.153954775610239,-0.0510800899531143,-0.401797786782157,0.433305440577581
-0.02,0.275,-0.0133757908297596,0.274088261864189,0.00662420917024041,-0.000911738135811302,0.00668665937216708,0.147082123793672,-0.0719984344198158,-0.472598481374324,0.500167810812714
-0.02,0.29,-0.0129080256764822,0.289193515587252,0.00709197432351782,-0.000806484412748276,0.0071376828812607,0.138938033185044,-0.0935632818977447,-0.524507240349566,0.550606976976791
-0.02,0.305,-0.0128804154854319,0.304318223653644,0.00711958451456807,-0.000681776346356328,0.0071521537068584,0.129674985904195,-0.113688300052901,-0.555077661236958,0.581252732551908
-0.02,0.32,-0.0133470457888243,0.319461564492953,0.0066529542111757,-0.000538435507046964,0.00667470692474579,0.119457095245474,-0.130169015969029,-0.562460422326559,0.58955810888958
-0.02,0.335,-0.0143542492371254,0.33462257348551,0.00564575076287463,-0.000377426514490325,0.00565835245016955,0.108454498418477,-0.140776597290905,-0.545413247989961,0.573636460054717
-0.02,0.35,-0.0159403944634081,0.349800165029363,0.00405960553659193,-0.000199834970637136,0.00406452102076215,0.0968380888880418,-0.143344425723123,-0.503285283893302,0.532187328931272
0,0.05,-0.00389504636713184,0.0500231851869501,-0.00389504636713184,2.31851869500477e-05,0.00389511537120543,0.0059162683326552,-0.143612123221939,0.517026669145871,0.536635934284574
0,0.065,-0.00548337743122768,0.0650185277197665,-0.00548337743122768,1.85277197665146e-05,0.00548340873268597,0.00416179089054884,-0.140385065594716,0.559747040739669,0.577100383300489
0,0.08,-0.00649943274368886,0.0800137529065818,-0.00649943274368886,1.37529065818431e-05,0.00649944729436083,0.00251303909586128,-0.129021429969634,0.577035348570534,0.591291587319402
0,0.095,-0.00697955899239538,0.0950086797112835,-0.00697955899239538,8.67971128346023e-06,0.00697956438939532,0.000997446225390882,-0.111728304543505,0.569565828445584,0.58042426115833
0,0.11,-0.00696801863357197,0.110003157546241,-0.00696801863357197,3.15754624105602e-06,0.00696801934899038,-0.000357896776721271,-0.0907744360738632,0.538610649144377,0.54620858394535
0,0.125,-0.00651686057191214,0.124997078436863,-0.00651686057191214,-2.92156313710934e-06,0.00651686122679271,-0.0015269494081593,-0.068402145882419,0.486054613033197,0.490847986165158
0,0.14,-0.00568553674388675,0.139990388424736,-0.00568553674388675,-9.61157526366274e-06,0.00568554486821319,-0.00248546515484464,-0.046732111445104,0.41438383141373,0.417018938683998
0,0.155,-0.00454025287679266,0.154983097292159,-0.00454025287679266,-1.69027078413542e-05,0.00454028433985763,-0.0032117328102803,-0.0276665859691731,0.326645864751664,0.327831617411125
0,0.17,-0.00315305711327134,0.169975285702198,-0.00315305711327134,-2.47142978023474e-05,0.00315315396960993,-0.00368727851276008,-0.0127974843288842,0.226380804068667,0.226772368710624
0,0.185,-0.00160068725235561,0.18496710895353,-0.00160068725235561,-3.28910464701127e-05,0.001601025140587,-0.0038974862764274,-0.00332603761271429,0.117525095557498,0.117636753927323
0,0.2,3.67855014361455e-05,0.199958796800467,3.67855014361455e-05,-4.12031995326023e-05,5.52347423967208e-05,-0.00383209812533663,-2.88929519567521e-07,0.00429230804317945,0.00575403198841906
0,0.215,0.00167746291967731,0.214950649046479,0.00167746291967731,-4.93509535212655e-05,0.001678188715105,-0.00348556294702945,-0.00307554983440462,-0.108962780048811,0.109061905280802
0,0.23,0.00323921105414116,0.229943027022496,0.00323921105414116,-5.69729775037608e-05,0.00323971205100638,-0.0028572089682335,-0.0123011524656657,-0.217888748743287,0.218254545026579
0,0.245,0.00464126429513247,0.244936341393938,0.00464126429513247,-6.36586060623057e-05,0.00464170083863634,-0.00195123205860748,-0.0269346210216973,-0.318281860184712,0.319425872329935
0,0.26,0.00580576893827513,0.259931037072303,0.00580576893827513,-6.89629276972858e-05,0.00580617850655979,-0.000776498942176038,-0.0457820285702462,-0.406221260139383,0.408794591687885
0,0.275,0.00665919790156635,0.274927576247941,0.00665919790156635,-7.24237520589588e-05,0.00665959172112586,0.000653815437410778,-0.0672611101335681,-0.478187111672806,0.482896239918235
0,0.29,0.00713357849988741,0.289926420716631,0.00713357849988741,-7.35792833684856e-05,0.0071339579564921,0.00232273352588802,-0.0894819479495683,-0.531155395600352,0.538647013637392
0,0.305,0.00716748952044896,0.304928014634797,0.00716748952044896,-7.19853652027258e-05,0.00716785099723404,0.00421008656311884,-0.110338927987539,-0.562665310500346,0.573399860144939
0,0.32,0.0067068006176513,0.31993276878816,0.0067068006176513,-6.72312118404905e-05,0.0067071375832596,0.00629319460743237,-0.127607274920183,-0.570857606362331,0.584982564101237
0,0.335,0.00570514433527117,0.334941047205443,0.00570514433527117,-5.89527945572821e-05,0.005705448914701,0.00854757672875522,-0.139037779262779,-0.554484497527829,0.571717006194882
0,0.35,0.00412412726644604,0.349953156726103,0.00412412726644604,-4.68432738968128e-05,0.00412439328897634,0.0109476528585255,-0.142444208710548,-0.512893757275492,0.532421120709136
0.02,0.05,0.0161719521967761,0.0501814950463585,-0.00382804780322393,0.000181495046358449,0.00383234790117237,-0.0809145690850543,-0.143931282272689,0.507506950209453,0.533693493884216
0.02,0.065,0.0145785276438221,0.0653399692788663,-0.00542147235617793,0.000339969278866259,0.00543212128172543,-0.0966539616704604,-0.141711738712654,0.550832669632734,0.576926032843131
0.02,0.08,0.0135568198606178,0.0804860493440638,-0.00644318013938222,0.000486049344063794,0.00646148700171983,-0.111520672021908,-0.131323828580365,0.568842988403505,0.594363795724306
0.02,0.095,0.0130705075300197,0.0956181588213667,-0.00692949246998029,0.000618158821366677,0.00695700986199868,-0.125290534657445,-0.114954133917963,0.562210808707293,0.587363759312418
0.02,0.11,0.0130753669493445,0.110734802701511,-0.00692463305065555,0.0007348027015113,0.00696351045783515,-0.137741833104929,-0.0948503205272542,0.532203327202622,0.557863994145499
0.02,0.125,0.013519401572169,0.125834611460992,-0.00648059842783097,0.000834611460992341,0.00653412061976399,-0.148662009138332,-0.0732338941072838,0.480696495171081,0.508462794503687
0.02,0.14,0.0143432250398852,0.140916385024406,-0.00565677496011477,0.000916385024406108,0.00573052043555707,-0.157854736814718,-0.0522059191779437,0.410163657126922,0.442581942170619
0.02,0.155,0.0154807093609434,0.15597913419939,-0.00451929063905665,0.000979134199390053,0.00462414226215849,-0.165146984294792,-0.0336512122047772,0.32363589182457,0.364892547199867
0.02,0.17,0.0168598945654097,0.171022117119255,-0.00314010543459035,0.00102211711925532,0.00330226975667019,-0.17039563517326,-0.0191473630453084,0.224633547230841,0.282598100562233
0.02,0.185,0.0184041391133601,0.186044868292678,-0.00159586088663992,0.00104486829267783,0.00190749094848458,-0.173493233531275,-0.00988520681429861,0.117070757261866,0.209530977494306
0.02,0.2,0.0200334732409193,0.201047218235026,3.34732409192647e-05,0.00104721823502552,0.00104775306710484,-0.174372439904699,-0.00660694320718769,0.00513710482957852,0.174573230818642
0.02,0.215,0.0216661021207223,0.216029302169915,0.00166610212072229,0.00102930216991509,0.00195840732067341,-0.173008867650541,-0.00956696111986115,-0.10683725176046,0.20356285757218
0.02,0.23,0.0232199937526747,0.230991557131868,0.00321999375267473,0.000991557131867965,0.00336920544238883,-0.169422082372204,-0.0185186654449797,-0.214525050031102,0.273985260742917
0.02,0.245,0.0246144796595282,0.24593470749036,0.00461447965952821,0.000934707490360315,0.00470819504913882,-0.163674686606849,-0.0327284207144059,-0.313745170889069,0.35538287764969
0.02,0.26,0.0257717953584225,0.260859739868476,0.00577179535842254,0.000859739868476039,0.00583547549913074,-0.155869566141622,-0.0510153995988498,-0.400596881382799,0.432870240693606
0.02,0.275,0.0266184924422175,0.275767869086248,0.00661849244221747,0.000767869086247708,0.00666288714757384,-0.146145513663107,-0.0718139561825215,-0.471577189131545,0.498901165986216
0.02,0.29,0.0270866643058462,0.29066049733556,0.00708666430584617,0.000660497335560478,0.00711737786786937,-0.134671560470174,-0.0932534098494641,-0.523675100643858,0.548698951740924
0.02,0.305,0.0271149418691155,0.305539169128566,0.00711494186911554,0.000539169128565775,0.00713534169820141,-0.121640423528855,-0.113249018578851,-0.554438735704106,0.578815077333533
0.02,0.32,0.0266492323252408,0.320405524621976,0.00664923232524076,0.000405524621976378,0.00666158695312578,-0.107261503659053,-0.129597529480985,-0.562013633251778,0.586653970022346
0.02,0.335,0.0256431912060548,0.33526125379596,0.0056431912060548,0.000261253795959787,0.00564923539375,-0.0917538607325187,-0.140070990369807,-0.545152863046228,0.57029201510808
0.02,0.35,0.0240584341978155,0.350108053587754,0.00405843419781546,0.000108053587754287,0.00405987237679026,-0.0753395400154978,-0.142503370265466,-0.503201507036794,0.528390946435655
0.04,0.05,0.0363626311994224,0.0503111801027179,-0.00363736880057761,0.000311180102717939,0.00365065539975261,-0.160124836780923,-0.144717409508245,0.478760936622109,0.525163838499201
0.04,0.065,0.0347553411532005,0.0656317938647095,-0.00524465884679948,0.000631793864709518,0.00528257606729866,-0.189402941405823,-0.145277071235607,0.523597714089599,0.575444394624093
0.04,0.08,0.0337181652940169,0.0809278003127248,-0.00628183470598315,0.000927800312724797,0.00634998115694737,-0.217059558918998,-0.137603382277792,0.543495166095728,0.60119868157546
0.04,0.095,0.0332148364074416,0.0961962426285715,-0.00678516359255843,0.00119624262857146,0.00688980706581773,-0.242681771949719,-0.123823522859146,0.539125536562016,0.604058301156709
0.04,0.11,0.0332012214567572,0.11143429620391,-0.00679877854324284,0.00143429620390975,0.00694842394220511,-0.26586140454839,-0.106123509017059,0.511744165661576,0.586369830082417
0.04,0.125,0.0336254522375763,0.126639344132734,-0.0063745477624237,0.00163934413273439,0.0065819684260069,-0.286207429503226,-0.086663382698053,0.46320309211928,0.551348061453959
0.04,0.14,0.0344283078955969,0.141809053170025,-0.00557169210440313,0.00180905317002453,0.00585802238628737,-0.303359037066961,-0.0674856786750466,0.395939443871221,0.503339542226615
0.04,0.155,0.0355438607741559,0.156941446368283,-0.00445613922584409,0.00194144636828295,0.00486069859187189,-0.316998663759414,-0.0504225039544226,0.312936252494853,0.448286409592094
0.04,0.17,0.0369003818661553,0.172034968320886,-0.0030996181338447,0.00203496832088634,0.00370792780979752,-0.326864197294422,-0.0370073667038852,0.217655232785448,0.394441584389376
0.04,0.185,0.0384214852423877,0.187088539082727,-0.00157851475761227,0.00208853908272688,0.00261795804780699,-0.332759543743341,-0.0283981398257835,0.11394329521607,0.352872266424153
0.04,0.2,0.0400274739149954,0.202101593287217,2.74739149953877e-05,0.00210159328721726,0.00210177286139151,-0.334562806276454,-0.025317128139089,0.0059168544945376,0.335571988379315
0.04,0.215,0.041636834386268,0.217074101806781,0.00163683438626796,0.00207410180678055,0.00264218188491246,-0.332231464918362,-0.0280131076975229,-0.102169930892145,0.348714138836201
0.04,0.23,0.0431678153367058,0.232006574407367,0.00316781533670576,0.00200657440736685,0.00374985264507391,-0.32580415805492,-0.0362485116215923,-0.206065278713566,0.387202497001056
0.04,0.245,0.0445400191184762,0.246900043142817,0.00454001911847617,0.00190004314281719,0.00492157876506063,-0.315398928377909,-0.0493128392442036,-0.301659711720293,0.439212666556975
0.04,0.26,0.0456759335965279,0.261756027539442,0.00567593359652792,0.00175602753944212,0.00594136810099101,-0.301208076019507,-0.0660611299477755,-0.385117274716816,0.493363149419418
0.04,0.275,0.0465023367024332,0.276576483830869,0.00650233670243323,0.00157648383086936,0.00669071624422997,-0.283490017967507,-0.0849742573197232,-0.452990382130463,0.541100431639851
0.04,0.29,0.0469515161641085,0.29136374146849,0.0069515161641085,0.0013637414684905,0.00708402200538242,-0.262558767833064,-0.104236128249272,-0.502312253761269,0.576300856627918
0.04,0.305,0.046962261032515,0.306120430792475,0.00696226103251504,0.00112043079247479,0.0070518397490019,-0.238771786357789,-0.121821798702906,-0.530662977238406,0.594524081430481
0.04,0.32,0.0464805981366177,0.320849405982354,0.00648059813661775,0.000849405982353835,0.00653602652467016,-0.212517012245166,-0.135590130566626,-0.536207536599782,0.59251144712381
0.04,0.335,0.045460263731475,0.335553667316329,0.00546026373147496,0.000553667316329332,0.0054882627045753,-0.184199855293035,-0.1433748863754,-0.517706357981984,0.567898281504199
0.04,0.35,0.0438629165617181,0.350236286377403,0.00386291656171814,0.000236286377403361,0.00387013638195641,-0.154230846964801,-0.143068977331743,-0.474500810833919,0.519045998310476
0.06,0.05,0.0566758366984966,0.0503843315323891,-0.00332416330150342,0.000384331532389093,0.00334630727546809,-0.224297472540851,-0.144531806799939,0.431642979547631,0.507460485687887
0.06,0.065,0.0550459669222745,0.0658651398738012,-0.00495403307772549,0.000865139873801157,0.00502900693342522,-0.266242012612647,-0.14949942768431,0.478867879157119,0.567936594055087
0.06,0.08,0.0539835802195564,0.0813092418322805,-0.00601641978044359,0.00130924183228051,0.00615722511768948,-0.305851403847228,-0.146137297716008,0.501774119017732,0.605542624964677
0.06,0.095,0.0534524923108188,0.0967123278881563,-0.00654750768918122,0.00171232788815628,0.00676771185382807,-0.342539283721472,-0.136477579926812,0.501033375996601,0.622091260483826
0.06,0.11,0.0534087123915074,0.112070271372036,-0.00659128760849259,0.00207027137203641,0.00690876949186623,-0.375726671525017,-0.12260760179386,0.477882198585478,0.620143778365505
0.06,0.125,0.053800575744443,0.127379234467477,-0.00619942425555699,0.00237923446747687,0.00664030253464541,-0.404859502521015,-0.106588922073794,0.43413421285581,0.603115485279446
0.06,0.14,0.0545691255955828,0.142635775238103,-0.00543087440441717,0.00263577523810302,0.0060366967707804,-0.429427052947484,-0.0903701745527791,0.372168101251106,0.575400938879443
0.06,0.155,0.0556487553584449,0.157836950489997,-0.00435124464155505,0.00283695048999702,0.0051943833140572,-0.448980275177144,-0.075698745944504,0.294889163071413,0.542471570129789
0.06,0.17,0.0569681074644285,0.172980408916373,-0.0030318925355715,0.00298040891637319,0.00425149499071221,-0.46314894292717,-0.0640370818026373,0.20566408163157,0.510790694565099
0.06,0.185,0.0584512082735348,0.188064469099334,-0.00154879172646524,0.00306446909933419,0.00343361714125808,-0.471656474836984,-0.0564896315732072,0.10823063532228,0.487202431642359
0.06,0.2,0.0600188019397962,0.203088177526594,1.88019397962016e-05,0.00308817752659382,0.00308823476256246,-0.47433139251546,-0.0537460403300503,0.00658624821480753,0.477413452007345
0.06,0.215,0.0615898311201501,0.218051342801514,0.00158983112015014,0.00305134280151415,0.00344067666062216,-0.471114562865577,-0.0560451559838989,-0.0951387607773163,0.483883008916671
0.06,0.23,0.0630830008161591,0.232954543770443,0.00308300081615907,0.00295454377044263,0.00427015490631181,-0.462061673689056,-0.063162830041765,-0.192815898283965,0.5046485414577
0.06,0.245,0.0644183549528623,0.247799110915351,0.00441835495286233,0.00279911091535059,0.00523038071328636,-0.447340753373889,-0.0744245259340873,-0.2824530605663,0.534260759626648
0.06,0.26,0.0655187941807463,0.262587082221406,0.0055187941807463,0.00258708222140616,0.00609508684349576,-0.427224930307472,-0.0887416556765926,-0.360320836493568,0.565888620551077
0.06,0.275,0.066311468132794,0.277321136338888,0.00631146813279396,0.00232113633888753,0.00672475307316022,-0.402080989945299,-0.104668611356257,-0.423063260682254,0.592967369695527
0.06,0.29,0.0667289852853014,0.292004507250683,0.00672898528530139,0.00200450725068307,0.00702120305131846,-0.37235458221022,-0.12047588612457,-0.467787238552482,0.609910474778595
0.06,0.305,0.0667103974911844,0.306640885584329,0.00671039749118441,0.00164088558432873,0.00690810683114787,-0.338553123726246,-0.134233662399982,-0.492126827638736,0.61223302316972
0.06,0.32,0.0662019325141324,0.321234312156884,0.0062019325141324,0.00123431215688413,0.00632356651032347,-0.30122752371101,-0.143899865700384,-0.494280730765908,0.596457748754596
0.06,0.335,0.0651574647638817,0.335789069298274,0.00515746476388174,0.000789069298274436,0.00521747766149133,-0.260953830431961,-0.147406918689003,-0.473023450408117,0.559981590823067
0.06,0.35,0.0635387301779194,0.350309575004017,0.00353873017791936,0.000309575004016654,0.00355224548071063,-0.218315769938072,-0.14274218111883,-0.427692359413812,0.500958539922961
0.08,0.05,0.0771097358450558,0.0503736085392548,-0.00289026415494423,0.000373608539254833,0.00291431127815125,-0.266785699922777,-0.141112803820871,0.367552756430316,0.475587805250876
0.08,0.065,0.0754486647449694,0.0660117465534802,-0.00455133525503057,0.00101174655348024,0.00466243323728751,-0.320157547675231,-0.151892600070039,0.417996337455171,0.547992193869308
0.08,0.08,0.074351441295946,0.0816012424386945,-0.00564855870405401,0.00160124243869453,0.00587113215492725,-0.370531486355611,-0.154217680214961,0.444962782194473,0.599226022232669
0.08,0.095,0.0737819931799682,0.0971364737734027,-0.00621800682003182,0.0021364737734027,0.00657481018725254,-0.417169090675525,-0.149994674844067,0.449122391017384,0.631065290411727
0.08,0.11,0.0736965228632091,0.112612051444196,-0.00630347713679091,0.00261205144419646,0.00682324239355269,-0.45934238863356,-0.141180662193565,0.43168592239063,0.645975669129663
0.08,0.125,0.0740436429436799,0.128022954916074,-0.00595635705632011,0.00302295491607385,0.00667955431200237,-0.496355735372056,-0.129707323082765,0.394414989352137,0.647117177172699
0.08,0.14,0.0747647571548509,0.143364668962887,-0.00523524284514906,0.00336466896288717,0.00622324391917115,-0.527568722467044,-0.117399511792411,0.339609532297622,0.638318299109091
0.08,0.155,0.0757946977760234,0.158633315405613,-0.00420530222397657,0.0036333154056134,0.00555747673244342,-0.55241891557448,-0.105892938254595,0.270070399231725,0.623956601688153
0.08,0.17,0.0770626154689008,0.173825772876986,-0.00293738453109924,0.00382577287698616,0.00482335629928207,-0.570443069047801,-0.0965563120947923,0.189036768012292,0.6086598393409
0.08,0.185,0.078493101270698,0.188939777790922,-0.001506898729302,0.00393977779092203,0.00421812669584668,-0.581295436896463,-0.0904234769001171,0.100100096800553,0.59674453373824
0.08,0.2,0.0800075041087936,0.203974000358659,7.50410879359846e-06,0.00397400035865886,0.00397400744366056,-0.584761906238266,-0.0881406779823977,0.00709828966834661,0.591412510295873
0.08,0.215,0.0815253926575513,0.218928090817613,0.00152539265755132,0.00392809081761258,0.0042138723558176,-0.580768922405573,-0.0899331465769851,-0.0860044356879882,0.593953225660912
0.08,0.23,0.0829660988988863,0.2338026928103,0.00296609889888633,0.00380269281029949,0.00482267719088455,-0.569386535603241,-0.0955937257358355,-0.175245130600662,0.603368384556244
0.08,0.245,0.0842502743124998,0.24859942297,0.00425027431249984,0.0035994229699996,0.00556962094297779,-0.550825339823322,-0.104494469044035,-0.256789576306657,0.61666214927903
0.08,0.26,0.0853013884380839,0.263320818011103,0.00530138843808392,0.00332081801110334,0.00625560162049329,-0.525427540620003,-0.115620232349832,-0.32705206384474,0.629610339806312
0.08,0.275,0.0860471042442841,0.277970252685726,0.00604710424428408,0.00297025268572615,0.00673720051344042,-0.493652829948851,-0.127621492735119,-0.382800685227595,0.63758993215746
0.08,0.29,0.0864204743738832,0.292551833721379,0.00642047437388318,0.00255183372137952,0.00690900474216513,-0.456060102760274,-0.138882185059624,-0.421242707272943,0.636182878764509
0.08,0.305,0.0863609159691173,0.307070276067519,0.00636091596911728,0.00207027606751864,0.0066893418930349,-0.413286288979664,-0.147597403296953,-0.440086409212696,0.62150654478387
0.08,0.32,0.0858149376801,0.32153076840445,0.00581493768009997,0.00153076840445049,0.00601304848903701,-0.366023679929124,-0.151855446890569,-0.437577767857404,0.590348030538639
0.08,0.335,0.0847366089708683,0.335938834881529,0.00473660897086825,0.000938834881529294,0.00482875506499198,-0.314997095492095,-0.149718885663021,-0.412512319818432,0.540192086615742
0.08,0.35,0.0830877773172092,0.350300199507417,0.00308777731720919,0.00030019950741722,0.00310233597550702,-0.260942091588138,-0.139299981391138,-0.364224215110846,0.469207597138508
0.1,0.05,0.09766184572035,0.0502524892270154,-0.00233815427965001,0.000252489227015429,0.00235174748755144,-0.282017547450681,-0.131567529449513,0.288341986961612,0.424247375542893
0.1,0.065,0.0959610783573003,0.0660442191504619,-0.00403892164269967,0.00104421915046193,0.00417172406446774,-0.345291195900075,-0.149278389604646,0.342771630643486,0.508924494625255
0.1,0.08,0.0948195517794958,0.0817755821267844,-0.0051804482205042,0.00177558212678436,0.00547628849260895,-0.40496899734417,-0.15838501652011,0.37475574861016,0.574047323759359
0.1,0.095,0.0942013349200699,0.0974396938953153,-0.00579866507993015,0.00243969389531534,0.00629099539119529,-0.460186257480332,-0.160644392710133,0.384961390866087,0.62110954169764
0.1,0.11,0.0940628738385946,0.113029953735076,-0.00593712616140543,0.00302995373507564,0.00666558974833762,-0.51009222471222,-0.15785863212184,0.374566532531778,0.6522408350241
0.1,0.125,0.0943531304862936,0.128540207398899,-0.00564686951370641,0.00354020739889904,0.00666484836527031,-0.553875371192005,-0.151805147320771,0.345268397012159,0.670103062211493
0.1,0.14,0.0950139626452216,0.143964911872524,-0.00498603735477836,0.00396491187252351,0.00637032924267836,-0.590789763998072,-0.144161956055642,0.299270408995176,0.677778245094901
0.1,0.155,0.0959807552776867,0.159299294256765,-0.00401924472231326,0.00429929425676484,0.00588542770273275,-0.620181151791624,-0.136432400705838,0.239246067469769,0.678588626834352
0.1,0.17,0.0971832991105532,0.174539496524423,-0.00281670088944685,0.00453949652442281,0.00534236208019051,-0.641511237990678,-0.129874116733637,0.168279587364526,0.675816002640104
0.1,0.185,0.0985468964405286,0.189682698034147,-0.00145310355947142,0.00468269803414656,0.00490297571211082,-0.654378588733887,-0.125437223357629,0.0897849357126917,0.67231864138362
0.1,0.2,0.0999936582245524,0.204727208442477,-6.34177544759896e-06,0.00472720844247676,0.00472721269637187,-0.65853474631962,-0.12371634625392,0.00740669509887598,0.670099786534925
0.1,0.215,0.1014439422979,0.219672525204017,0.00144394229790035,0.00467252520401717,0.00489054814329043,-0.653894397411127,-0.124920213622611,-0.0750921887595677,0.669945440449797
0.1,0.23,0.102817871556948,0.234519351943821,0.00281787155694783,0.00451935194382053,0.00532587477355316,-0.640538845877457,-0.128861260373016,-0.153949499279714,0.671268083527006
0.1,0.245,0.104036864569039,0.249269576434085,0.00403686456903932,0.0042695764340851,0.00587584534133258,-0.618712535725365,-0.134966075867721,-0.225522752159709,0.672225214366139
0.1,0.26,0.105025109990067,0.263926209570192,0.00502510999006714,0.00392620957019196,0.00637705668795092,-0.588812886202078,-0.14230582701867,-0.286401189703778,0.670061431509486
0.1,0.275,0.105710920681824,0.27849328919285,0.0057109206818242,0.00349328919285014,0.0066946011396476,-0.551374195058221,-0.149644194529901,-0.333504518783234,0.661541392363434
0.1,0.29,0.106027912781026,0.292975754680506,0.00602791278102599,0.0029757546805057,0.00672241388298936,-0.507046765890964,-0.155499064254931,-0.36416338176533,0.643347261627101
0.1,0.305,0.105915968206409,0.307379299751252,0.00591596820640941,0.00237929975125195,0.00637649959817725,-0.456572686643504,-0.158213358714125,-0.376178178376189,0.612375437735087
0.1,0.32,0.10532195457059,0.321710211650207,0.00532195457059031,0.00171021165020674,0.00558999323254778,-0.400759811940711,-0.156030044094547,-0.367854664167458,0.565927079504315
0.1,0.335,0.104200192516839,0.33597520502568,0.0042001925168394,0.000975205025680326,0.00431191860088126,-0.340455469964671,-0.147166495497608,-0.338016527207839,0.501821369495309
0.1,0.35,0.1025126756324,0.350181258184506,0.00251267563239951,0.000181258184505539,0.00251920490693086,-0.276521264528479,-0.129883972704719,-0.285996684506522,0.418483856563113
0.12,0.05,0.118329071737708,0.0499955033088545,-0.00167092826229237,-4.49669114555018e-06,0.00167093431287967,-0.265705273202797,-0.112606244063997,0.196198066778692,0.348960622768316
0.12,0.065,0.116580272658138,0.0659362744142705,-0.00341972734186194,0.000936274414270521,0.00354558103439982,-0.337161484353864,-0.138045686050972,0.255303080545466,0.444876539317028
0.12,0.08,0.115385176894319,0.0818052102081389,-0.00461482310568068,0.0018052102081389,0.00495533815115509,-0.404500244809636,-0.154712026514296,0.293148739673031,0.522966864654554
0.12,0.095,0.114708024203113,0.0975942258462252,-0.0052919757968872,0.00259422584622521,0.00589364196198435,-0.466758936185463,-0.164195577275102,0.310395912676827,0.584099879696038
0.12,0.11,0.114505553646915,0.113295569942751,-0.0054944463530848,0.0032955699427506,0.00640700569490054,-0.52299268213747,-0.168126313989673,0.308182951196898,0.629895650583461
0.12,0.125,0.11472714634739,0.128902013299262,-0.00527285365260978,0.00390201329926171,0.00655962601292601,-0.572302039842795,-0.168110667229321,0.288131829247477,0.662431626903041
0.12,0.14,0.115315204086074,0.144407039653694,-0.00468479591392577,0.00440703965369382,0.00643189795195519,-0.613861749151157,-0.165664206437592,0.25233464487013,0.684068131118135
0.12,0.155,0.116205773396937,0.159805029701783,-0.00379422660306332,0.00480502970178304,0.00612245587574223,-0.64694906059951,-0.162144031792043,0.203319044099543,0.697264948141741
0.12,0.17,0.117329410763993,0.175091428919655,-0.00267058923600692,0.00509142891965508,0.00574932129136789,-0.670970012602896,-0.15868515802586,0.143992530997474,0.704359165676792
0.12,0.185,0.118612269185175,0.190262889926481,-0.00138773081482486,0.005262889926481,0.00544277568825591,-0.685482010124799,-0.156145270003929,0.0775672139934401,0.707311782571533
0.12,0.2,0.119977371002812,0.205317380973717,-2.26289971876971e-05,0.00531738097371659,0.00531742912422506,-0.690211197892971,-0.155061893843562,0.00746813910024967,0.707458705881277
0.12,0.215,0.121346018076644,0.220254253859171,0.00134601807664406,0.00525425385917128,0.00542392369777349,-0.685063414814317,-0.155625256216751,-0.0627702057020428,0.705320837424832
0.12,0.23,0.122639279832579,0.23507426693658,0.00263927983257887,0.00507426693658047,0.00571961388367531,-0.670127943410345,-0.157668959935459,-0.129613558345752,0.700526051744727
0.12,0.245,0.123779493482095,0.249779561719088,0.00377949348209478,0.004779561719088,0.0060933390852445,-0.645673782555628,-0.160679207785698,-0.189637489933357,0.691867498441515
0.12,0.26,0.124691709739259,0.264373594490556,0.0046917097392592,0.00437359449055635,0.00641408364813591,-0.612138721003047,-0.163821823710894,-0.239630728673523,0.67748035941451
0.12,0.275,0.125305021613753,0.278861027234233,0.00530502161375335,0.00386102723423254,0.00656130974927076,-0.570112002162043,-0.16598492773992,-0.276686561549309,0.655086879302049
0.12,0.29,0.125553722958709,0.293247584509939,0.00555372295870893,0.00324758450993917,0.0064335560813043,-0.520311796047557,-0.16583398366696,-0.298277763909005,0.622252927217776
0.12,0.305,0.125378256197848,0.307539884687174,0.00537825619784796,0.00253988468717403,0.00594782766678988,-0.463558986285485,-0.16187517522182,-0.302311939580526,0.576615834962124
0.12,0.32,0.124725923603549,0.321745254850534,0.00472592360354909,0.00174525485053395,0.00503788332535547,-0.400748915350661,-0.152522738635081,-0.287165760773572,0.516070589823095
0.12,0.335,0.123551352089718,0.335871538846054,0.0035513520897183,0.000871538846053566,0.00365673100259328,-0.332822715029032,-0.136165982664981,-0.251698175843157,0.438936269263132
0.12,0.35,0.121816716148266,0.349926907331739,0.00181671614826606,-7.30926682610544e-05,0.0018181859370054,-0.260739693659294,-0.111232199742223,-0.195244049610255,0.344206893226836
0.14,0.05,0.139107754469045,0.0495784420701636,-0.000892245530954933,-0.000421557929836391,0.000986819728074481,-0.21494984208824,-0.0807917642690393,0.093517093078858,0.24794411955783
0.14,0.065,0.137302779049403,0.0656629615313353,-0.00269722095059671,0.000662961531335271,0.00277750226793215,-0.292770994397441,-0.114425225331991,0.157896230933292,0.351766393752066
0.14,0.08,0.136045086857237,0.0816644767767271,-0.00395491314276264,0.0016644767767271,0.00429089977825869,-0.366038055288244,-0.139103656044573,0.202318877178635,0.440757950722192
0.14,0.095,0.135299118325496,0.0975737725963018,-0.00470088167450386,0.00257377259630182,0.00535934640559466,-0.433719532898298,-0.156240856533835,0.227435893687438,0.514055149578499
0.14,0.11,0.13502195381529,0.113382016732069,-0.00497804618471025,0.00338201673206862,0.00601822074978148,-0.494805610701283,-0.167285065735855,0.234339530452692,0.572481115586337
0.14,0.125,0.135163460781254,0.129080972242037,-0.00483653921874595,0.0040809722420373,0.00632822613808535,-0.548337260361483,-0.173662679115487,0.22456741361303,0.617467967187463
0.14,0.14,0.135666670730322,0.144663212008001,-0.00433332926967796,0.00466321200800107,0.00636579050794268,-0.593436307005747,-0.176718594437815,0.200088731227275,0.650719727595474
0.14,0.155,0.136468394888181,0.160122325576928,-0.00353160511181892,0.0051223255769281,0.0062217725755509,-0.629334925808179,-0.177656529740085,0.163271442222989,0.674008229959023
0.14,0.17,0.137500074002638,0.175453107908846,-0.00249992599736155,0.00545310790884601,0.00599883454162582,-0.655402907862759,-0.177483036647227,0.116830579183264,0.688990786983121
0.14,0.185,0.138688842869108,0.190651719690085,-0.00131115713089216,0.00565171969008538,0.00580181596374688,-0.671171026025967,-0.176958990875434,0.0637591030934075,0.69703389161861
0.14,0.2,0.139958775369073,0.205715809892676,-4.12246309266865e-05,0.005715809892676,0.00571595855473147,-0.676348981527718,-0.176562036275894,0.00724416424343733,0.699056962959967
0.14,0.215,0.141232262586477,0.220644593118275,0.00123226258647695,0.00564459311827514,0.00577753429699123,-0.670836711226744,-0.176462786834414,-0.0494271380973197,0.695420726736593
0.14,0.23,0.142431466378731,0.235438876878394,0.00243146637873089,0.00543887687839406,0.00595763463542606,-0.654728268160871,-0.17651660865164,-0.102967477451735,0.685882743282543
0.14,0.245,0.143479784855049,0.250101037021637,0.00347978485504873,0.00510103702163689,0.00617490739473368,-0.628308000097963,-0.176271610203609,-0.150188988776568,0.669630091847794
0.14,0.26,0.144303265199566,0.264634942842203,0.00430326519956592,0.00463494284220323,0.0063246175005518,-0.59203930492772,-0.174992205152007,-0.188097410978888,0.645381941468827
0.14,0.275,0.14483190343145,0.279045836470098,0.00483190343144962,0.0040458364700981,0.00630206978013021,-0.546546751424764,-0.171696420136996,-0.213975679753533,0.611540803282072
0.14,0.29,0.145000779341731,0.29334017385062,0.00500077934173071,0.00334017385062035,0.00601369731338788,-0.49259278643743,-0.165204141585503,-0.225452895965557,0.566367091110302
0.14,0.305,0.144750987118879,0.30752543652905,0.00475098711887906,0.00252543652905013,0.00538049331065614,-0.431050548578032,-0.154192828899369,-0.220555839533731,0.508159989514461
0.14,0.32,0.144030336534318,0.321609924542035,0.00403033653431803,0.00160992454203507,0.00433998497818892,-0.362874451617929,-0.137256919139783,-0.197741594294755,0.435453763711122
0.14,0.335,0.142793814579667,0.335602540932132,0.0027938145796674,0.000602540932131745,0.00285805099332681,-0.289070198775561,-0.112967212281149,-0.155911233224491,0.347320965270699
0.14,0.35,0.141003811604962,0.349512577784092,0.0010038116049616,-0.00048742221590814,0.0011158934334498,-0.210665742667906,-0.0799269058366943,-0.0944057537228564,0.244296750209975
0.16,0.05,0.159993723520696,0.0489785418714324,-6.27647930431796e-06,-0.00102145812856763,0.00102147741169805,-0.128243735706982,-0.0327778615939042,-0.0172215975679054,0.133481966717499
0.16,0.065,0.158124647534569,0.065200854514318,-0.00187535246543133,0.00020085451431795,0.00188607778352889,-0.210603409702924,-0.0747509365463406,0.0529303936071418,0.229658868495557
0.16,0.08,0.156795606265562,0.0813293335923396,-0.00320439373443826,0.00132933359233955,0.00346918823430346,-0.288062739022843,-0.107581128567449,0.104507530087281,0.324770606879511
0.16,0.095,0.155971270912086,0.0973537113543832,-0.00402872908791435,0.00235371135438317,0.00466589918489025,-0.359549471813164,-0.132502628122547,0.138146222573192,0.407330144679344
0.16,0.11,0.155609110087278,0.113264151874812,-0.00439088991272193,0.00326415187481183,0.00547125229609098,-0.424016885617173,-0.150779383842543,0.154886740417893,0.475936914639108
0.16,0.125,0.155659541711691,0.129051484759268,-0.0043404582883093,0.00405148475926825,0.00593751689741897,-0.480473402510208,-0.163655768011582,0.156175198321559,0.531065544568358
0.16,0.14,0.156066307941147,0.144707440909818,-0.00393369205885319,0.00470744090981823,0.00613465020464206,-0.528012999939231,-0.172304550082724,0.143849607805996,0.573743885769036
0.16,0.155,0.156767081311462,0.160224879735041,-0.00323291868853801,0.00522487973504132,0.00614419494257334,-0.565844906349316,-0.177775059556734,0.120109070833367,0.605156197314509
0.16,0.17,0.157694297282071,0.175597996452228,-0.00230570271792935,0.00559799645222786,0.00605424060494977,-0.593320948284385,-0.180944716199631,0.0874662712020696,0.626438341552013
0.16,0.185,0.158776194169161,0.190822498305315,-0.00122380583083918,0.00582249830531506,0.00594972160920095,-0.609958918603464,-0.182477134492458,0.0486846233413144,0.638531283045851
0.16,0.2,0.159938027248313,0.205895739568808,-6.19727516869568e-05,0.0058957395688079,0.00589606527144661,-0.615460490168936,-0.182789735257069,0.006702627676631,0.642069265485108
0.16,0.215,0.161103411196538,0.220816807261388,0.00110341119653793,0.00581680726138767,0.005920537389864,-0.609722494515019,-0.182033223129199,-0.0354509635452392,0.637305713950828
0.16,0.23,0.162195735350413,0.235586552240796,0.00219573535041326,0.00558655224079568,0.00600256775623514,-0.592840803421687,-0.180084459940079,-0.0747467786964443,0.624084579678888
0.16,0.245,0.163139590519437,0.250207563720382,0.00313959051943676,0.00520756372038206,0.00608076874511575,-0.565106549043976,-0.17655326414425,-0.108244447168423,0.601860995627513
0.16,0.26,0.163862145207135,0.264684088730105,0.00386214520713525,0.00468408873010501,0.00607098450273879,-0.52699494696738,-0.170802607580527,-0.13317739984088,0.569768461721475
0.16,0.275,0.164294412977947,0.279021901466005,0.00429441297794658,0.00402190146600462,0.00588367863053431,-0.479147483862577,-0.161980681872612,-0.147028465470448,0.526725142914695
0.16,0.29,0.164372360981708,0.293228130307996,0.00437236098170786,0.00322813030799612,0.00543492095984518,-0.422348648694574,-0.149062479893054,-0.147592670756602,0.471574867659102
0.16,0.305,0.164037821352166,0.307311052433659,0.00403782135216588,0.00231105243365853,0.00465241492379234,-0.357498682275592,-0.130897965600876,-0.133024705721993,0.403281327357634
0.16,0.32,0.163239180898205,0.32127986717215,0.00323918089820521,0.00127986717215023,0.00348286561176933,-0.285583970286051,-0.10626363289822,-0.101869709674157,0.321290946045892
0.16,0.335,0.16193183894081,0.335144459486448,0.00193183894080956,0.000144459486448256,0.00193723262321619,-0.207646712234206,-0.0739142848352947,-0.053077229453097,0.22671069218508
0.16,0.35,0.160078436712915,0.348915164380961,7.84367129146035e-05,-0.00108483561903888,0.00108766752193321,-0.124755371516712,-0.0326321603387316,0.0140007191623929,0.129710400253972
0.18,0.05,0.180982356951209,0.0481746384448769,0.000982356951209268,-0.00182536155512308,0.00207291340545391,-0.00538606380457558,0.0344844792196121,-0.133569242490197,0.138054122541184
0.18,0.065,0.179041504089551,0.0645282131295093,-0.000958495910448498,-0.000471786870490654,0.0010683151508398,-0.09052641257844,-0.0156846260780484,-0.0572517087172503,0.108253408752736
0.18,0.08,0.177632668410593,0.0807775013011793,-0.00236733158940669,0.000777501301179317,0.00249173977925833,-0.170512657765196,-0.0565246834065335,0.00191537677748688,0.179647714704895
0.18,0.095,0.176720782101023,0.0969112666152379,-0.00327921789897687,0.00191126661523794,0.00379555135698272,-0.244257647394776,-0.0890930816927845,0.0445492451800324,0.263788046875254
0.18,0.11,0.176263747424888,0.11291875263306,-0.00373625257511236,0.00291875263306024,0.00474117076659656,-0.310703318347335,-0.114473023959273,0.0716331333273423,0.338780556439967
0.18,0.125,0.17621259350844,0.128789935375235,-0.00378740649155954,0.00378993537523481,0.00535799011577695,-0.36885001144591,-0.133730925011406,0.0845165026793526,0.401345224350254
0.18,0.14,0.176511848801725,0.144515777746119,-0.00348815119827527,0.00451577774611928,0.00570608862833161,-0.41778639446523,-0.14787171773404,0.0849011647590754,0.451243588953847
0.18,0.155,0.177100136644772,0.160088474483378,-0.00289986335522789,0.00508847448337763,0.00585677215255799,-0.456718538853219,-0.15779451038508,0.074812608939108,0.488967594816819
0.18,0.17,0.177910988871765,0.175501675554416,-0.0020890111282347,0.005501675554416,0.00588493002506801,-0.484996590074133,-0.164251263279865,0.056556761712956,0.515170481689519
0.18,0.185,0.178873858869087,0.190750676106526,-0.00112614113091295,0.00575067610652569,0.00585990354262759,-0.502137489448766,-0.167811158687635,0.0326634230919982,0.530444674027881
0.18,0.2,0.179915301969519,0.205832562218663,-8.46980304813411e-05,0.00583256221866257,0.00583317716094218,-0.507842357312442,-0.168833096870332,0.00581863131090332,0.53520502031919
0.18,0.215,0.180960279086139,0.220746303846317,0.000960279086139149,0.00574630384631702,0.00582598865579689,-0.502007429524175,-0.1674482680515,-0.0212109098357585,0.529624661222478
0.18,0.23,0.181933530288673,0.235492789273224,0.00193353028867341,0.00549278927322444,0.00582316695426698,-0.484727834220751,-0.163554063649945,-0.0456575498625855,0.51361209425336
0.18,0.245,0.182760959555031,0.250074798944618,0.00276095955503075,0.00507479894461837,0.00577723826692438,-0.456293959792375,-0.156819765896709,-0.0648324159944089,0.486827777282063
0.18,0.26,0.183370971139489,0.264496920216054,0.00337097113948864,0.00449692021605363,0.00562011902479095,-0.417180660170347,-0.146703584639938,-0.0762010027868564,0.448741871383749
0.18,0.275,0.183695701598932,0.278765408171164,0.00369570159893162,0.00376540817116405,0.00527603155826562,-0.36803000769871,-0.132479786113698,-0.0774508387421852,0.398743344068796
0.18,0.29,0.183672099419448,0.29288800072197,0.00367209941944781,0.0028880007219701,0.00467170871485035,-0.309628697791829,-0.11327397193476,-0.0665480995312133,0.336347881886027
0.18,0.305,0.183242815233489,0.306873698451328,0.00324281523348907,0.00187369845132834,0.00374520981055254,-0.242881493331473,-0.0881040840332354,-0.0417809207097333,0.261724117862118
0.18,0.32,0.182356878724798,0.320732521013963,0.00235687872479839,0.000732521013962761,0.00246808921218507,-0.168782246581495,-0.0559244691203834,-0.00178816687184323,0.177815117258693
0.18,0.335,0.180970151969591,0.334475252234514,0.000970151969591243,-0.000524747765485556,0.00110297554890571,-0.0883840565084038,-0.0156703419252786,0.0544265685953503,0.104974070665416
0.18,0.35,0.179045562050499,0.348113185434254,-0.000954437949501369,-0.00188681456574635,0.00211447889678781,-0.00277001263568413,0.0336997897969477,0.127495030364532,0.131902764390676
0.2,0.05,0.202068644641693,0.0471472902538618,0.00206864464169293,-0.00285270974613822,0.00352381094119943,0.152669147015451,0.123586922160215,-0.253202661264007,0.320458189403575
0.2,0.065,0.200048611751941,0.0636251105990003,4.86117519406248e-05,-0.00137488940099972,0.00137574851168668,0.0663762219738607,0.0656110972003538,-0.170435279070174,0.19431633864071
0.2,0.08,0.198551873003798,0.0799886011461047,-0.00144812699620198,-1.13988538952836e-05,0.00144817185824027,-0.0146002359424914,0.0171411597817334,-0.103383749976701,0.105807321049592
0.2,0.095,0.197543651804663,0.0962256455609622,-0.0024563481953368,0.00122564556096216,0.00274515090620545,-0.0891808530012067,-0.0227111063492243,-0.0514546922221917,0.105435323219774
0.2,0.11,0.196982327693217,0.112324654443702,-0.00301767230678342,0.00232465444370189,0.00380924722665128,-0.156318421653664,-0.0548566086792053,-0.0137259406850085,0.166232118721725
0.2,0.125,0.196819598028375,0.128274834178445,-0.00318040197162471,0.00327483417844499,0.00456502963817605,-0.215026256522416,-0.0801926776952865,0.0110521898231514,0.229759391953342
0.2,0.14,0.197000847515784,0.1440664573167,-0.00299915248421637,0.00406645731670002,0.00505282007715734,-0.264406961828941,-0.099565216435885,0.0244433121089928,0.28358757637807
0.2,0.155,0.197465732193355,0.159691122569954,-0.00253426780664548,0.00469112256995396,0.00533189875017626,-0.303680242950728,-0.113731306207305,0.0282985287630469,0.325511277370918
0.2,0.17,0.19814897259135,0.175141991768322,-0.00185102740865047,0.00514199176832231,0.00546501434701407,-0.332208312867568,-0.123324475967782,0.0247174283921656,0.355221965755718
0.2,0.185,0.198981337932211,0.190413991324378,-0.00101866206778951,0.00541399132437786,0.00550899033115797,-0.349517470459998,-0.128824830637431,0.0159976441900776,0.37284677057436
0.2,0.2,0.199890790441082,0.205503966983275,-0.000109209558918172,0.00550396698327532,0.00550505034316163,-0.35531457463357,-0.130536025522017,0.00457494074413106,0.378562481409131
0.2,0.215,0.200803747506092,0.220410782835231,0.000803747506091732,0.00541078283523067,0.00547015364899154,-0.349497401856204,-0.128570674018383,-0.00704347626376421,0.372463355548007
0.2,0.23,0.201646410710981,0.235135358659824,0.00164641071098142,0.00513535865982423,0.00539282641981606,-0.332158235929921,-0.122845215388691,-0.0163491927687578,0.354524664526028
0.2,0.245,0.202346105681964,0.249680643285195,0.00234610568196408,0.00468064328519541,0.00523570753902364,-0.30358046289316,-0.11308460130514,-0.0209028373495011,0.324632769515057
0.2,0.26,0.202832575807499,0.264051525555767,0.00283257580749859,0.00405152555576721,0.00494351545302137,-0.264228392565493,-0.0988364546902747,-0.0184008273616253,0.282708402451119
0.2,0.275,0.20303917641563,0.278254688185725,0.00303917641562987,0.00325468818572533,0.00445304260833207,-0.214730952687059,-0.0794936859745153,-0.00673537439654314,0.229072179275637
0.2,0.29,0.202903923325354,0.292298412996096,0.00290392332535444,0.0022984129960964,0.00370344069483533,-0.155860263409939,-0.0543239907859157,0.0159549464717941,0.165825502250696
0.2,0.305,0.202370360167827,0.306192348438546,0.00237036016782649,0.00119234843854621,0.00265335676532991,-0.0885063630762067,-0.0225042511408676,0.0512460332137216,0.104718558985523
0.2,0.32,0.201388221266951,0.31994725171518,0.00138822126695087,-5.27482848195482e-05,0.00138922304457063,-0.0136495050848253,0.0168423468243093,0.100401629096613,0.102715449593773
0.2,0.335,0.199913879797707,0.333574718209441,-8.61202022932883e-05,-0.00142528179055917,0.00142788125267566,0.0676685266673549,0.0646086796779561,0.16435951434471,0.18912269409628
0.2,0.35,0.197910583427379,0.347086910373885,-0.00208941657262132,-0.0029130896261147,0.00358493413938411,0.154372719756609,0.121667573901316,0.243730008408166,0.313110996500346
