target_x,target_y,gaze_x,gaze_y,error_px_x,error_px_y,error_px_xy,error_deg_x,error_deg_y,error_deg_z,error_deg_xyz
-0.2,0.05,-0.197924814988751,0.0527807008646394,0.00207518501124868,0.00278070086463938,0.0034696815602469,-0.154174538760732,0.118459019951384,-0.232004253980655,0.302702023116654
-0.2,0.065,-0.199926361332518,0.0662934320685749,7.36386674822231e-05,0.00129343206857487,0.00129552659925083,-0.0711060560174353,0.0642277307417245,-0.157647568966738,0.184483218758066
-0.2,0.08,-0.201403961507802,0.0799167178363142,-0.00140396150780178,-8.32821636858397e-05,0.00140642946292278,0.00673586548608918,0.0189223682275906,-0.0983920811559906,0.100421273233657
-0.2,0.095,-0.202393420806801,0.0936642561358081,-0.00239342080680147,-0.00133574386419195,0.00274092590727232,0.0783498818728512,-0.0183488172062489,-0.0535869071585094,0.096679583781034
-0.2,0.11,-0.20293737896684,0.107549213773457,-0.00293737896683996,-0.00245078622654273,0.00382551281830885,0.142765754631723,-0.0484914482930981,-0.0222542370399236,0.152409796326899
-0.2,0.125,-0.203085108750693,0.12158389373627,-0.00308510875069257,-0.00341610626372998,0.00460300749605028,0.199070842299464,-0.0723879072049169,-0.00309194760914286,0.211846219300782
-0.2,0.14,-0.202892104901473,0.135779398133054,-0.00289210490147292,-0.00422060186694592,0.00511641973262467,0.24643693281553,-0.0908588982200815,0.00551135152773826,0.262710862268213
-0.2,0.155,-0.202419459286009,0.150145302613654,-0.00241945928600868,-0.00485469738634643,0.00542419302289774,0.284146119047461,-0.10462579374976,0.00544838989573684,0.302845624317498
-0.2,0.17,-0.201733030112476,0.1646893592143,-0.00173303011247631,-0.00531064078570038,0.0055862598333316,0.311614349664713,-0.114276025342659,-0.00114722282213954,0.331909832752442
-0.2,0.185,-0.200902426028582,0.179417244413515,-0.000902426028582329,-0.00558275558648511,0.00565522171762465,0.328411313678946,-0.120233747465118,-0.0119527700061133,0.349933414139504
-0.2,0.2,-0.199999838442691,0.194332367527929,1.61557308633222e-07,-0.00566763247207082,0.00566763247437344,0.334275466674573,-0.122737767633629,-0.0245174626141747,0.356940002313743
-0.2,0.215,-0.199098766194138,0.20943575145725,0.000901233805861764,-0.00556424854274958,0.00563676185573942,0.32912326043627,-0.121828305325419,-0.0363299574099276,0.352823632594675
-0.2,0.23,-0.198272684717457,0.224725993554196,0.0017273152825427,-0.00527400644580405,0.00554966323984512,0.313051986806474,-0.117343551635208,-0.0448890568124008,0.337322414967869
-0.2,0.245,-0.197593716058479,0.240199309285569,0.00240628394152118,-0.0048006907144312,0.00536999383080174,0.286336053188127,-0.108926307084331,-0.0477740210543622,0.310057845290465
-0.2,0.26,-0.197131356037086,0.255849655966707,0.0028686439629137,-0.00415034403329352,0.00504524268798403,0.249416931910009,-0.0960402493613426,-0.0427109536292763,0.270660113814259
-0.2,0.275,-0.196951310507302,0.271668928788949,0.0030486894926985,-0.00333107121105133,0.00451558889138341,0.202887426660279,-0.077994703817225,-0.0276320363261696,0.219112002552379
-0.2,0.29,-0.197114484646813,0.287647217022699,0.00288551535318675,-0.00235278297730067,0.00372314203217554,0.147471236296489,-0.0539762277721282,-0.000724961378566823,0.157040567070635
-0.2,0.305,-0.197676158250871,0.303773105218641,0.00232384174912881,-0.00122689478135922,0.00262783395204502,0.083999036825346,-0.0230849274888328,0.0395293388668017,0.0956625465857166
-0.2,0.32,-0.198685367511564,0.320034002510193,0.00131463248843555,3.40025101927821e-05,0.0013150721464428,0.0133824329651215,0.0156267652391598,0.0943317123240315,0.0965492592353337
-0.2,0.335,-0.20018450080703,0.336416482957696,-0.000184500807030002,0.00141648295769606,0.00142844829001197,-0.0634128546038714,0.0631151196173644,0.164552743013707,0.187302816130051
-0.2,0.35,-0.202209103983636,0.352906620957687,-0.00220910398363611,0.00290662095768672,0.00365083357634672,-0.145393291191863,0.12030800775151,0.250733040531133,0.313816076163778
-0.18,0.05,-0.179011015567424,0.0518155772265677,0.000988984432576334,0.00181557722656767,0.00206746484214592,0.00291113785123174,0.0304722125618578,-0.115723174423092,0.119703336514927
-0.18,0.065,-0.18093295350511,0.0654503080567131,-0.000932953505109718,0.000450308056713061,0.00103594381538634,0.0846365224176036,-0.0161627593217389,-0.0473718199350036,0.0983293822398691
-0.18,0.08,-0.182322313583171,0.0791854327965558,-0.00232231358317092,-0.00081456720344418,0.00246102826223248,0.161336925540375,-0.0540376209188506,0.0044219466004981,0.170203533836885
-0.18,0.095,-0.183215201187938,0.0930338167964686,-0.00321520118793775,-0.00196618320353137,0.00376873918821205,0.232007338802972,-0.0842126759627671,0.0403297923099271,0.250091526253736
-0.18,0.11,-0.183654738773423,0.107007844454115,-0.00365473877342337,-0.00299215554588476,0.00472335794882551,0.295670114315879,-0.10776533441547,0.061387809712602,0.320628937029115
-0.18,0.125,-0.183690868217662,0.121119100552131,-0.00369086821766183,-0.00388089944786916,0.00535573419099729,0.351402218708139,-0.125746635966828,0.0689954687049938,0.379547938033919
-0.18,0.14,-0.183379935800935,0.135378046552752,-0.00337993580093474,-0.0046219534472483,0.00572594268980845,0.398363037069572,-0.13913593511172,0.0649003632124775,0.426924839030274
-0.18,0.155,-0.182784054891463,0.149793707333435,-0.00278405489146252,-0.00520629266656504,0.0059039347022647,0.435821358396867,-0.148796263520171,0.0511681048138987,0.463357237516515
-0.18,0.17,-0.181970254154388,0.164373384969764,-0.00197025415438824,-0.0056266150302359,0.00596160197693209,0.463180073720583,-0.155433097481524,0.0301376671863342,0.489494601419245
-0.18,0.185,-0.181009432625961,0.179122416004388,-0.00100943262596089,-0.00587758399561197,0.00596363545598054,0.479997140010027,-0.159559242189833,0.0043635080910844,0.505842968127456
-0.18,0.2,-0.17997515624202,0.194043987078617,2.48437579797899e-05,-0.00595601292138322,0.00595606473537641,0.486001508785406,-0.16146827569983,-0.02345318807201,0.512660975773105
-0.18,0.215,-0.178942341815503,0.209139020714803,0.00105765818449733,-0.00586097928519693,0.00595564597812376,0.481102992013111,-0.161218480399417,-0.0505409309276442,0.509909393080219
-0.18,0.23,-0.17798588295409,0.224406138856157,0.00201411704590955,-0.00559386114384289,0.00594541419677542,0.465395412608432,-0.158628470179443,-0.0741381430042488,0.497246314976245
-0.18,0.245,-0.177179276834001,0.239841706705414,0.00282072316599898,-0.00515829329458586,0.0058791554573912,0.439152831946018,-0.153284869371308,-0.0915729908981829,0.474065771556284
-0.18,0.26,-0.176593310710139,0.255439954109753,0.00340668928986149,-0.00456004589024687,0.00569206029824125,0.402819109280709,-0.144561505301908,-0.100338664939214,0.439579411610149
-0.18,0.275,-0.176294862469336,0.271193166684754,0.00370513753066398,-0.00380683331524611,0.00531225225410112,0.356991491106364,-0.131648742355413,-0.0981603300580183,0.392950851534292
-0.18,0.29,-0.176345860949763,0.287091934712973,0.00365413905023668,-0.0029080652870274,0.0046700723668995,0.302399288829582,-0.113590895818025,-0.0830506585242483,0.333535526640924
-0.18,0.305,-0.176802440317529,0.30312544474078,0.00319755968247062,-0.00187455525921983,0.00370652739674623,0.239878967632722,-0.089329192564616,-0.0533517639410529,0.261473044739581
-0.18,0.32,-0.177714309446116,0.319281797345368,0.00228569055388364,-0.000718202654632252,0.00239587068958943,0.170347100390309,-0.0577475221989885,-0.00776237815921008,0.180036641036422
-0.18,0.335,-0.17912434377171,0.3355483343012,0.000875656228290167,0.000548334301200049,0.00103317197794748,0.094772647641731,-0.0177182526711602,0.0546498596886624,0.110825999717231
-0.18,0.35,-0.181068394359455,0.351911959670999,-0.00106839435945508,0.00191195967099943,0.0021902183203607,0.0141499159413016,0.0318543626693894,0.134450202826887,0.138894877626331
-0.16,0.05,-0.159998488702506,0.0510685774539964,1.51129749445533e-06,0.00106857745399642,0.00106857852271585,0.125257291828341,-0.0361087446507831,-0.00179453868645387,0.130370465586937
-0.16,0.065,-0.161848516567595,0.0648326009848398,-0.00184851656759491,-0.000167399015160191,0.00185608079860481,0.204034867658011,-0.0747655205439883,0.0608440226056654,0.225659414148603
-0.16,0.08,-0.163158040968983,0.0786864577648501,-0.00315804096898337,-0.0013135422351499,0.00342032395619187,0.27808044104667,-0.104832423692099,0.105475747297435,0.315347353010297
-0.16,0.095,-0.163963431654388,0.092642086925498,-0.00396343165438812,-0.00235791307450196,0.00461178322841751,0.346407780499898,-0.12754557745115,0.1327878300137,0.392300183226284
-0.16,0.11,-0.164308244261511,0.106710997594471,-0.00430824426151118,-0.003289002405529,0.00542019422534096,0.408053744647274,-0.144162394358824,0.143870028864623,0.456059577047609
-0.16,0.125,-0.164243026602373,0.120903966955179,-0.0042430266023728,-0.00409603304482099,0.00589752163647653,0.462105631739604,-0.155911360352836,0.140215500788374,0.50745643867961
-0.16,0.14,-0.163824900342098,0.135230732818965,-0.00382490034209776,-0.00476926718103522,0.00611357277466125,0.507729284230605,-0.163939367938454,0.123705581651523,0.547695624897735
-0.16,0.155,-0.163116912478358,0.14969969558385,-0.00311691247835837,-0.0053003044161502,0.00614885113672525,0.544196538341213,-0.169259556005612,0.0965776373369332,0.578038704304217
-0.16,0.17,-0.162187164277798,0.164317645694523,-0.00218716427779822,-0.00568235430547742,0.00608874683584844,0.570910487448331,-0.17270289715082,0.0613762109694575,0.599612705007811
-0.16,0.185,-0.161107739562472,0.179089532548968,-0.0011077395624717,-0.00591046745103235,0.00601337778856259,0.587427038288,-0.17487678277674,0.0208889024642766,0.613263688196409
-0.16,0.2,-0.159953468038807,0.194018289278127,4.65319611935089e-05,-0.00598171072187277,0.00598189170610604,0.593471380238421,-0.176133553040201,-0.0219303819868941,0.619448130929634
-0.16,0.215,-0.158800571452725,0.20910472484245,0.0011994285472754,-0.00589527515755027,0.00601605335940835,0.588948272015262,-0.176551312349288,-0.0640471221932605,0.618171637765927
-0.16,0.23,-0.157725249239132,0.22434749079318,0.0022747507608676,-0.00565250920681969,0.00609305763613385,0.573945443085844,-0.175928507620217,-0.102436355255919,0.608983505247668
-0.16,0.245,-0.156802264988088,0.239743125081704,0.00319773501191208,-0.00525687491829574,0.00615306778062904,0.548729878795156,-0.173792716278251,-0.134172460855577,0.591027693773269
-0.16,0.26,-0.156103595103803,0.255286170100118,0.00389640489619658,-0.0047138298998818,0.00611573081815447,0.513737252687041,-0.16942300741001,-0.156513728939738,0.563142273807664
-0.16,0.275,-0.155697196080441,0.270969357284284,0.00430280391955891,-0.0040306427157165,0.00589577834318167,0.469555238480546,-0.161884227923768,-0.166977329825814,0.523996152332992
-0.16,0.29,-0.155645937937539,0.286783846455662,0.00435406206246103,-0.00321615354433805,0.00541308600195125,0.416901818368908,-0.150070735640931,-0.16340113010304,0.472260038397619
-0.16,0.305,-0.156006739186015,0.30271950522991,0.00399326081398521,-0.00228049477009,0.00459856372413362,0.356599979018788,-0.132756539773098,-0.143989877871206,0.406843488694774
-0.16,0.32,-0.156829924851071,0.318765212358736,0.00317007514892934,-0.00123478764126406,0.00340206951264635,0.289550318648759,-0.108648556020654,-0.107344495262796,0.327363754802002
-0.16,0.335,-0.158158814834704,0.334909168820167,0.00184118516529619,-9.08311798333561e-05,0.00184342429086108,0.216703086831226,-0.0764397401088134,-0.052474420553436,0.235705122713714
-0.16,0.35,-0.160029536712082,0.351139201730284,-2.95367120819456e-05,0.00113920173028439,0.00113958457327377,0.139031053231228,-0.0348591901378463,0.02120597457143,0.144894794403123
-0.14,0.05,-0.140882612441714,0.0505199198481126,-0.000882612441714364,0.000519919848112602,0.00102436388589721,0.211910561940033,-0.0837995889697766,0.107315206336032,0.25188313374657
-0.14,0.065,-0.142668716142784,0.0644200605955276,-0.00266871614278413,-0.000579939404472402,0.00273100266635103,0.286006136144615,-0.114340661300087,0.164633553805473,0.349253319906971
-0.14,0.08,-0.143907158337955,0.0783991089135058,-0.00390715833795491,-0.00160089108649422,0.00422240909300215,0.355754291715297,-0.136459096826419,0.202535869779886,0.431513452703362
-0.14,0.095,-0.144634536924946,0.0924679882521672,-0.00463453692494564,-0.00253201174783281,0.00528109988542614,0.420213081163204,-0.151569267061748,0.221719659420809,0.498711794456171
-0.14,0.11,-0.144894788926803,0.106637243409115,-0.00489478892680296,-0.00336275659088457,0.00593861015116252,0.478459056017419,-0.161111881718477,0.22332281279146,0.552046685577639
-0.14,0.125,-0.144739000757636,0.120916758020133,-0.00473900075763581,-0.00408324197986715,0.00625547705990695,0.529613909859392,-0.166496843429053,0.208926586052635,0.593182563476324
-0.14,0.14,-0.144224987262516,0.135315466234141,-0.00422498726251562,-0.00468453376585884,0.00630835747020497,0.572872053047499,-0.16904295282982,0.180540655968237,0.62398452369076
-0.14,0.155,-0.14341663330883,0.149841072792125,-0.00341663330883035,-0.00515892720787495,0.00618772277200275,0.607527711551016,-0.169917884313833,0.140569112633137,0.646317346695597
-0.14,0.17,-0.142383005426947,0.164499796885585,-0.00238300542694649,-0.00550020311441461,0.0059942430018037,0.63300000712989,-0.170082221593814,0.0917575189659549,0.661846873704414
-0.14,0.185,-0.141197255827575,0.179296155100627,-0.00119725582757532,-0.00570384489937292,0.00582814448626367,0.648854468449158,-0.170241382197454,0.0371225690511085,0.671846341425036
-0.14,0.2,-0.139935355550104,0.19423279723793,6.46444498957757e-05,-0.00576720276206977,0.0057675650498046,0.654819559660947,-0.170808926449592,-0.0201327226022725,0.677033976327654
-0.14,0.215,-0.13867470613751,0.209310406007395,0.00132529386248958,-0.00568959399260496,0.00584190753287306,0.650797093837297,-0.171884042907829,-0.0767141227359058,0.677474269311873
-0.14,0.23,-0.137492688473873,0.224527667555574,0.00250731152612703,-0.0054723324444263,0.00601938813097894,0.636865800086095,-0.173244983947164,-0.129336482087931,0.672565975566309
-0.14,0.245,-0.136465212442471,0.239881315002374,0.00353478755752951,-0.00511868499762592,0.00622058350814344,0.613277794813874,-0.174359000400526,-0.174823665028703,0.661119412754855
-0.14,0.26,-0.135665330925648,0.255366242185067,0.00433466907435179,-0.00463375781493258,0.00634516094922663,0.580448221365434,-0.174408033642434,-0.210202565122155,0.641504261320344
-0.14,0.275,-0.135161976679947,0.270975680056188,0.00483802332005345,-0.00402431994381225,0.00629298185723954,0.538938799431076,-0.172328216942743,-0.232786196952921,0.611837408664544
-0.14,0.29,-0.135018871196066,0.286701424280366,0.00498112880393364,-0.00329857571963359,0.00597429878224496,0.489436424299432,-0.166860255928476,-0.240241820164437,0.570183456140096
-0.14,0.305,-0.135293641997777,0.302534099839719,0.00470635800222277,-0.00246590016028099,0.00531323528987378,0.432728233060007,-0.156607100599509,-0.23064131840655,0.514758883099625
-0.14,0.32,-0.136037170354011,0.318463447123795,0.00396282964598907,-0.00153655287620541,0.00425029570083129,0.369674680987082,-0.14009503784239,-0.202492472812851,0.444173591061928
-0.14,0.335,-0.137293176574004,0.334478614055387,0.00270682342599635,-0.000521385944612721,0.00275658055618955,0.301182166011067,-0.115834424684723,-0.154751166184392,0.357877983257776
-0.14,0.35,-0.13909803632456,0.350568440087842,0.000901963675440209,0.000568440087842279,0.00106614380140755,0.228176594190219,-0.082376691639198,-0.0868157960583173,0.25765785799375
-0.12,0.05,-0.121659131798863,0.0501481153843118,-0.00165913179886265,0.000148115384311753,0.00166573001806026,0.26305573987818,-0.11556058746196,0.208999120241835,0.355293693192363
-0.12,0.065,-0.123389555572675,0.064190636001885,-0.00338955557267481,-0.000809363998115015,0.00348484677736276,0.330665857114408,-0.13813599213092,0.261486698934864,0.443618911045333
-0.12,0.08,-0.124565984553688,0.0783008119230627,-0.00456598455368754,-0.00169918807693727,0.00487190466504825,0.394401689402342,-0.152445833389766,0.29322552710135,0.514563323689689
-0.12,0.095,-0.125225208278405,0.0924884671212374,-0.00522520827840545,-0.00251153287876259,0.00579746487301323,0.453393212554659,-0.160079261780703,0.304918627909088,0.569358246142898
-0.12,0.11,-0.125411491396841,0.106763098407696,-0.00541149139684124,-0.00323690159230362,0.00630569354285035,0.506784227875018,-0.162657481965627,0.297745800725233,0.609871940397479
-0.12,0.125,-0.125176387837894,0.121133614905327,-0.00517638783789415,-0.00386638509467301,0.00646095385748947,0.55375738711336,-0.161769726726644,0.273368925672266,0.638397583126951
-0.12,0.14,-0.124578317861566,0.135608071587585,-0.00457831786156596,-0.0043919284124147,0.00634429110471055,0.593560275693602,-0.158905320273681,0.233917502392493,0.657485241889537
-0.12,0.155,-0.123681901156853,0.150193410245094,-0.00368190115685348,-0.00480658975490575,0.0060547255264631,0.625531201681437,-0.15538572010691,0.181953013756384,0.669735778301283
-0.12,0.17,-0.122557053329603,0.164895222387774,-0.00255705332960322,-0.00510477761222625,0.0057094024381472,0.649123196646769,-0.152300888431217,0.120412125003311,0.677540341511243
-0.12,0.185,-0.121277868489955,0.179717548543907,-0.0012778684899553,-0.00528245145609252,0.00543481750048653,0.663924709751299,-0.150454422484692,0.0525303273611685,0.682786574168124
-0.12,0.2,-0.119921325635296,0.194662726978013,7.86743647041837e-05,-0.00533727302198728,0.00533785284237912,0.669675604457995,-0.150321513434233,-0.0182507467274067,0.686586267929008
-0.12,0.215,-0.118565869586298,0.209731302235739,0.00143413041370225,-0.00526869776426143,0.00546039432409778,0.666277331236218,-0.152022999604638,-0.0883876806459962,0.689096931153628
-0.12,0.23,-0.117289927035098,0.224921999915152,0.00271007296490195,-0.00507800008484793,0.00575591698487809,0.653796545732428,-0.155317602538875,-0.154345568458929,0.689493852387217
-0.12,0.245,-0.116170423299255,0.240231769743197,0.00382957670074473,-0.0047682302568034,0.00611569108840385,0.632461914198434,-0.159613004801524,-0.212707959903117,0.686101075233446
-0.12,0.26,-0.115281365347293,0.255655894024769,0.00471863465270718,-0.0043441059752312,0.00641379526565733,0.602654356339567,-0.16399491900003,-0.260280189219498,0.676637055288234
-0.12,0.275,-0.114692551483157,0.271188154234509,0.00530744851684348,-0.00381184576549148,0.00653446079633503,0.56489144790903,-0.167271887641961,-0.294180442075924,0.658505230050644
-0.12,0.29,-0.114468458239718,0.28682104470507,0.00553154176028245,-0.00317895529492968,0.00637994600391806,0.519807100294588,-0.168032410843699,-0.311914021972561,0.629069666239613
-0.12,0.305,-0.114667341891815,0.302546019882889,0.00533265810818515,-0.00245398011711075,0.00587020109655263,0.468127898950144,-0.16471024243135,-0.311427744789063,0.585886870507358
-0.12,0.32,-0.115340576970739,0.318353760453605,0.00465942302926067,-0.00164623954639452,0.00494169278787319,0.410647609874505,-0.155653385849592,-0.291143013125966,0.52690193268423
-0.12,0.335,-0.11653223884343,0.334234443733306,0.00346776115657044,-0.000765556266693751,0.00355125947186246,0.348201341378433,-0.139192448863822,-0.249967714013075,0.450670186671573
-0.12,0.35,-0.118278923215953,0.350178005099638,0.00172107678404654,0.000178005099637987,0.00173025752767647,0.281640703850921,-0.113704519723132,-0.187288488983816,0.356829922403555
-0.1,0.05,-0.102324212308202,0.0499300950396887,-0.00232421230820185,-6.99049603113122e-05,0.00232526333069463,0.28016572508111,-0.134641159456063,0.30061070642193,0.43242196951225
-0.1,0.065,-0.104007426549622,0.0641206070255698,-0.00400742654962236,-0.000879392974430168,0.00410277949128335,0.339493991368507,-0.149719013223645,0.348847455599347,0.50928205157007
-0.1,0.08,-0.10513118932074,0.0783672369590622,-0.00513118932073961,-0.00163276304093783,0.00538470231239618,0.395503285443734,-0.156671763816601,0.375117638846451,0.567172601757589
-0.1,0.095,-0.105732445167865,0.0926786327359517,-0.00573244516786475,-0.0023213672640483,0.00618463204864857,0.447423966278575,-0.157253163593693,0.380125799500403,0.60779589559834
-0.1,0.11,-0.105855730961791,0.107063166470155,-0.00585573096179087,-0.00293683352984486,0.0065509217884888,0.494495699574751,-0.153255085305611,0.365087004209243,0.633486958682778
-0.1,0.125,-0.105552993772968,0.121528698362986,-0.00555299377296792,-0.00347130163701358,0.00654871551510322,0.53598989289841,-0.146436944580144,0.331734520092152,0.647133052588078
-0.1,0.14,-0.104883166545389,0.136082334670361,-0.00488316654538919,-0.00391766532963887,0.00626046461095841,0.571233241286713,-0.138450427010001,0.282305997065345,0.652056133780354
-0.1,0.155,-0.103911494163405,0.150730192166667,-0.00391149416340528,-0.00426980783333268,0.00579059975511541,0.599631149834082,-0.130763862340483,0.219506461007466,0.651800868146511
-0.1,0.17,-0.102708617118789,0.165477182594967,-0.00270861711878907,-0.00452281740503309,0.00527185773475228,0.620689655083854,-0.124591147335427,0.146447999140558,0.649792385237188
-0.1,0.185,-0.101349435764281,0.18032683050555,-0.0013494357642807,-0.00467316949445042,0.00486410217879742,0.634034432509162,-0.120830241721703,0.0665678080027131,0.648872392652102
-0.1,0.2,-0.0999117936643267,0.19528113665316,8.82063356732724e-05,-0.00471886334683952,0.00471968766379708,0.639425585433308,-0.120015878580326,-0.0164718972985245,0.650803171149785
-0.1,0.215,-0.0984750320460712,0.210340496500627,0.00152496795392885,-0.00465950349937332,0.00490270334827451,0.636767153851247,-0.122290232194068,-0.0988969912008534,0.655905955341756
-0.1,0.23,-0.0971184774493852,0.225503679778827,0.00288152255061481,-0.00449632022117327,0.0053404183114278,0.626110643261341,-0.127393948581339,-0.176941214054239,0.662990839718145
-0.1,0.245,-0.0959199299489662,0.240767872825073,0.00408007005103379,-0.00423212717492656,0.00587859439373859,0.607652322320172,-0.134678311819771,-0.246965623550167,0.669609374998863
-0.1,0.26,-0.0949542193138912,0.256128780842822,0.00504578068610879,-0.00387121915717822,0.00635973588250426,0.581724508728339,-0.143137588415717,-0.305570758331311,0.672510560525769
-0.1,0.275,-0.0942918910555674,0.271580783110279,0.0057081089444326,-0.00341921688972091,0.00665383737857067,0.548781512930699,-0.151458978587656,-0.349695239053069,0.668126327621018
-0.1,0.29,-0.0939980741987501,0.287117130712771,0.00600192580124989,-0.00288286928722903,0.00665838183427156,0.509381274284107,-0.158086299491745,-0.376695798523265,0.652966231828835
-0.1,0.305,-0.0941315690362172,0.302730174071748,0.00586843096378278,-0.0022698259282521,0.00629210550779706,0.464163974944648,-0.161292673295453,-0.384405386733399,0.623886904269045
-0.1,0.32,-0.0947441776140336,0.318411606502258,0.00525582238596636,-0.00158839349774217,0.00549059767752972,0.413829029309413,-0.159257157965598,-0.371167825733215,0.57826092819987
-0.1,0.335,-0.0958802838938753,0.334152710289912,0.00411971610612472,-0.000847289710088073,0.0042059434908097,0.359111821003968,-0.150140429825176,-0.335849278589307,0.514101118280621
-0.1,0.35,-0.0975766759604831,0.349944593104356,0.00242332403951687,-5.5406895643581e-05,0.00242395736855771,0.300761418748869,-0.132155225350087,-0.277828350778985,0.430246321235211
-0.08,0.05,-0.0828744899776645,0.0498413679905516,-0.00287448997766451,-0.000158632009448434,0.00287886379429722,0.266086249853867,-0.144379780568782,0.379584881298718,0.485523950126328
-0.08,0.065,-0.084519156442702,0.0641847487451174,-0.00451915644270195,-0.000815251254882632,0.00459210295640269,0.31543188254785,-0.152758603312413,0.424232015717763,0.55027956000381
-0.08,0.08,-0.0855998369199027,0.078572469184948,-0.00559983691990268,-0.00142753081505195,0.00577892877248267,0.3620865257494,-0.153130776942298,0.445848142939983,0.5944236055077
-0.08,0.095,-0.0861535943655654,0.0930119331412286,-0.0061535943655654,-0.00198806685877143,0.0064667714859011,0.40540857378221,-0.147397358113616,0.445136429801508,0.619864728520924
-0.08,0.11,-0.0862251811411433,0.107510319771495,-0.00622518114114332,-0.00248968022850549,0.00670457961995064,0.444761564734336,-0.137503522284574,0.423340414357125,0.629238551009766
-0.08,0.125,-0.0858668603064648,0.122074373981376,-0.00586686030646483,-0.00292562601862356,0.0065558628308118,0.479533054644177,-0.125362070556463,0.382253956696235,0.625930973164267
-0.08,0.14,-0.0851379804858427,0.136710191161942,-0.00513798048584269,-0.00328980883805802,0.00610095776611057,0.509154565153993,-0.112771481706592,0.324208146891378,0.614060510096264
-0.08,0.155,-0.0841042964294186,0.151423007549678,-0.00410429642941865,-0.00357699245032209,0.00544427443928021,0.533121555303784,-0.101333266498229,0.252033200241024,0.598340213636582
-0.08,0.17,-0.0828370423131848,0.166217008475611,-0.00283704231318484,-0.00378299152438855,0.00472861861016479,0.551012225619546,-0.0923740359550497,0.168995093218754,0.583703455161649
-0.08,0.185,-0.0814117810086064,0.181095166802493,-0.00141178100860636,-0.00390483319750731,0.0041522100039156,0.562503927491244,-0.0868778640677271,0.0787086518747755,0.57459224725005
-0.08,0.2,-0.0799070684830869,0.196059122570082,9.29315169131018e-05,-0.00394087742991842,0.00394197300656361,0.567386032352918,-0.0854341247983561,-0.0149691674795598,0.573979730128601
-0.08,0.215,-0.0784029863213702,0.211109112542573,0.00159701367862976,-0.00389088745742658,0.00420588372355799,0.565568320768687,-0.0882049977588626,-0.108060260992212,0.582518317281519
-0.08,0.23,-0.0769796058172453,0.226243954974899,0.00302039418275474,-0.00375604502510146,0.00481981900591798,0.557084268121446,-0.0949153508323133,-0.196593706739713,0.598334475541763
-0.08,0.245,-0.075715452465871,0.241461090995645,0.00428454753412903,-0.00353890900435461,0.00555708777268393,0.542088989550806,-0.104865882583149,-0.27673380547729,0.617610409925017
-0.08,0.26,-0.074686039679804,0.256756679798984,0.00531396032019603,-0.00324332020101595,0.00622553613843306,0.520852023337409,-0.116968468658537,-0.344900214498381,0.635553894300143
-0.08,0.275,-0.0739625350778605,0.272125741043864,0.00603746492213948,-0.00287425895613586,0.0066867291879507,0.493745526610542,-0.129800849235277,-0.397873330888042,0.647256168942963
-0.08,0.29,-0.0736106122091057,0.287562334729789,0.00638938779089432,-0.00243766527021128,0.00683860280408386,0.461228777627488,-0.141676339162166,-0.432879477235539,0.648223182386268
-0.08,0.305,-0.0736895267152937,0.303059766784075,0.00631047328470627,-0.00194023321592474,0.00660201317850617,0.423830097776328,-0.150723300561202,-0.447652282937341,0.634622839992945
-0.08,0.32,-0.0742514399754399,0.318610807711591,0.00574856002456009,-0.00138919228840936,0.00591403395070965,0.382127403505258,-0.154968761358868,-0.440468674275837,0.603367787397314
-0.08,0.335,-0.0753409971078947,0.33420791199762,0.00465900289210533,-0.000792088002379815,0.00472585562117167,0.336728572636421,-0.152420777324808,-0.41015985411042,0.552133760994355
-0.08,0.35,-0.0769951512848725,0.349843427277544,0.00300484871512754,-0.000156572722456311,0.00300892519319126,0.288252682435823,-0.141144826202338,-0.356099348231169,0.479394991057778
-0.06,0.05,-0.0633071163728045,0.0498562088388818,-0.00330711637280445,-0.000143791161118206,0.00331024086756342,0.225034926417481,-0.147972609267493,0.443571488930752,0.518935562355729
-0.06,0.065,-0.064922051164922,0.0643565274012607,-0.00492205116492203,-0.000643472598739314,0.00496393439274117,0.262887203681472,-0.150770935246653,0.485359968978826,0.572205013589276
-0.06,0.08,-0.0659694259630217,0.0788892128906288,-0.00596942596302175,-0.00111078710937118,0.00607189380097703,0.298736884363844,-0.145654919209736,0.503242598132482,0.603088345319709
-0.06,0.095,-0.0664863856829929,0.0934603670333527,-0.00648638568299287,-0.00153963296664733,0.00666660850061875,0.332095421591955,-0.134648612666278,0.497919548846942,0.61346971436078
-0.06,0.11,-0.0665178404625874,0.108075917585499,-0.00651784046258744,-0.00192408241450118,0.006795905931775,0.362475736478177,-0.119825637303772,0.470656107092081,0.606025938436814
-0.06,0.125,-0.0661162899747713,0.122741437188412,-0.00611628997477134,-0.00225856281158796,0.0065199776862637,0.389406630979936,-0.103227719039376,0.423294634475474,0.584358446323934
-0.06,0.14,-0.0653413980257552,0.137461956941761,-0.00534139802575519,-0.00253804305823935,0.0059137294015721,0.412448148477528,-0.0867770900002623,0.35824219012937,0.553157827375735
-0.06,0.155,-0.064259309167161,0.152241784746485,-0.00425930916716097,-0.00275821525351538,0.00507439316235808,0.431207066588184,-0.07218786726835,0.278431605882044,0.518340249313683
-0.06,0.17,-0.0629417142184636,0.167084339388431,-0.00294171421846365,-0.00291566061156867,0.00414183043411536,0.445351595844581,-0.0608822576029812,0.187255637692221,0.486940236811505
-0.06,0.185,-0.0614646880997802,0.181992011327042,-0.00146468809978024,-0.00300798867295751,0.00334564001145947,0.454624313811693,-0.0539176510725472,0.0884759443985004,0.466282717363459
-0.06,0.2,-0.0599073395960012,0.196966060007072,9.26604039987603e-05,-0.00303393999292823,0.00303535464668604,0.458852421774103,-0.0519302516681331,-0.0138891775328031,0.461991733327756
-0.06,0.215,-0.0583503268798093,0.212006555392384,0.00164967312019073,-0.00299344460761602,0.00341791340182066,0.457954570755578,-0.0550998361849626,-0.115692393600891,0.475546431979562
-0.06,0.23,-0.0568743032004829,0.227112368299427,0.00312569679951714,-0.0028876317005731,0.00425539625894774,0.451943742863283,-0.0631386158897136,-0.212792872336806,0.503509751254926
-0.06,0.245,-0.0555583627657929,0.24228121061248,0.00444163723420707,-0.00271878938752043,0.00520768250318588,0.440925985499976,-0.0753051838578846,-0.301191571385422,0.539263483652449
-0.06,0.26,-0.0544785568021248,0.257509722612239,0.00552144319787524,-0.00249027738776089,0.00605704684275729,0.425095121033641,-0.0904424088779237,-0.37715809661664,0.575444788458986
-0.06,0.275,-0.0537065441970959,0.272793601278861,0.00629345580290405,-0.00220639872113915,0.00666901651368109,0.404723870151311,-0.107036160179823,-0.437341795953839,0.605416722119699
-0.06,0.29,-0.0533084304495999,0.288127760628427,0.00669156955040009,-0.00187223937157283,0.00694855260556536,0.380152083960035,-0.123290159800621,-0.478861269154329,0.623721113423205
-0.06,0.305,-0.0533438345177081,0.303506513403313,0.00665616548229189,-0.0014934865966868,0.00682165970582945,0.351772954259664,-0.137211239311601,-0.499368470476026,0.626054234426357
-0.06,0.32,-0.053865206847296,0.318923762737427,0.00613479315270399,-0.00107623726257278,0.00622848084783231,0.320018146224982,-0.146698904125192,-0.49708577082027,0.609122270545955
-0.06,0.335,-0.0549174054295496,0.334373192827266,0.00508259457045043,-0.000626807172734306,0.00512109898355455,0.285342782727032,-0.149633362337468,-0.470816464959927,0.57050984186756
-0.06,0.35,-0.0565375215186553,0.349848448935628,0.00346247848134465,-0.000151551064371647,0.0034657935539912,0.24821110231226,-0.143956947805916,-0.419931027172665,0.508602123759401
-0.04,0.05,-0.0436197976967548,0.0499478710443503,-0.00361979769675477,-5.21289556497384e-05,0.00362017303363365,0.162500816161831,-0.148231155485168,0.490570757736833,0.537625129444723
-0.04,0.065,-0.0452139324556715,0.0646083246400562,-0.00521393245567145,-0.000391675359943833,0.00522862326429159,0.187631101710151,-0.146852028702768,0.530288065267422,0.581359854583583
-0.04,0.08,-0.0462379241169398,0.0792890261099993,-0.0062379241169398,-0.00071097389000066,0.00627831037469173,0.211493115998661,-0.137621855419748,0.545445833215277,0.60098550872845
-0.04,0.095,-0.04672896335203,0.0939947281200553,-0.00672896335203005,-0.0010052718799447,0.00680364015403306,0.233771937840499,-0.122657064622303,0.536740906172842,0.5981539303052
-0.04,0.11,-0.0467320597078383,0.108730059579263,-0.00673205970783827,-0.00126994042073686,0.00685079386510212,0.254150956537902,-0.10412807732574,0.505453812690858,0.575257943725038
-0.04,0.125,-0.0462998684560795,0.123499374518868,-0.00629986845607945,-0.00150062548113167,0.00647612688252219,0.272321076663761,-0.084174091048484,0.453462316242207,0.535606392540692
-0.04,0.14,-0.0454922654371458,0.138306596198968,-0.00549226543714584,-0.00169340380103225,0.00574739906961552,0.287990655783419,-0.0648111931253596,0.383229646413286,0.48374110895539
-0.04,0.155,-0.0443756612981901,0.15315506519789,-0.00437566129819013,-0.00184493480211043,0.00474870468870377,0.300895646924845,-0.047839179401294,0.297765016762356,0.426018331512082
-0.04,0.17,-0.0430220619207505,0.168047401016336,-0.00302206192075051,-0.0019525989836644,0.00359798569255876,0.31080934439325,-0.0347532633324926,0.200555951702454,0.371528479797216
-0.04,0.185,-0.0415078985011254,0.182985386716072,-0.00150789850112535,-0.00201461328392802,0.00251643091967082,0.317551084120825,-0.0266671101573979,0.095474187739038,0.332664180815333
-0.04,0.2,-0.0399126672392213,0.197969885076731,8.73327607787102e-05,-0.00203011492326916,0.00203199252281729,0.320993287670837,-0.0242532099150978,-0.0133407725090815,0.322184975837528
-0.04,0.215,-0.0383174330073885,0.213000792875642,0.00168256699261154,-0.00199920712435847,0.00261301756800667,0.321066330261192,-0.0277054899358692,-0.121614277373133,0.344443859535178
-0.04,0.23,-0.0368032620851397,0.228077037101608,0.00319673791486032,-0.00192296289839153,0.00373053878211926,0.317760872314546,-0.0367273528866012,-0.225077544473338,0.391128323621537
-0.04,0.245,-0.0354496548356547,0.243196613791051,0.00455034516434528,-0.00180338620894907,0.00489467495685957,0.31112749404153,-0.0505462035440172,-0.319608463895572,0.448894015523167
-0.04,0.26,-0.0343330491293504,0.258356666809756,0.00566695087064963,-0.00164333319024426,0.00590041321811574,0.301273690949913,-0.0679532640672312,-0.401363579825255,0.506436448130792
-0.04,0.275,-0.0335254596751985,0.273553600951607,0.00647454032480151,-0.00144639904839258,0.00663413465530146,0.288358498710694,-0.0873653679391874,-0.466893533363177,0.555675555538478
-0.04,0.29,-0.0330933076334394,0.288783221302207,0.00690669236656064,-0.00121677869779302,0.00701305567108303,0.272585189910065,-0.106903732055262,-0.513235860671133,0.590885129970429
-0.04,0.305,-0.033096480509678,0.304040889387262,0.00690351949032197,-0.000959110612738096,0.0069698260036189,0.254192604237202,-0.124483625532834,-0.53798115790259,0.607895752418726
-0.04,0.32,-0.0335876458309156,0.319321686110716,0.00641235416908437,-0.000678313889283744,0.00644813118059558,0.23344572729363,-0.137908467448,-0.539310944077709,0.603635086535449
-0.04,0.335,-0.0346118254369453,0.334620571984542,0.00538817456305465,-0.000379428015458094,0.0054015174479829,0.210626125769824,-0.144962169975419,-0.516007789951443,0.575885602252502
-0.04,0.35,-0.0362062218165683,0.349932536375507,0.00379377818343171,-6.74636244925031e-05,0.00379437797876175,0.186022779882229,-0.143494381826362,-0.467440193562776,0.523160920161023
-0.02,0.05,-0.0238108268004226,0.0500888227447268,-0.00381082680042255,8.88227447267964e-05,0.00381186180006563,0.0850410550430373,-0.147354168428066,0.5190579942705,0.546231355065962
-0.02,0.065,-0.0253931685877427,0.0649116860725994,-0.00539316858774269,-8.83139274006073e-05,0.00539389161604008,0.0965830383709864,-0.143425031973185,0.557533796543954,0.583734447113512
-0.02,0.08,-0.026403796884672,0.0797425814324848,-0.00640379688467196,-0.000257418567515183,0.00640896862677888,0.107620924406419,-0.131677427544588,0.571042119835086,0.59583010184895
-0.02,0.095,-0.0268799122309778,0.0945848774925183,-0.00687991223097775,-0.000415122507481658,0.00689242475491573,0.118027899143899,-0.114284534921423,0.560277248334591,0.583870777666799
-0.02,0.11,-0.0268665648965628,0.109441868871108,-0.00686656489656279,-0.000558131128892025,0.00688921068307151,0.127672749670734,-0.093476501728861,0.526528711370237,0.54979358913746
-0.02,0.125,-0.0264164837227745,0.124316656237492,-0.00641648372277452,-0.000683343762507921,0.00645276855794386,0.136423334227796,-0.0714529247494343,0.471695863946684,0.496200940662807
-0.02,0.14,-0.0255896516763675,0.139212022307283,-0.00558965167636755,-0.00078797769271699,0.00564491937119904,0.144150496865043,-0.0502883087925004,0.398276538752813,0.42653642435107
-0.02,0.155,-0.0244526193242274,0.154130311037348,-0.0044526193242274,-0.000869688962651854,0.00453675850561188,0.15073223508056,-0.0318360455689516,0.309327259170792,0.345568308380331
-0.02,0.17,-0.0230775628816018,0.16907331807502,-0.00307756288160181,-0.000926681924980133,0.00321405237671979,0.156057872982323,-0.0176373048373563,0.208394463085231,0.260947320716914
-0.02,0.185,-0.0215411103573207,0.184042200390288,-0.00154111035732069,-0.000957799609711568,0.00181449751330905,0.160031975212962,-0.00884150710549141,0.0994185089735319,0.188606673761962
-0.02,0.2,-0.0199229758535356,0.199037412223981,7.70241464643804e-05,-0.000962587776018625,0.000965664509899297,0.162577730673792,-0.00614462271644404,-0.0133853675177248,0.163243563389723
-0.02,0.215,-0.0183044567056182,0.214058672678195,0.00169554329438179,-0.000941327321805352,0.00193932054851701,0.163639567325796,-0.0097503960810678,-0.125662800057059,0.206553053092764
-0.02,0.23,-0.0167668589216058,0.229104968030375,0.00323314107839417,-0.000895031969624649,0.00335474044591381,0.163184813622033,-0.0193578177386622,-0.23306474685349,0.285172496243726
-0.02,0.245,-0.0153899222405877,0.244174589004726,0.00461007775941234,-0.000825410995274362,0.00468338769043821,0.161204302804364,-0.034175962874565,-0.331391761311915,0.370102417479758
-0.02,0.26,-0.0142503161300431,0.259265200452418,0.00574968386995686,-0.000734799547582043,0.00579644675465659,0.157711905733836,-0.052964961492468,-0.416729205593542,0.448712148509037
-0.02,0.275,-0.0134202723003454,0.274373938337268,0.00657972769965456,-0.000626061662731936,0.00660944549921884,0.152743063503922,-0.0740996715173685,-0.485565445155744,0.51438971949381
-0.02,0.29,-0.0129664085315431,0.289497527000044,0.00703359146845692,-0.000502472999956427,0.0070515167205953,0.146352474013223,-0.0956508695630208,-0.534886736050555,0.562738395302863
-0.02,0.305,-0.0129487840440808,0.30463240845411,0.00705121595591918,-0.000367591545889945,0.00706079103228661,0.138611138554654,-0.115477653873421,-0.562244709910088,0.590483137896211
-0.02,0.32,-0.0134202101138075,0.319774875253527,0.00657978988619254,-0.000225124746472571,0.00658364003404773,0.129603006885119,-0.131324358705633,-0.565794763162649,0.595121773058721
-0.02,0.335,-0.0144258227574975,0.334921198936551,0.00557417724250248,-7.88010634491798e-05,0.00557473421235786,0.119421461927912,-0.140915582733216,-0.544305970249392,0.574796004870883
-0.02,0.35,-0.0160029088533099,0.350067747323437,0.00399709114669008,6.77473234375336e-05,0.00399766523545697,0.108165864972258,-0.142043812606878,-0.497145109850891,0.528234356807843
0,0.05,-0.00387910726577792,0.0502510003020223,-0.00387910726577792,0.000251000302022297,0.00388721935720462,-1.61939626330841e-05,-0.146740296094089,0.528084384759901,0.548094994532704
0,0.065,-0.00545869764276843,0.0652375891078985,-0.00545869764276843,0.000237589107898506,0.00546386571388405,-0.00250705324059925,-0.142032087184663,0.566175533798044,0.583726889381867
0,0.08,-0.00646602962926904,0.0802199476488244,-0.00646602962926904,0.000219947648824381,0.00646976940352656,-0.00472505611313344,-0.12950653683095,0.57915274458288,0.593477312042581
0,0.095,-0.00693827811458764,0.0952000383640137,-0.00693827811458764,0.000200038364013666,0.00694116118113123,-0.00660172818455221,-0.111354746852065,0.56770925287568,0.578567284455947
0,0.11,-0.00692047541587512,0.110179798852697,-0.00692047541587512,0.000179798852697199,0.00692281067263602,-0.00807541179283618,-0.089826030215142,0.533137554019661,0.540714110599516
0,0.125,-0.00646534151789863,0.12516105403452,-0.00646534151789863,0.000161054034520464,0.0064673471644175,-0.00909379209673758,-0.0671396781180865,0.477344361518399,0.482130111600613
0,0.14,-0.00563286079335956,0.14014542492775,-0.00563286079335956,0.000145424927749577,0.00563473771589932,-0.00961629477519102,-0.0453895765283609,0.402839440237186,0.405503375758461
0,0.155,-0.00448959628876626,0.155134239925336,-0.00448959628876626,0.000134239925335816,0.00449160274219102,-0.00961621495317325,-0.0264472623260956,0.312695748063336,0.313959880835483
0,0.17,-0.00310774817762451,0.170128454971461,-0.00310774817762451,0.000128454971460717,0.00311040180928789,-0.00908242705080071,-0.01186987918751,0.210480318199041,0.21101042435723
0,0.185,-0.00156397979698393,0.185128589027831,-0.00156397979698393,0.000128589027831083,0.00156925713108223,-0.00802054723592075,-0.00281977759071855,0.100157647835386,0.100517845858312
0,0.2,6.19486465146836e-05,0.200134680389102,6.19486465146836e-05,0.000134680389102193,0.000148244534515507,-0.00645344702346992,-2.08125175546698e-06,-0.0140302138153302,0.0154432472242328
0,0.215,0.00168868405069848,0.215146268019085,0.00168868405069848,0.000146268019085433,0.00169500683080942,-0.0044210562546363,-0.00362538759053103,-0.127700477215378,0.127828431237527
0,0.23,0.00323485651804269,0.230162400057879,0.00323485651804269,0.000162400057879014,0.00323893045172668,-0.00197944889907183,-0.0133889752425081,-0.236475251357247,0.236862422686679
0,0.245,0.00462065619124492,0.245181669373819,0.00462065619124492,0.000181669373819443,0.00462422614056384,0.000800749807398259,-0.0284976618249732,-0.336127028952825,0.337334353771044
0,0.26,0.00576933937795915,0.260202273704931,0.00576933937795915,0.000202273704931311,0.00577288415870063,0.0038365413264689,-0.0477030726787769,-0.422715049593688,0.425416439249331
0,0.275,0.00660859824512901,0.275222095905781,0.00660859824512901,0.000222095905780539,0.00661232919302168,0.00703518619770241,-0.069367859055936,-0.492704493135263,0.497614979436128
0,0.29,0.00707173918272927,0.29023879825975,0.00707173918272927,0.000238798259750206,0.00707576989997613,0.0102971325704374,-0.091547624658883,-0.543062149457017,0.550822869427856
0,0.305,0.00709862944517228,0.305249924030177,0.00709862944517228,0.000249924030177262,0.00710302766577232,0.013519071733413,-0.112084184529156,-0.571324426662942,0.582374578956399
0,0.32,0.00663638829988647,0.320252999296808,0.00663638829988647,0.000252999296808332,0.00664120910008528,0.016596955224552,-0.128703380212944,-0.575635991030238,0.590084647225853
0,0.335,0.00563981578539188,0.335245628734228,0.00563981578539188,0.00024562873422776,0.00564516213834765,0.019428828390246,-0.139110982746356,-0.554759670197459,0.572267733740446
0,0.35,0.00407156766578817,0.350225580141171,0.00407156766578817,0.000225580141170967,0.00407781187123468,0.021917359921372,-0.141081105765056,-0.508060243162493,0.527741820220157
0.02,0.05,0.0161758311212246,0.0504060741959996,-0.00382416887877537,0.000406074195999639,0.00384566819500212,-0.0849402126419774,-0.146865065584786,0.517342414370235,0.544453479634562
0.02,0.065,0.0145899572933104,0.0655567242874275,-0.00541004270668963,0.000556724287427507,0.00543861232488742,-0.101455168288276,-0.143197395148881,0.555917557596578,0.582963041544819
0.02,0.08,0.0135758577656591,0.080690886020107,-0.00642414223434087,0.000690886020106973,0.00646118618674786,-0.11692499276937,-0.131682118923651,0.569499389858725,0.596107703979357
0.02,0.095,0.0130964184168079,0.0958091065223877,-0.00690358158319213,0.000809106522387665,0.00695083390970895,-0.131086677282513,-0.114488377307787,0.55878187468725,0.585261879254305
0.02,0.11,0.0131066832273055,0.110911956819834,-0.00689331677269453,0.000911956819834109,0.00695337913319515,-0.143686368326289,-0.0938429234407785,0.525054515217109,0.55239195704273
0.02,0.125,0.0135540232542432,0.125999976493606,-0.00644597674575684,0.000999976493606225,0.00652307973235058,-0.154487845746596,-0.0719428117995127,0.470217012267734,0.500147867839137
0.02,0.14,0.0143785583216557,0.141073615736463,-0.00562144167834426,0.001073615736463,0.00572304615503028,-0.163281197368741,-0.0508610402034242,0.396768007800138,0.432057092778333
0.02,0.155,0.0155138403342925,0.156133179185363,-0.00448615966570745,0.00113317918536288,0.00462706425418538,-0.169891209731995,-0.0324506685013528,0.307765389688864,0.353038239362199
0.02,0.17,0.016887791685591,0.171178776340737,-0.00311220831440898,0.00117877634073699,0.00332796548265718,-0.174184935646723,-0.0182537908724899,0.206757603763636,0.270965747371209
0.02,0.185,0.018423875461228,0.186210283252569,-0.001576124538772,0.00121028325256911,0.00198719755262745,-0.17607791858984,-0.00942201855577345,0.0976877315643481,0.201581602986149
0.02,0.2,0.0200424575611317,0.201227319550599,4.24575611317312e-05,0.00122731955059871,0.00122805371371902,-0.175538601036306,-0.00665471175118709,-0.0152255117015194,0.176323357455699
0.02,0.215,0.0216623063361841,0.216229243676849,0.00166230633618409,0.00122924367684887,0.00206743860184304,-0.172590559078784,-0.0101600613556374,-0.127623524295405,0.214891940322861
0.02,0.23,0.0232021644506419,0.231215167624414,0.00320216445064191,0.00121516762441382,0.00342498022247988,-0.167312360244397,-0.0196423529555056,-0.235152318964429,0.289268108803003
0.02,0.245,0.024582321871363,0.246183990627235,0.00458232187136304,0.00118399062723534,0.0047328118004156,-0.159835020555156,-0.0343165480090213,-0.333606893378137,0.371508952963924
0.02,0.26,0.0257261187556922,0.261134449493958,0.00572611875569218,0.00113444949395805,0.00583741480953953,-0.15033722667183,-0.0529489691353604,-0.419066592462415,0.448355561775362
0.02,0.275,0.0265613127557961,0.276065181693723,0.00656131275579613,0.00106518169372338,0.00664721273316993,-0.139038656196192,-0.0739206842812318,-0.488013491050116,0.51279132028878
0.02,0.29,0.0270212559008573,0.290974796270296,0.00702125590085731,0.000974796270296341,0.00708860086292826,-0.126191859183017,-0.0953084271571354,-0.53742749788064,0.560213260601552
0.02,0.305,0.0270458407450825,0.305861947111771,0.00704584074508249,0.00086194711177065,0.00709836774396441,-0.112073243520888,-0.114976767427439,-0.564854068023959,0.587233518962935
0.02,0.32,0.0265821919596209,0.320725403266114,0.00658219195962093,0.0007254032661142,0.00662204355858428,-0.0969737289078105,-0.130674843439316,-0.568442813784774,0.591278406549198
0.02,0.335,0.0255850963428132,0.335564111598991,0.00558509634281318,0.000564111598991446,0.00561351254159299,-0.0811896002137099,-0.140131266988839,-0.546957617557765,0.570433034052837
0.02,0.35,0.0240171797164771,0.350377248165109,0.00401717971647714,0.000377248165108729,0.00403485427897381,-0.0650140193255186,-0.141141682135196,-0.499760823032659,0.523364673933816
0.04,0.05,0.0363538259374646,0.0505257213969712,-0.00364617406253542,0.000525721396971185,0.00368387951506824,-0.162004722386472,-0.147238409442408,0.487188051927919,0.534115102897941
0.04,0.065,0.0347526814504772,0.0658397837318743,-0.00524731854952279,0.000839783731874294,0.00531409340118206,-0.19208208390717,-0.146379880154342,0.527111993746046,0.579803862525284
0.04,0.08,0.0337218040248697,0.0811251543473233,-0.0062781959751303,0.0011251543473233,0.00637822208828156,-0.220364005050659,-0.137612859162786,0.542425368208799,0.601436775801937
0.04,0.095,0.0332241750040575,0.0963809692405496,-0.00677582499594245,0.00138096924054965,0.00691511969664899,-0.246401597771108,-0.123045850192625,0.533824382181346,0.600687776314063
0.04,0.11,0.0332149723737203,0.111606436642949,-0.00678502762627969,0.00160643664294871,0.00697260629730282,-0.269757597391821,-0.104842616113407,0.502589511615697,0.579965709908291
0.04,0.125,0.0336417395551908,0.126800814188342,-0.00635826044480918,0.0018008141883423,0.00660835892071246,-0.290020459712707,-0.085137366582179,0.450599204542308,0.542588316804559
0.04,0.14,0.0344448050986267,0.141963384273731,-0.00555519490137327,0.00196338427373052,0.00589194943958075,-0.306818944530254,-0.0659432265724711,0.380318288538755,0.493082016499201
0.04,0.155,0.0355579620476557,0.157093430520646,-0.00444203795234428,0.00209343052064612,0.00491061630702702,-0.3198363828191,-0.0490593268148467,0.294758670100705,0.437705077272506
0.04,0.17,0.0369094005007067,0.172190218453846,-0.00309059949929333,0.00219021845384598,0.00378798919488951,-0.32882374207786,-0.0359826700015152,0.197411832553417,0.385216557928192
0.04,0.185,0.0384228702537144,0.187252983452505,-0.00157712974628564,0.00225298345250466,0.00275014048257154,-0.333610594058062,-0.0278311841081092,0.0921548745191996,0.347222541253909
0.04,0.2,0.0400190340453557,0.202280928480962,1.90340453557469e-05,0.00228092848096201,0.00228100789787021,-0.334113178491747,-0.0252839652052171,-0.0168658566282066,0.335493179742824
0.04,0.215,0.0416169574624341,0.217273233191155,0.00161695746243413,0.00227323319115519,0.00278964882676853,-0.330338927332759,-0.0285436137772216,-0.125367381120613,0.354479796119639
0.04,0.23,0.0431356708701712,0.232229074808627,0.00313567087017117,0.00222907480862683,0.00384723359162071,-0.322387067701907,-0.0373238692175077,-0.229071198837272,0.397241411334564
0.04,0.245,0.0444957328562335,0.247147659864817,0.00449573285623353,0.00214765986481671,0.00498237461553848,-0.310445218148868,-0.050863637417088,-0.323844286077101,0.451485901724587
0.04,0.26,0.0456207246038247,0.262028264578123,0.00562072460382469,0.00202826457812275,0.00597548343407525,-0.294782210512724,-0.0679662529362255,-0.405831366937029,0.506178553471809
0.04,0.275,0.0464386101967442,0.276870280660895,0.00643861019674422,0.00187028066089481,0.00670474839320132,-0.275737652283101,-0.0870607111021732,-0.471570723620419,0.553165566968436
0.04,0.29,0.0468829083966012,0.291673262692158,0.00688290839660124,0.00167326269215851,0.00708337744532744,-0.253708972881888,-0.106279913411133,-0.518087416776279,0.586584384109067
0.04,0.305,0.0468936357832753,0.306436973031641,0.00689363578327526,0.00143697303164134,0.00704181125891042,-0.229136837831509,-0.123549881483528,-0.542959894493862,0.602143710269728
0.04,0.32,0.0464179974358433,0.321161420547071,0.00641799743584334,0.00116142054707144,0.00652223801878247,-0.202489865748758,-0.136683498170088,-0.544358287767299,0.596668825452423
0.04,0.335,0.0454108180083453,0.335846890148435,0.00541081800834534,0.000846890148434948,0.00547669375106463,-0.174249536325544,-0.143472606310931,-0.52105493138655,0.567845199428136
0.04,0.35,0.0438347213628863,0.350493961063858,0.00383472136288632,0.00049396106385835,0.00386640472061381,-0.144896065083097,-0.141773121381701,-0.472409562368697,0.514069115037288
0.06,0.05,0.0566540849039479,0.050581898059682,-0.00334591509605212,0.000581898059681951,0.00339613798039053,-0.223894514813966,-0.146448471890283,0.438616954142038,0.513772819304072
0.06,0.065,0.0550287703866963,0.0660577500775052,-0.00497122961330371,0.00105775007750522,0.00508251503634274,-0.266651819116469,-0.150021970924089,0.480734868276429,0.569840744938427
0.06,0.08,0.0539712075918259,0.0814928116482646,-0.00602879240817406,0.00149281164826459,0.00621086342774107,-0.306901907887296,-0.1455969771098,0.498871945567701,0.603542746730749
0.06,0.095,0.0534445075865316,0.096884824947153,-0.00655549241346839,0.001884824947153,0.00682107365921612,-0.344025861706141,-0.135186024044862,0.493727412429845,0.616765340842871
0.06,0.11,0.053404039121907,0.112231652372611,-0.006595960878093,0.00223165237261119,0.00696325873549982,-0.377419153185732,-0.120853060435946,0.466566472817157,0.612158899071209
0.06,0.125,0.0537975978415158,0.127531285827247,-0.00620240215848418,0.0025312858272474,0.00669904474345356,-0.406510763316322,-0.104632562381533,0.419232495183531,0.59326048523163
0.06,0.14,0.0545658235657582,0.142781854998409,-0.00543417643424182,0.00278185499840899,0.00610483339253761,-0.430783009496567,-0.0884424426149184,0.354134885870843,0.564632769520541
0.06,0.155,0.0556428741995496,0.157981636018295,-0.00435712580045042,0.00298163601829476,0.0052796494757269,-0.449791004372489,-0.0739958170335106,0.27421042630196,0.531959321004821
0.06,0.17,0.0569573498097938,0.173129062026618,-0.00304265019020615,0.0031290620266175,0.00436448729478975,-0.463180555543419,-0.0627174332389269,0.18285766904019,0.50190461389407
0.06,0.185,0.058433444027335,0.188222737020321,-0.00156655597266497,0.00322273702032067,0.00358331292488356,-0.47070329695737,-0.0556707909280735,0.0838461105100325,0.481344329626335
0.06,0.2,0.0599922838178557,0.203261453967967,-7.71618214427868e-06,0.00326145396796654,0.00326146309570284,-0.472227957713382,-0.053501587025892,-0.0187959618207522,0.475621962354225
0.06,0.215,0.0615534044470655,0.218244217535353,0.00155340444706551,0.00324421753535276,0.00359694492491242,-0.467746899740156,-0.0564020809786583,-0.120909071147571,0.486403928161513
0.06,0.23,0.0630362959042074,0.233170270946863,0.00303629590420743,0.0031702709468627,0.00438972786108986,-0.457377388452463,-0.0640993812558142,-0.218338228991699,0.510858216434267
0.06,0.245,0.0643619512730436,0.248039125680296,0.00436195127304363,0.00303912568029557,0.0053162866560259,-0.441357463315225,-0.0758686808248585,-0.30706850080376,0.542996996431406
0.06,0.26,0.0654543474180662,0.262850591922073,0.00545434741806618,0.00285059192207321,0.00615433018801837,-0.420036687683524,-0.0905703608042504,-0.383352282162422,0.575843357767808
0.06,0.275,0.0662417937899498,0.277604807221142,0.00624179378994977,0.00260480722114234,0.00676350577552579,-0.393862449331834,-0.106707910746693,-0.443820921161648,0.602905109705506
0.06,0.29,0.0666580955455532,0.292302260546466,0.00665809554555319,0.00230226054646598,0.0070449016967967,-0.363362787949136,-0.122502024384747,-0.485574835454506,0.618729264495234
0.06,0.305,0.0666434911645732,0.306943809158387,0.00664349116457319,0.00194380915838657,0.00692202057913652,-0.329126922923962,-0.13597519974817,-0.50624825462137,0.618954608463414
0.06,0.32,0.0661453408828725,0.321530686153896,0.0061453408828725,0.00153068615389565,0.00633310466267785,-0.291784732573123,-0.145040785175458,-0.504046907089318,0.600201414818938
0.06,0.335,0.0651185585697069,0.336064497305717,0.00511855856970694,0.00106449730571687,0.00522807769121681,-0.251986379232817,-0.147590648047466,-0.477759094225916,0.559943195575288
0.06,0.35,0.0635257948538842,0.350547206734715,0.00352579485388421,0.000547206734714617,0.00356800568415935,-0.210383135875594,-0.141576400188485,-0.426742417552866,0.496402632211768
0.08,0.05,0.0770751977980936,0.0505471063825999,-0.00292480220190636,0.00054710638259986,0.00297553244212826,-0.264072885311396,-0.142285784192588,0.373197576543814,0.478808415207645
0.08,0.065,0.0754169406502016,0.0661821791795765,-0.00458305934979839,0.00118217917957647,0.00473307306265163,-0.318266909604253,-0.151687789625008,0.418319243192509,0.547079769697784
0.08,0.08,0.074322935694648,0.0817645162494062,-0.00567706430535198,0.00176451624940621,0.00594496229773748,-0.369295771237915,-0.152974552672673,0.440312734822072,0.594692407760619
0.08,0.095,0.0737564575293775,0.097290495953086,-0.0062435424706225,0.002290495953086,0.0066504281285922,-0.416392289673925,-0.148032425451809,0.439879972224323,0.623533772160418
0.08,0.11,0.073673121203885,0.112756664554555,-0.00632687879611502,0.00275666455455525,0.00690134731534873,-0.458806829897355,-0.13879424008181,0.418264377924018,0.636173558065492
0.08,0.125,0.0740210523992306,0.128159776846333,-0.00597894760076938,0.00315977684633301,0.00676254420550195,-0.495830633522163,-0.127163538857082,0.377261112956076,0.635884172190647
0.08,0.14,0.0747413018843141,0.14349683650364,-0.00525869811568586,0.00349683650364019,0.00631520161238804,-0.526819998536647,-0.114933259307171,0.319204303350711,0.626613330351608
0.08,0.155,0.0757685125207924,0.158765136117075,-0.00423148747920761,0.00376513611707463,0.0056640741756081,-0.551220010698414,-0.103703571095232,0.246929265141124,0.612842209318583
0.08,0.17,0.0770318323230144,0.173962296820285,-0.00296816767698557,0.00396229682028459,0.0049507388792724,-0.568586391429033,-0.0948042219506781,0.163709443906237,0.599234828884426
0.08,0.185,0.0784560510868725,0.189086307303407,-0.00154394891312745,0.00408630730340692,0.00436825887788535,-0.5786040139895,-0.0892269334523806,0.073169744601049,0.590000795046132
0.08,0.2,0.0799629222993583,0.204135561698747,-3.7077700641691e-05,0.00413556169874724,0.00413572790691433,-0.581100770655211,-0.0875730071826436,-0.0208200520975207,0.588033712441665
0.08,0.215,0.0814726181615161,0.219108895471694,0.00147261816151614,0.00410889547169363,0.00436481686293155,-0.576055744512353,-0.090020341656765,-0.114266279150028,0.594141252967967
0.08,0.23,0.0829052551876211,0.23400561800158,0.0029052551876211,0.00400561800157961,0.00494828084083533,-0.563601036764959,-0.0963126003300943,-0.203179887920077,0.606801247574778
0.08,0.245,0.0841824221891196,0.24882554018798,0.00418242218911964,0.00382554018798004,0.00566810489475016,-0.54401707190215,-0.10577146849084,-0.283704842789508,0.622602947472654
0.08,0.26,0.085228642302921,0.263568995153846,0.005228642302921,0.00356899515384579,0.00633059450131421,-0.51772170012181,-0.11733101454089,-0.352238780186049,0.637086074110046
0.08,0.275,0.0859727059741816,0.278236850118071,0.00597270597418156,0.00323685011807079,0.00679340969917751,-0.48525388347382,-0.12959137157637,-0.405539056557576,0.645547511684109
0.08,0.29,0.0863488219267769,0.292830507718315,0.00634882192677688,0.00283050771831528,0.00695120952074999,-0.447253114205777,-0.140887497025108,-0.440808699395616,0.64358472597885
0.08,0.305,0.0862975468474171,0.307351895542442,0.00629754684741712,0.00235189554244158,0.00672238863336314,-0.404435965617863,-0.149367815407423,-0.45575859394087,0.62737470710506
0.08,0.32,0.085766470179446,0.321803443305803,0.00576647017944604,0.00180344330580295,0.00604190252219331,-0.357571264572338,-0.153077175186887,-0.448644264156931,0.593779977866258
0.08,0.335,0.0847106465128066,0.336188047896957,0.00471064651280656,0.00118804789695709,0.00485815277385147,-0.3074553281311,-0.150038743922288,-0.418277572445889,0.540369036370608
0.08,0.35,0.0830927828474197,0.350509027294322,0.00309278284741965,0.000509027294322006,0.00313439221024714,-0.25488854073622,-0.138330136335485,-0.364015368796703,0.465415700857384
0.1,0.05,0.0976151571502701,0.0503946496787,-0.00238484284972987,0.00039464967870001,0.0024172761089304,-0.277077120480293,-0.131931441483241,0.292969156104233,0.424275128808712
0.1,0.065,0.0959153487478841,0.0661854701475143,-0.00408465125211593,0.0011854701475143,0.00425320059743951,-0.341184559811097,-0.148272195411139,0.341853568170252,0.505229713920869
0.1,0.08,0.0947753410854026,0.0819118103369531,-0.00522465891459742,0.00191181033695309,0.00556345931398469,-0.40153618000833,-0.156357586994922,0.36865428899263,0.567086950042166
0.1,0.095,0.0941586056125796,0.0975687268041414,-0.00584139438742037,0.00256872680414139,0.00638124171174393,-0.457242559668037,-0.15792396282193,0.374074324657382,0.611511149900759
0.1,0.11,0.0940210577141174,0.113151491405924,-0.00597894228588261,0.00315149140592413,0.00675867212842352,-0.507435351460106,-0.154748591729488,0.359328582086132,0.640748836336851
0.1,0.125,0.0943112283294227,0.128655662120248,-0.00568877167057734,0.00365566212024837,0.00676209942675957,-0.55129388312857,-0.148579921871028,0.326151883301741,0.657556640512496
0.1,0.14,0.0949706751855081,0.144077154249194,-0.00502932481449195,0.00407715424919364,0.00647435671409772,-0.588072655878612,-0.141063035773698,0.276785522442757,0.665089032422433
0.1,0.155,0.0959346414885355,0.159412310573605,-0.00406535851146454,0.00441231057360536,0.00599963535764357,-0.617128284847826,-0.133664577485345,0.213940638034276,0.666700195815605
0.1,0.17,0.0971329555802049,0.174657968849768,-0.00286704441979511,0.00465796884976805,0.00546960853356872,-0.637944277164624,-0.127601992958317,0.140738249706278,0.66563308777116
0.1,0.185,0.0984911494547134,0.189811524897434,-0.00150885054528659,0.00481152489743403,0.00504255905336161,-0.650152037771605,-0.123782063337259,0.0606275801229054,0.664605392262362
0.1,0.2,0.0999317586795077,0.204870989368479,-6.82413204923172e-05,0.00487098936847924,0.00487146736678594,-0.653546637779573,-0.122753351140304,-0.0227138856151601,0.665366431990648
0.1,0.215,0.101375752768985,0.21983503616031,0.00137575276898455,0.00483503616030972,0.00502695438141936,-0.648096185357144,-0.124676309512284,-0.105493521675281,0.668361276689325
0.1,0.23,0.102744034947478,0.234703040373617,0.00274403494747824,0.00470304037361707,0.0054450267720971,-0.633944070942642,-0.129313495516989,-0.183923546497918,0.672636701687258
0.1,0.245,0.10395894474126,0.249475103811487,0.00395894474126021,0.00447510381148669,0.00597493076009543,-0.611403884219726,-0.136040722224042,-0.254340888597281,0.67602986420356
0.1,0.26,0.104945696642609,0.264152066239351,0.00494569664260937,0.00415206623935116,0.00645752037059716,-0.580947345187695,-0.143878271936186,-0.313319960169655,0.675555667240725
0.1,0.275,0.105633693144421,0.278735501096531,0.0056336931444208,0.00373550109653098,0.00675962032126643,-0.543186102684953,-0.151539687658601,-0.357772032168562,0.667848258205253
0.1,0.29,0.10595766026242,0.2932276949564,0.00595766026241959,0.00322769495640041,0.00677581954703533,-0.498848668996177,-0.157494354755855,-0.385026152658011,0.649541471440377
0.1,0.305,0.10585856689068,0.307631610807864,0.00585856689067965,0.002631610807864,0.00642247471436318,-0.448754029947046,-0.160039219534636,-0.392888190721293,0.61754153979791
0.1,0.32,0.10528430461496,0.321950836086241,0.00528430461495977,0.00195083608624108,0.00563290659420743,-0.393783587099076,-0.157374638053913,-0.379676415771808,0.569200435235592
0.1,0.335,0.10419012022939,0.3361895171836,0.00419012022938964,0.00118951718359994,0.00435569267359622,-0.334853043639041,-0.147679496388258,-0.344233813261337,0.502428432986181
0.1,0.35,0.102538807675896,0.350352282905451,0.00253880767589598,0.000352282905451362,0.00256313239233981,-0.272885672402014,-0.129181318606618,-0.285918900354096,0.4158182051848
0.12,0.05,0.118271387125785,0.0500988701883958,-0.00172861287421469,9.88701883958276e-05,0.00173143806792337,-0.258719996294985,-0.112185651547924,0.200316136281593,0.345902550948778
0.12,0.065,0.116521617905291,0.0660411167852735,-0.00347838209470872,0.00104111678527352,0.00363084923363233,-0.331029775805428,-0.136253979552349,0.253657005415917,0.438735314696208
0.12,0.08,0.11532628599019,0.0819073845958817,-0.00467371400981009,0.00190738459588174,0.00504794202047746,-0.399071460372664,-0.151907940629372,0.286114608659206,0.514001356087196
0.12,0.095,0.114649092486393,0.0976914614502005,-0.00535090751360662,0.00269146145020049,0.00598967244155197,-0.46186180858638,-0.160717105952133,0.298390145899981,0.572874970327061
0.12,0.11,0.114446305384236,0.113387397592104,-0.00555369461576444,0.00338739759210432,0.00650522761570762,-0.51844244853052,-0.164286259111995,0.29166319388829,0.617125309708727
0.12,0.125,0.114666933029877,0.128989605196196,-0.00533306697012255,0.00398960519619646,0.00666022168770153,-0.567908747197803,-0.164192280599902,0.267597389326584,0.648916261244163
0.12,0.14,0.115253131697231,0.144492958847271,-0.0047468683027688,0.00449295884727102,0.00653601085426746,-0.609439540577643,-0.161917001733352,0.228326380876383,0.670650237051673
0.12,0.155,0.116140854650639,0.159892894190582,-0.00385914534936108,0.00489289419058214,0.00623164636253757,-0.642326172093703,-0.158779845340173,0.176418610220561,0.684779569262197
0.12,0.17,0.11726073615394,0.175185501750252,-0.00273926384606027,0.00518550175025151,0.00586455410241856,-0.665999144799538,-0.155874539814445,0.114820892035253,0.693571513484059
0.12,0.185,0.11853918878681,0.190367612702412,-0.00146081121318958,0.00536761270241165,0.00556284419372602,-0.680050692117258,-0.154014289514357,0.0467823510896576,0.698844752660167
0.12,0.2,0.11989967755331,0.20543687338339,-0.00010032244669019,0.00543687338339044,0.00543779889112583,-0.684251729277266,-0.153689448377154,-0.024238105944634,0.701722535201512
0.12,0.215,0.121264121248327,0.220391805418481,0.00126412124832689,0.00539180541848083,0.00553801121353422,-0.678561970745916,-0.155040970932255,-0.0946761704596943,0.70246267455479
0.12,0.23,0.122554361754347,0.235231848641952,0.00255436175434712,0.00523184864195164,0.00582211337783477,-0.663132449653428,-0.157851766187478,-0.160972663248673,0.700414258479972
0.12,0.245,0.123693636596576,0.249957384498017,0.00369363659657569,0.00495738449801691,0.00618212037805328,-0.638300222331403,-0.161556679087842,-0.219683938070181,0.694114298566721
0.12,0.26,0.124607989865262,0.264569738293866,0.0046079898652622,0.00456973829386614,0.00648969018311243,-0.604575607476958,-0.165270332561331,-0.267585883185695,0.68149367443705
0.12,0.275,0.125227561458943,0.279071159575858,0.00522756145894278,0.00407115957585796,0.00662583874683983,-0.562622844986461,-0.167830664126525,-0.301765839318413,0.660135622382314
0.12,0.29,0.125487704011432,0.29346478089199,0.005487704011432,0.00346478089199009,0.00648996162905349,-0.5132354914065,-0.167854845478317,-0.319697843358553,0.627532123788208
0.12,0.305,0.125329889651991,0.307754556238621,0.00532988965199105,0.00275455623862103,0.00599960863508007,-0.457308164780589,-0.16380350647749,-0.319298059319643,0.581305853755888
0.12,0.32,0.124702383480551,0.321945181516324,0.00470238348055102,0.00194518151632417,0.00508882516202004,-0.395806377840145,-0.154048854533479,-0.298958875641687,0.51939579808531
0.12,0.335,0.123560675771259,0.33604200015247,0.00356067577125857,0.0010420001524703,0.00371001027839222,-0.329736167036835,-0.13694238587757,-0.257561747768256,0.440247844292855
0.12,0.35,0.121867678979089,0.350050897697258,0.00186767897908896,5.08976972583564e-05,0.00186837237843985,-0.260115052993707,-0.11087836285765,-0.194470271528785,0.343180551240016
0.14,0.05,0.139040779791352,0.049635364832978,-0.000959220208648193,-0.000364635167021954,0.00102618819604798,-0.206188251630793,-0.0797100915294617,0.0978321891168304,0.241740600065461
0.14,0.065,0.137232871838397,0.0657239352517354,-0.00276712816160329,0.000723935251735364,0.00286025881896082,-0.28489610717969,-0.111963347468151,0.156245032853742,0.343677825147394
0.14,0.08,0.135973172575083,0.0817253173598604,-0.00402682742491667,0.00172531735986037,0.00438087423949793,-0.35891023627807,-0.135629913597957,0.195092733886432,0.430434753884775
0.14,0.095,0.135225644998795,0.097632093283917,-0.0047743550012054,0.002632093283917,0.00545182361533974,-0.427182571808251,-0.152102943474971,0.21507068972344,0.501873756148325
0.14,0.11,0.134946959980877,0.113437154335666,-0.00505304001912291,0.00343715433566616,0.00611123910201903,-0.488693803653454,-0.162805355761027,0.217316477075375,0.559067213014693
0.14,0.125,0.135086671885096,0.129133827453746,-0.00491332811490386,0.00413382745374574,0.00642100635274929,-0.542483527330396,-0.169133640995985,0.203413242504902,0.603551888093019
0.14,0.14,0.135587622054775,0.144716003044121,-0.00441237794522463,0.00471600304412095,0.00645830967387465,-0.58768114565864,-0.172398389841814,0.175375196009924,0.637064340861334
0.14,0.155,0.136386576998549,0.160178260209937,-0.00361342300145077,0.00517826020993672,0.00631436493950322,-0.623535936188599,-0.173764889860328,0.13561404278055,0.661352648402104
0.14,0.17,0.137415094696029,0.175515985026869,-0.00258490530397067,0.00551598502686923,0.00609161934522679,-0.649444567147337,-0.174197515619249,0.0868864392936437,0.677995307836829
0.14,0.185,0.138600597878657,0.190725477349304,-0.00139940212134258,0.00572547734930395,0.00589401536939044,-0.664974353858801,-0.174411694238233,0.0322239513803864,0.688225550550572
0.14,0.2,0.139867618859708,0.205804041702984,-0.000132381140291922,0.00580404170298376,0.0058055512103744,-0.669880713057422,-0.174836920248087,-0.025151600573268,0.692781761266685
0.14,0.215,0.14113916794753,0.220750058184349,0.00113916794752952,0.00575005818434887,0.00586181479885505,-0.664117599238577,-0.175593619479096,-0.0819232779229366,0.691811060120403
0.14,0.23,0.142338168062039,0.235563029866104,0.00233816806203908,0.00556302986610435,0.00603442881949142,-0.647840160523856,-0.1764856738031,-0.134779582639064,0.684846834365057
0.14,0.245,0.143388893033249,0.250243604133026,0.00338889303324875,0.00524360413302588,0.00624339493342268,-0.621399391436127,-0.177009220785239,-0.1805148762333,0.670865284712264
0.14,0.26,0.144218346790287,0.264793566475883,0.00421834679028681,0.00479356647588286,0.00638535270770778,-0.585329131215417,-0.176377071581673,-0.216124106350119,0.648408189085562
0.14,0.275,0.144757525256831,0.279215806544189,0.00475752525683117,0.00421580654418852,0.00635665567632927,-0.540326282558723,-0.173556893280364,-0.238886797092733,0.615747543826088
0.14,0.29,0.14494251177698,0.293514257608829,0.00494251177698016,0.00351425760882867,0.00606452217464804,-0.487225566553465,-0.167320319741521,-0.246436205476795,0.571067723842627
0.14,0.305,0.144715369120862,0.307693811882346,0.0047153691208624,0.00269381188234608,0.0054305919017591,-0.426970426404615,-0.156299484926761,-0.236810797258354,0.5126542509986
0.14,0.32,0.144024805283202,0.321760215285066,0.00402480528320201,0.00176021528506576,0.0043928823587105,-0.360581832356253,-0.139047172202611,-0.208486610074253,0.439113862575166
0.14,0.335,0.142826604855472,0.335719946123307,0.0028266048554719,0.000719946123306725,0.00291685060115216,-0.289126720289326,-0.1140968388647,-0.160390468062631,0.349768253550686
0.14,0.35,0.14108383136154,0.349580082732671,0.00108383136153972,-0.000419917267329206,0.00116233425986601,-0.213687636235121,-0.0800191617428275,-0.091895265860734,0.24598842444317
0.16,0.05,0.159919737774667,0.0489811749456891,-8.02622253331109e-05,-0.00101882505431095,0.00102198166133602,-0.118041708688918,-0.0312589469127466,-0.0118134754179996,0.12268060443403
0.16,0.065,0.158045774617777,0.0652102636721483,-0.00195422538222284,0.00021026367214827,0.00196550442796481,-0.201338728140599,-0.0718356519010286,0.0521980419883345,0.220050765603127
0.16,0.08,0.156712979098269,0.0813412837298893,-0.00328702090173094,0.00134128372988929,0.00355014766629246,-0.279608153717786,-0.10364649104035,0.0980419236036821,0.313904093606892
0.16,0.095,0.15588560770741,0.097365683219631,-0.00411439229259042,0.00236568321963099,0.00474601738650114,-0.351765044923968,-0.127905243334656,0.126402965285902,0.395065470662328
0.16,0.11,0.155520782235998,0.113275265759243,-0.00447921776400209,0.00327526575924308,0.00554894202267622,-0.416756983164905,-0.14585058616271,0.138370484862602,0.462716253504908
0.16,0.125,0.155568667762397,0.129062341831855,-0.00443133223760259,0.00406234183185467,0.00601159933452424,-0.473594586999743,-0.158696841973648,0.13543958219081,0.517515431390223
0.16,0.14,0.155972871597817,0.144719881824187,-0.00402712840218297,0.00471988182418653,0.00620443773455381,-0.521382619944491,-0.167582140466229,0.119496374347144,0.560540364088713
0.16,0.155,0.156671069442387,0.160241665637302,-0.0033289305576131,0.00524166563730222,0.0062094152148721,-0.559350126027778,-0.173516881023671,0.092786292673325,0.592952869620481
0.16,0.17,0.157595852117193,0.175622423323562,-0.00240414788280658,0.00562242332356183,0.00611486476315997,-0.586877910636204,-0.177335674854371,0.0578656282897572,0.615813043977754
0.16,0.185,0.158675772286817,0.190857961043822,-0.00132422771318348,0.00585796104382197,0.00600577111013223,-0.603521706938799,-0.179655971380742,0.0175377089108234,0.629941495209549
0.16,0.2,0.159836556910224,0.205945266835125,-0.000163443089775977,0.00594526683512547,0.00594751304197295,-0.609029535730255,-0.180846295459205,-0.0252237040784857,0.635816594465332
0.16,0.215,0.161002439195647,0.22088259120906,0.001002439195647,0.00588259120905971,0.00596739169770813,-0.603352086769,-0.181006443818382,-0.0673601539348214,0.63351286682089
0.16,0.23,0.162097554804437,0.235669498528427,0.0020975548044368,0.0056694985284268,0.00604507648598837,-0.586645387489132,-0.179961154943756,-0.105818929536472,0.62268795571922
0.16,0.245,0.163047342128279,0.250306886336463,0.00304734212827899,0.00530688633646337,0.00611958631240099,-0.55926554545469,-0.177267762334038,-0.13764335553185,0.60261998880995
0.16,0.26,0.163779886162358,0.264796971318641,0.00377988616235772,0.00479697131864071,0.00610724759873422,-0.521755894750191,-0.172237276750303,-0.160058088098644,0.572290317682657
0.16,0.275,0.164227149858674,0.279143242198562,0.00422714985867398,0.00414324219856232,0.00591905835785009,-0.474827389012977,-0.163967341420353,-0.170545004369574,0.530503484932014
0.16,0.29,0.16432604537546,0.293350381503513,0.00432604537546034,0.00335038150351269,0.0054717204615753,-0.419333504907034,-0.151384673869278,-0.16690607237841,0.476042906106898
0.16,0.305,0.164019309312086,0.30742415969464,0.00401930931208608,0.00242415969463977,0.00469376155884999,-0.356241216250123,-0.13329403689969,-0.147310662858679,0.407892434957603
0.16,0.32,0.163256159522553,0.321371306370749,0.00325615952255254,0.00137130637074945,0.00353313684970843,-0.286599741462743,-0.108430509732811,-0.110325963760686,0.32568188638704
0.16,0.335,0.161992725074389,0.335199364222984,0.00199272507438855,0.000199364222983611,0.00200267304258651,-0.21150876342386,-0.0755118661020735,-0.0549303714033361,0.231204275841544
0.16,0.35,0.160192253992483,0.348916531880804,0.000192253992482572,-0.00108346811919569,0.00110039300385768,-0.132087675722751,-0.0332881678379627,0.0194891782284734,0.137604844990145
0.18,0.05,0.180904222190608,0.0481149469844597,0.000904222190608095,-0.00188505301554026,0.00209070386267054,0.00587300362212126,0.0361215922984995,-0.125996959482825,0.131204050708753
0.18,0.065,0.178956575563617,0.0644781304996403,-0.00104342443638336,-0.000521869500359706,0.00116665433177425,-0.0802758198326315,-0.0126290702857107,-0.0559566027647889,0.0986653154043932
0.18,0.08,0.177542300778736,0.0807327312474464,-0.00245769922126446,0.000732731247446439,0.00256460143944207,-0.161156805984871,-0.0524348776110796,-0.00264340977842302,0.169493188861408
0.18,0.095,0.176625978697186,0.0968691422157274,-0.00337402130281378,0.00186914221572743,0.00385716377335156,-0.235673760548586,-0.084333130383923,0.0346115858619627,0.252690054542179
0.18,0.11,0.176165227636516,0.112878157676703,-0.00383477236348428,0.00287815767670313,0.00479471278511112,-0.302766439814225,-0.109381945247462,0.0568438616651737,0.326899742307566
0.18,0.125,0.176110883834742,0.128751147214832,-0.00388911616525789,0.00375114721483172,0.00540336283940011,-0.361440636786579,-0.128617726038411,0.0654547925188447,0.389187314307873
0.18,0.14,0.176407395392248,0.144480231590448,-0.00359260460775172,0.0044802315904483,0.00574275917758092,-0.410798672838239,-0.143010660923535,0.0621968531478033,0.439405272608614
0.18,0.155,0.176993435337752,0.160058454333481,-0.00300656466224777,0.00505845433348145,0.0058845043387013,-0.450068792952468,-0.153420692843707,0.0491439560896059,0.478033765947072
0.18,0.17,0.177802727125483,0.175479942455683,-0.00219727287451692,0.00547994245568301,0.00590404754407389,-0.478631866379045,-0.160556632452561,0.028647183795206,0.505657212401455
0.18,0.185,0.178765062577511,0.190740049524692,-0.00123493742248916,0.00574004952469187,0.00587139157128696,-0.496043825931513,-0.164941083531364,0.00327719720375488,0.522759671406619
0.18,0.2,0.179807479274918,0.205835474650188,-0.00019252072508203,0.00583547465018841,0.00583864955469821,-0.502052446308121,-0.166883604090707,-0.0242443870756265,0.529619281833309
0.18,0.215,0.180855553004849,0.220764351651719,0.000855553004849241,0.00576435165171901,0.0058274969677197,-0.496607366688503,-0.166464039008367,-0.0511214732599533,0.526255170922265
0.18,0.23,0.181834752320771,0.235526303841317,0.00183475232077051,0.00552630384131719,0.00582291595552692,-0.479862672953404,-0.163527266836959,-0.0745639832715403,0.512416714797589
0.18,0.245,0.182671797520035,0.250122461430829,0.00267179752003467,0.00512246143082851,0.00577737943174836,-0.452171840795451,-0.157689775711581,-0.0918681945623532,0.487613206567471
0.18,0.26,0.183295966074841,0.264555440366926,0.00329596607484138,0.00455544036692607,0.00562275993646579,-0.414075347197179,-0.148357607887249,-0.100492747191025,0.451185346787852
0.18,0.275,0.183640290603259,0.278829283332951,0.0036402906032591,0.00382928333295146,0.00528347674549594,-0.36628173581473,-0.13475438705414,-0.0981265085612801,0.402430779508127
0.18,0.29,0.183642603550878,0.292949365586167,0.00364260355087842,0.00294936558616749,0.00468693055098336,-0.309643317215967,-0.115957454765904,-0.0827451579417542,0.340840459697599
0.18,0.305,0.183246393782724,0.306922269998312,0.00324639378272359,0.0019222699983123,0.0037728231523513,-0.245127968315303,-0.0909396612268529,-0.0526542444857888,0.266702719767218
0.18,0.32,0.182401453154463,0.320755637039292,0.00240145315446277,0.000755637039291768,0.00251753144731676,-0.173788640062673,-0.0586141176624951,-0.00651749100471845,0.183522785202248
0.18,0.335,0.181064304399922,0.334457996406396,0.00106430439992219,-0.00054200359360429,0.00119436667367007,-0.0967321865386712,-0.0178792272245032,0.0566298546296689,0.113506507867885
0.18,0.35,0.179198414229589,0.3480385874333,-0.00080158577041059,-0.00196141256670018,0.00211888626503032,-0.0150890137957874,0.0323384567303747,0.137381884928799,0.141940997360159
0.2,0.05,0.201989804638358,0.0470170622330005,0.00198980463835749,-0.00298293776699954,0.00358569940466587,0.164573585119581,0.124938706628053,-0.242240270673898,0.31839402466862
0.2,0.065,0.199961158028127,0.0635073895527803,-3.88419718731492e-05,-0.00149261044721971,0.00149311575101478,0.0771787522447245,0.0684081788497316,-0.165841838436098,0.195294114183233
0.2,0.08,0.198457394329058,0.079879019952877,-0.00154260567094247,-0.000120980047122965,0.00154734237576102,-0.00480032380432476,0.0209941119195379,-0.104720132964542,0.106911671053555
0.2,0.095,0.197443448816684,0.0961213759875172,-0.0025565511833158,0.00112137598751716,0.00279167298555785,-0.0802785796180737,-0.0181719902004727,-0.0582272934601185,0.100823072258965
0.2,0.11,0.196877479322996,0.112224326523841,-0.00312252067700428,0.00222432652384075,0.00383376627651983,-0.148209808951818,-0.0499762339478598,-0.0253863536415411,0.158455843634812
0.2,0.125,0.196711049172121,0.128178381072345,-0.00328895082787858,0.00317838107234464,0.00457376254185128,-0.207615669361654,-0.0752861351211396,-0.00489342243724583,0.220898787530395
0.2,0.14,0.196889515647439,0.143974885957752,-0.00311048435256091,0.00397488595775225,0.00504725977978767,-0.257614900649913,-0.0949129594527304,0.00486771898334522,0.274586499859581
0.2,0.155,0.197352629010236,0.159606215358172,-0.00264737098976403,0.00460621535817241,0.00531279522316713,-0.297451347864776,-0.109574649535893,0.00579811917410759,0.317045395544728
0.2,0.17,0.198035335312429,0.175065949669013,-0.00196466468757074,0.00506594966901336,0.00543357648179944,-0.326519308019034,-0.119861545545859,4.35699774241219e-05,0.347824700180834
0.2,0.185,0.198868763663821,0.190349033557894,-0.00113123633617897,0.00534903355789423,0.00546734447897425,-0.344384757729032,-0.126207089373148,-0.010056898582215,0.366920552819584
0.2,0.2,0.199781366283271,0.205451906435597,-0.000218633716728762,0.00545190643559729,0.0054562885265167,-0.350801184492307,-0.128865488540624,-0.0220319330473884,0.374371059093381
0.2,0.215,0.200700168895646,0.220372598993137,0.000700168895646079,0.00537259899313663,0.0054180306776063,-0.345719023598692,-0.12789790976554,-0.0333454400781368,0.370124186408183
0.2,0.23,0.201552080899215,0.235110790830069,0.00155208089921487,0.00511079083006905,0.0053412674550546,-0.329288079003459,-0.123168205152673,-0.0414675649766499,0.354007066815151
0.2,0.245,0.202265210297593,0.249667826029915,0.00226521029759259,0.00466782602991467,0.00518842727017238,-0.301852750430706,-0.114348503018212,-0.0439455025429057,0.325763957735848
0.2,0.26,0.202770128009147,0.264046685612689,0.00277012800914728,0.004046685612689,0.00490400587632259,-0.263940345892615,-0.100934285386551,-0.0384705924883937,0.285188342263063
0.2,0.275,0.203001030013553,0.278251918005419,0.00300103001355276,0.00325191800541941,0.0044250595313753,-0.216243193534701,-0.082267905022893,-0.022938445221883,0.232498114810258
0.2,0.29,0.202896753345496,0.29228953080267,0.0028967533454964,0.0022895308026703,0.00369230703504201,-0.15959563118047,-0.0575689340021375,0.00450060126715289,0.169721018519584
0.2,0.305,0.20240161236811,0.306166848949999,0.00240161236810985,0.00116684894999919,0.00267007086774347,-0.0949472133184325,-0.0259693367630396,0.0454026529701164,0.108401033990041
0.2,0.32,0.201466033866837,0.319892345976235,0.0014660338668368,-0.000107654023764836,0.00146998118611948,-0.0233336170548819,0.0134487446425376,0.101004171793834,0.104533115167588
0.2,0.335,0.200046982172845,0.333475455844671,4.69821728454889e-05,-0.00152454415532927,0.00152526791289724,0.0541532540024554,0.0616148132879246,0.17220888089028,0.190748243504925
0.2,0.35,0.198108177401576,0.346926373412934,-0.00189182259842427,-0.00307362658706634,0.00360917901199564,0.136394566161307,0.119433496449011,0.259587117722861,0.316628432990009
