frame_no,target_no,time_stamp,target_x,target_y,pupil_x,pupil_y,ellipse_min_axis,ellipse_max_axis,ellipse_angle,glint_1_x,glint_1_y,glint_2_x,glint_2_y,glint_3_x,glint_3_y,glint_4_x,glint_4_y
0,0,738084.391242105,-0.2,0.05,49.2972156386191,-55.5944083095829,34.081017314879,23.9082807385771,0.725434905668776,62.889616290264,-21.0919593221176,39.4295539191206,-29.4528613571189,40.3968112852201,-49.2740046366273,66.0385563605195,-43.5060029053127
1,1,738084.391242197,-0.2,0.065,49.5498493446138,-53.7081086170584,34.0292320053088,24.2525732880443,0.745149317761971,63.0406844280011,-20.2874775572584,39.5727772672344,-28.6460460369056,40.5380701956539,-48.4730006442645,66.1850902688683,-42.7098917079648
2,2,738084.391242287,-0.2,0.08,49.7816256475977,-51.7723367624253,33.9795370988658,24.5924863788004,0.765798177901698,63.1817447232621,-19.4584215280022,39.7060867968594,-27.8144402868672,40.6693827389558,-47.6470664146298,66.3214754531087,-41.8890758308663
3,3,738084.391242377,-0.2,0.095,49.9914368125167,-49.7891277736869,33.9319600784726,24.9270805014256,0.787425700120567,63.31218482422,-18.6056683348377,39.8288891895773,-26.9589192893316,40.7901586908615,-46.7970609376327,66.4471046110045,-41.0444111107437
4,4,738084.391242466,-0.2,0.11,50.1782573114437,-47.7608380907428,25.2554082558658,33.8865222023295,-0.760720291362014,63.4314320455372,-17.7302559499187,39.9406307798554,-26.0805202717214,40.8998477513376,-45.9240056013588,66.5614110483379,-40.1769144164338
5,5,738084.391242554,-0.2,0.125,50.341158062131,-45.690138622726,25.5765247635152,33.8432382238183,-0.737003649393619,63.5389610290905,-16.8333804549304,40.0408050225619,-25.1804398086261,40.9979469906622,-45.029081671047,66.6638763238357,-39.2877611084496
6,6,738084.391242643,-0.2,0.14,50.4793198487411,-43.58000251063,25.8894985893299,33.8021161917426,-0.712178588426635,63.6343010176298,-15.9163906267853,40.1289595673445,-24.2600284548797,41.0840078972763,-44.1136250990611,66.7540374912379,-38.3782798509855
7,7,738084.391242732,-0.2,0.155,50.5920455685252,-41.4336875624135,26.1934229340983,33.7631573431807,-0.686205243180766,63.7170425483104,-14.9807798438385,40.2047027512009,-23.3207826802195,41.1576428390331,-43.1791186323079,66.831493745337,-37.4499447439654
8,8,738084.39124282,-0.2,0.17,50.6787709564728,-39.2547134828449,26.4874268275742,33.7263560842752,-0.659047014050647,63.7868433803267,-14.0281753687735,40.2677093280537,-22.3643341600606,41.2185307571875,-42.2271812673477,66.8959122864744,-36.5043648259628
9,9,738084.391242907,-0.2,0.185,50.7390734720982,-37.0468342017117,26.7706860414373,33.6917000615267,-0.630671743603461,63.843433486353,-13.0603251507873,40.3177252698259,-21.3924365639761,41.2664219282798,-41.2595551906004,66.9470332340871,-35.5432710851972
10,10,738084.391242997,-0.2,0.2,50.7726790785587,-34.8140057725273,27.0424334398955,33.6591703195155,-0.601053048575493,63.8866189609729,-12.0790823746816,40.3545714969591,-20.4069500690904,41.3011416526493,-40.2780904269052,66.9846734438452,-34.5685012009402
11,11,738084.391243084,-0.2,0.215,50.7794667061145,-32.5603504589347,27.3019684899797,33.628741539966,-0.570171797510736,63.9162847299546,-11.0863880634548,40.3781464265724,-19.4098239053293,41.322592758757,-39.2847274998284,67.0087291140375,-33.5819823170598
12,12,738084.391243172,-0.2,0.23,50.7594702549016,-30.2901177773457,33.6003823542206,27.5486656809289,1.03277861895532,63.9323959805377,-10.0842521095637,40.3884272625346,-18.4030773087034,41.330756848531,-38.2814784769493,67.0191771036784,-32.5857122185722
13,13,738084.39124326,-0.2,0.245,50.7128780788365,-28.0076433584365,33.5740557199365,27.7819816357038,1.06620530282973,63.9349982732905,-9.07473316422795,40.3854699912991,-17.3887793137095,41.3256942486713,-37.2704068289827,67.0160749254175,-31.5817393370617
14,14,738084.391243347,-0.2,0.26,50.6400299619505,-25.7173065681312,33.5497193536558,28.0014607352385,1.10089210927489,63.9242163383244,-8.05991785103558,40.3694080888832,-16.3690278534398,41.3075426743232,-36.253606569882,66.9995594188634,-30.5721420486835
15,15,738084.391243434,-0.2,0.275,50.5414116880058,-23.4234878625008,33.5273262057656,28.2067391368723,1.13681269403436,63.9002516005531,-7.04189978764535,40.3404499854067,-15.3459286540241,41.2765146525231,-35.2331811639925,66.9698441519224,-29.5590077469888
16,16,738084.391243522,-0.2,0.29,50.4176473723011,-21.1305268415489,33.5068249681009,28.3975471175197,1.17392534619204,63.863378518054,-6.02275889688181,40.2988753720006,-14.3215744079283,41.2328937911488,-34.2112226850839,66.9272156370665,-28.5444121714331
17,17,738084.391243609,-0.2,0.305,50.2694897921496,-18.84268192467,33.48816060203,28.5737097318811,1.21217175706587,63.8139398525084,-5.00454146659675,40.245030468913,-13.2980246889482,41.1770300129387,-33.1897916912627,66.8720284842745,-27.5303994515679
18,18,738084.391243697,-0.2,0.32,50.0978090066117,-16.5640924874487,33.4712748766225,28.7351458316594,1.25147617377986,63.7523410193654,-3.98924137808692,40.1793224013706,-12.2772870322557,41.1093339018255,-32.1708982410055,66.8046996407785,-26.518963288319
19,19,738084.391243786,-0.2,0.335,49.903579595134,-14.2987441906997,33.4561069061541,28.8818655428929,1.29174505851358,63.6790436868561,-2.97878286840746,40.1022128504927,-11.2612995483532,41.030270329293,-31.1564844217362,66.7257018889475,-25.5120296402234
20,20,738084.391243906,-0.2,0.35,49.68786686902,-12.0504380978505,33.4425936790704,29.0139663426452,1.33286736206952,63.5945588064329,-1.97500512621863,40.0142111592257,-10.2519153738898,40.9403515410317,-30.1484086969381,66.6355567866181,-24.5114412175049
21,21,738084.391244016,-0.18,0.05,51.8104767660366,-55.1694478487571,34.1429247809301,23.5093066406549,0.754010331151836,63.9618695063908,-20.8714644843765,40.5071044023334,-29.2293397670979,41.4711785900538,-49.0455238010713,67.1073024789647,-43.2846679491044
22,22,738084.391244108,-0.18,0.065,52.0816180645126,-53.2644144919943,34.0894018458027,23.853455873661,0.774170908798623,64.1229461306049,-20.0602191407651,40.660280301368,-28.4157429811037,41.6223512897389,-48.2377806085223,67.2637889216871,-42.4818889604946
23,23,738084.3912442,-0.18,0.08,52.3302147527721,-51.3090050440447,34.0380291964472,24.1933850801535,0.795251350862566,64.273263239926,-19.2239741926313,40.8027887334461,-27.5769278546257,41.7628248783144,-47.404680001671,67.4093736980231,-41.6539788556918
24,24,738084.391244305,-0.18,0.095,52.5550478849363,-49.3053109786788,33.9888367087802,24.5281467549344,0.817291188602124,64.4121498006446,-18.3636267382964,40.9339781701159,-26.7137894814977,41.891951103585,-46.5471004638976,67.5433910188888,-40.8018127644372
25,25,738084.391244404,-0.18,0.11,52.7549885644508,-47.2557580246771,24.8567836728726,33.9418477945169,-0.73046708403693,64.5389779668778,-17.4802411060329,41.0532402814454,-25.8273913958653,42.0091251888916,-45.6660892635212,67.6652192575089,-39.9264331969871
26,26,738084.391244501,-0.18,0.125,52.9290139373868,-45.1630990258026,25.1783395648758,33.897079077055,-0.706393335348278,64.6531716561552,-16.5750460632762,41.1600183100812,-24.9189628493489,42.1137941835622,-44.7628599158167,67.7742895080219,-39.0290474869743
27,27,738084.391244603,-0.18,0.14,53.0762222868296,-43.0304011787991,25.4918703556717,33.8545401553339,-0.681248505385773,64.7542147023863,-15.6494292115512,41.2538150158544,-23.9898932562416,42.2054648785139,-43.8387868134751,67.8700937047926,-38.1110224252303
28,28,738084.391244743,-0.18,0.155,53.1958468192733,-40.8610276089557,25.7964557137336,33.8142334679416,-0.655000171285215,64.8416583656046,-14.7049285342265,41.334199974872,-23.0417237716004,42.2837110713388,-42.8953969859343,67.9521920816011,-37.1738760462592
29,29,738084.391244839,-0.18,0.17,53.2872677373888,-38.6586134117683,26.091210631244,33.7761542497142,-0.62761987372078,64.915127985619,-13.7432211546772,41.400816025266,-22.0761360580267,42.3481799735874,-41.9343590388441,68.0202197582329,-36.2192666191791
30,30,738084.391244928,-0.18,0.185,53.3500222432385,-36.4270364870851,26.3752967386108,33.7402905887879,-0.5990842413275,64.9743285842736,-12.7661094563073,41.4533846692922,-21.0949383914868,42.3985975707507,-40.957469419467,68.0738922600703,-35.2489789887219
31,31,738084.391245018,-0.18,0.2,53.3838121576853,-34.1703836647752,33.7066235771188,26.6479330526392,1.00142009646404,65.0190492476984,-11.7755048082633,41.4917102683472,-20.1000493495533,42.4347727723209,-39.9666362472038,68.1130098035666,-34.2649085044376
32,32,738084.391245106,-0.18,0.215,53.3885089168144,-31.8929128017594,33.6751275505054,26.90840587164,1.0323098676671,65.0491661552436,-10.773409226564,41.5156829022617,-19.0934794121587,42.4566002243841,-38.9638610354941,68.1374602162663,-33.2690428625399
33,33,738084.391245194,-0.18,0.23,53.3641557799637,-29.5990116635631,33.6457704098842,27.1560775415974,1.06438171973783,65.0646441635984,-9.76189537477804,41.525279805752,-18.0773108800814,42.4640616986851,-37.9512187071543,68.1472204023325,-32.2634422598831
34,34,738084.391245281,-0.18,0.245,53.3109671835933,-27.2931545304866,33.6185140141826,27.3903938696445,1.0976254942837,65.065536901288,-8.74308536706228,41.5205653407871,-17.0536765758273,42.4572260180723,-36.9308363653968,68.142356311552,-31.2502183191084
35,35,738084.39124537,-0.18,0.26,53.2293252550761,-24.9798575417271,33.5933146345099,27.6108899928899,1.13201917672212,65.0519853774884,-7.71912887587833,41.5016895116222,-16.02473783172,42.4362475261759,-35.9048713238228,68.1230214187669,-30.2315122845044
36,36,738084.391245459,-0.18,0.275,53.1197736060956,-22.6636338223137,33.5701234561321,27.8171945758472,1.16752763249281,65.0242151574686,-6.69218106496522,41.4688850766213,-14.9926622888465,42.4013631565329,-34.8754889184141,68.0894537691886,-29.2094730075669
37,37,738084.391245547,-0.18,0.29,52.9830085993286,-20.3489494317318,33.5488871178893,28.0090322586645,1.20410154285171,64.9825322023775,-5.66438086437697,41.4224633554145,-13.9596020271116,42.352888200607,-33.8448406221526,68.0419716903602,-28.1862352385908
38,38,738084.391245637,-0.18,0.305,52.819868366213,-18.0401811201206,33.529548275453,28.1862243514881,1.2416766334438,64.9273175110365,-4.63783007931534,41.3628088688611,-12.9276725218844,42.2912109130351,-32.8150429589638,67.9809683114025,-27.163898716781
39,39,738084.391245725,-0.18,0.32,52.6313199108173,-15.7415767877179,33.5120461760769,28.3486878201197,1.28017329015518,64.8590207342632,-3.61457378016774,41.2903729811633,-11.8989328784465,42.2167861240564,-31.7881576702882,67.9069050626765,-26.1445085080987
40,40,738084.391245813,-0.18,0.335,52.4184446799294,-13.4572194191878,33.4963172344873,28.4964326675211,1.31949664944915,64.7781529563564,-2.59658236079738,41.2056667367553,-10.8753677350409,42.1301280521902,-30.7661735278149,67.8203043528055,-25.1300369806774
41,41,738084.391245901,-0.18,0.35,52.1824230071044,-11.190995119293,33.4822955994997,28.6295578603756,1.35953723229701,64.6852788532569,-1.58573557968844,41.1092530986693,-9.85887115266049,42.0318025241557,-29.7509901138041,67.721741634395,-24.1223677359844
42,42,738084.391246012,-0.16,0.05,54.330751663526,-54.6844207943358,34.2103144409747,23.0897695613423,0.782153955422282,65.0308807668904,-20.622691123297,41.5818061107592,-28.977184909574,42.5426366002707,-48.787981077061,68.1726139402103,-43.0346545610923
43,43,738084.391246134,-0.16,0.065,54.6205240498469,-52.7614511285504,34.1549875941358,23.4331033992817,0.802709143310077,65.2020055298847,-19.8050877166066,41.7449861995187,-28.1572102527789,42.703775326095,-47.9738918528095,68.3390941153829,-42.2256015885461
44,44,738084.391246267,-0.16,0.08,54.886042936204,-50.7873204010233,34.1018702537126,23.7723903875469,0.824165444711161,65.3616170344589,-18.96212022436,41.8967427300958,-27.3116507869121,42.8534599023758,-47.1340799541986,68.4939180158031,-41.3910522765538
45,45,738084.391246365,-0.16,0.095,55.1259760264232,-48.7641765520077,34.0509946836279,24.1066798362927,0.846557621520202,65.508984517916,-18.0947054195917,42.0363648521052,-26.4414212176142,42.9909829400864,-46.2694431183191,68.6363603231201,-40.5319007845853
46,46,738084.391246463,-0.16,0.11,55.339089064965,-46.6945136523508,24.4350094812636,34.002386468031,-0.700877178719708,65.6434239506271,-17.2039331751023,42.1631884844864,-25.5476105935205,43.115684101017,-45.381053759206,68.7657434563143,-39.6492145114533
47,47,738084.391246596,-0.16,0.125,55.5242636506537,-44.5811645370814,24.7564163570598,33.956064141168,-0.676514764735573,65.7643075572663,-16.291063634076,42.2766056277829,-24.6314795481615,43.2269593841573,-44.4701564017243,68.8814470746229,-38.7442315107871
48,48,738084.391246693,-0.16,0.14,55.6805140678541,-42.4272875061855,25.0699482811979,33.9120389135024,-0.651122612484909,65.8710728801099,-15.3575214118872,42.3760732107994,-23.6944545545931,43.3242699407827,-43.5381621290245,68.9829171049382,-37.8183549436189
49,49,738084.391246792,-0.16,0.155,55.8070026659069,-40.2363470394392,25.3746756909864,33.8703144978775,-0.624675411485455,65.9632311347392,-14.4048867910288,42.4611212268456,-22.7381191522673,43.4071501739124,-42.5866399983935,69.0696740438458,-36.8731445242203
50,50,738084.391246885,-0.16,0.17,55.9030533346676,-38.0120886719616,25.6697035428182,33.8308870440835,-0.597152345400333,66.0403746168352,-13.4348839683447,42.5313599234969,-21.7642022034243,43.4752148867154,-41.617305477963,69.1413202934,-35.9103050121974
51,51,738084.391246974,-0.16,0.185,55.9681626611278,-35.7585083647097,25.9541829644164,33.7937451744675,-0.568538138123327,66.1021829382683,-12.4493665148736,42.5864858294732,-20.7745633381163,43.5281652642859,-40.6320060585908,69.1975463098079,-34.9316719048824
52,52,738084.391247063,-0.16,0.2,56.0020084201434,-33.4798169144263,33.7588701262479,26.2273223472539,1.03197215045148,66.1484279009066,-11.4503003082189,42.6262864324823,-19.7711758473224,43.5657935036064,-39.6327042958519,69.2381353750853,-33.939194583826
53,53,738084.391247154,-0.16,0.215,56.004455115531,-31.1804001217393,33.7262359883648,26.4883975702726,1.06278664345273,66.1789768565991,-10.4397442899553,42.6506433615666,-18.7561073770173,43.5879859463928,-38.6214586309505,69.2629668422776,-32.9349172622128
54,54,738084.391247243,-0.16,0.23,55.9755563953101,-28.8647756009427,33.6958100292065,26.7367610799053,1.09469341801088,66.1937944496132,-9.41982948066077,42.6595339748095,-17.7314988569768,43.5947246168264,-37.600402420937,69.2720177531366,-31.9209581608227
55,55,738084.391247331,-0.16,0.245,55.9155542577301,-26.5375472287902,33.6675531027057,26.9718495741393,1.12767403755442,66.1929426910133,-8.39273674807433,42.6530313057709,-16.6995421617857,43.5860871187939,-36.5717216731286,69.2653627807516,-30.8994874039782
56,56,738084.39124742,-0.16,0.26,55.8248750716648,-24.2033583194958,33.6414201231353,27.1931900952556,1.16169880469017,66.1765793702148,-7.36067386586198,42.6313023768678,-15.6624570442066,43.5622449020233,-35.537632022251,69.2431725056062,-29.8727041700202
57,57,738084.39124754,-0.16,0.275,55.7041225496064,-21.8668446469425,33.6173605932005,27.4004043999211,1.19672583964933,66.1449548642435,-6.32585241923798,42.5946049421457,-14.6224679004307,43.5234599607205,-34.5003555091784,69.2057100888871,-28.8428136508525
58,58,738084.391247659,-0.16,0.29,55.5540678957122,-19.5325884172627,33.5953191734291,27.5932115202809,1.23270038350132,66.0984074568526,-5.29046510846536,42.5432827724984,-13.5817809219278,43.4700800787042,-33.4620977163798,69.1533264585157,-27.812004371146
59,59,738084.391247749,-0.16,0.305,55.3756374458587,-17.2050742402302,33.5752362802444,27.7714285077019,1.2695544003018,66.037357325137,-4.25666397291151,42.4777596407515,-12.542562160545,43.4025327793395,-32.4250257880526,69.0864541686341,-26.7824263907069
60,60,738084.391247838,-0.16,0.32,55.1698981860671,-14.8886480468324,33.5570486975503,27.9349694119264,1.30720654814826,65.9622993883146,-3.22654000918463,42.3985321999983,-11.5069169844387,43.3213181742687,-31.3912478147344,69.0056001299694,-25.7561708655639
61,61,738084.391247926,-0.16,0.335,54.9380415821306,-12.587479764038,33.540690190758,28.0838426014722,1.34556257738949,65.8737952402918,-2.20210459051312,42.3061619746505,-10.4768713359735,43.2270009308605,-30.3627939964754,68.9113374351254,-24.7352513779552
62,62,738084.391248014,-0.16,0.35,54.6813661842391,-10.305530398053,33.5260921118811,28.2181465831722,1.38451619489019,65.7724644039524,-1.18527301543061,42.2012666991491,-9.45435512336497,43.1202015934936,-29.3415999198665,68.8042965185516,-23.7215873671923
63,63,738084.391248125,-0.14,0.05,56.8494847996824,-54.1375285468862,34.2835604261224,22.6502005607184,0.809828199192021,66.0924252749705,-20.3449560871496,42.6494361837614,-28.6957059908761,43.6069713417101,-48.5006808877901,69.2302689044469,-42.7552603543018
64,64,738084.391248246,-0.14,0.065,57.1578368218093,-52.1975134208766,34.2263622160961,22.9920348671679,0.830726769883327,66.273543630288,-19.5214378388799,42.8225787697457,-27.8697946257229,43.7780353059756,-47.6806755993582,69.4066901573341,-41.9403636662401
65,65,738084.391248337,-0.14,0.08,57.4402172053323,-50.2056849617121,34.1714318945708,23.3300071798516,0.852504010754118,66.4423994340505,-18.6722586920211,42.9835457904952,-27.0180002830265,43.9368943141351,-46.8346511628646,69.5707054140667,-41.0996734588042
66,66,738084.391248429,-0.14,0.095,57.6951797039559,-48.1642474732425,23.6631687846194,34.1188040557819,-0.695606407141998,66.5982019424344,-17.7983547280248,43.1315667479554,-26.1412569410779,44.0827815156415,-45.9635242983166,69.7215295785084,-40.2341026267194
67,67,738084.391248518,-0.14,0.11,57.921384178357,-46.075762071223,23.9905575462983,34.0685064297176,-0.671983618834084,66.7402106747186,-16.9008403976695,43.26592146986,-25.2406782188816,44.2149806703656,-45.0683916876168,69.8584288479016,-39.344742561759
68,68,738084.391248609,-0.14,0.125,58.1176162645036,-43.9431390535978,24.3112089010631,34.0205594644003,-0.647398173565863,66.8677458957926,-15.9810056390203,43.3859503768966,-24.3175545682008,44.3328363874651,-44.1505273647077,69.9807311755087,-38.4328605257876
69,69,738084.39124873,-0.14,0.14,58.2828059745733,-41.7696240480694,24.6241675083208,33.9749760081945,-0.621827459164418,66.9801986059478,-15.0403098829894,43.4910642486694,-23.3733473340459,44.4357638571414,-43.2113769754507,70.0878362221575,-37.4998939180053
70,70,738084.39124882,-0.14,0.155,58.4160447027808,-39.5587778793817,24.928499295745,33.9317611002932,-0.595252842028364,67.0770397584424,-14.0803729038832,43.5807532139974,-22.4096796384089,44.5232578013696,-42.2525488571194,70.1792245169672,-36.5474413876137
71,71,738084.391248909,-0.14,0.17,58.5166001275467,-37.3144503031295,25.2233035992366,33.8909118720432,-0.567660555037076,67.1578284341082,-13.1029625760466,43.6545947003791,-21.428324146367,44.5949003790718,-41.2758019915742,70.2544655569918,-35.577250846493
72,72,738084.391248998,-0.14,0.185,58.5839285459938,-35.0407479745239,33.8524175645363,25.5077250789626,1.03175368017042,67.222218723768,-12.1099797057231,43.7122600990578,-20.4311878823721,44.650367803135,-40.2830309948839,70.313224597623,-34.5912045443072
73,73,738084.391249086,-0.14,0.2,58.6176842426562,-32.7419972181858,33.816259653979,25.7809650860596,1.06139835488189,67.2699651031389,-11.1034402137281,43.7535199360572,-19.4202943718748,44.6894354607203,-39.276248413752,70.3552679201577,-33.5913014751569
74,74,738084.391249175,-0.14,0.215,58.6177255839612,-30.422702373839,33.7824120849037,26.0422921621203,1.09206312909015,67.3009261298183,-10.085455043439,43.7782473842041,-18.3977634831449,44.7119813730629,-38.2575646993388,70.3804664084394,-32.5796374842097
75,75,738084.391249264,-0.14,0.23,58.5841176296343,-28.0875006505154,33.7508415992853,26.2910513758862,1.12373254117357,67.3150663458921,-9.05820825403486,43.7864200045212,-17.3657894304877,44.7179878844426,-37.2291663160812,70.3887973209095,-31.5583835289472
76,76,738084.391249352,-0.14,0.245,58.5171311792298,-25.7411145605256,33.7215081551093,26.5266722471835,1.15638141757187,67.3124563298678,-8.02393382569799,43.7781196647856,-16.3266174676788,44.7075415294426,-36.1932925115841,70.3803442049529,-30.5297626174404
77,77,738084.39124944,-0.14,0.26,58.4172382758662,-23.3883030809869,33.6943654172129,26.7486750434001,1.18997407303687,67.293270904559,-6.98489174768672,43.7535306450664,-15.2825198453475,44.6808310895494,-35.1522113196063,70.3552949636513,-29.4960259914298
78,78,738084.391249527,-0.14,0.275,58.2851043228806,-21.0338127320678,33.6693613102642,26.9566753071351,1.22446368455825,67.2577855699879,-5.94334397921893,43.7129360013415,-14.2357716257265,44.638143911403,-34.1081953888706,70.3139381474636,-28.4594291423746
79,79,738084.391249615,-0.14,0.29,58.1215770764249,-18.6823297459951,33.646438616987,27.1503865375727,1.25979189808521,67.2063712886025,-4.90153086629723,43.6567123154423,-13.1886269418199,44.5798606159451,-33.0634982251388,70.2566576016576,-27.4222082431669
80,80,738084.391249702,-0.14,0.305,57.9276728631591,-16.3384344240318,33.6255356103995,27.3296209983953,1.29588872359927,67.1394878011701,-3.86164856589918,43.5853230094297,-12.1432962565936,44.5064483774562,-32.0203314035963,70.1839256510679,-26.3865575478756
81,81,738084.39124979,-0.14,0.32,57.7045604718261,-14.0065586826677,33.6065866993999,27.4942887258137,1.33267276759288,67.0576756930824,-2.82582797498933,43.4993104428165,-11.101925123937,44.4184529914933,-30.9808432556281,70.0962950448237,-25.3546082591816
82,82,738084.391249878,-0.14,0.335,57.453543194136,-11.6909476294602,33.5895230820146,27.6443948247418,1.37005183837158,66.9615474606805,-1.79611558958279,43.3992870399079,-10.0665748807872,44.3164899794481,-29.9470994624861,69.9943899131305,-24.3284092920083
83,83,738084.391249997,-0.14,0.35,57.1760395472571,-9.39562584451247,27.7800352320082,33.5742733884763,-0.162872386160773,66.8517778447995,-0.774456633482645,43.2859257113235,-9.03920561393399,44.2012349939165,-28.9210659030818,69.8788960051985,-23.3099102771669
84,84,738084.391250117,-0.12,0.05,59.3576567671036,-53.5274511305346,34.3630441068006,22.1913485707093,0.836999566989459,67.1421077032683,-20.0378262835091,43.7055974373946,-28.3844654767724,44.6597955513302,-48.1831849698727,70.2758770917366,-42.4460360528783
85,85,738084.391250216,-0.12,0.065,59.6843481497465,-51.5713783126293,34.303905580986,22.5309991910326,0.858191136093679,67.3330634976522,-19.2088747954259,43.8885599631758,-27.5530968586811,44.8406434300885,-47.3577312271923,70.4620855334803,-41.6257631476406
86,86,738084.391250309,-0.12,0.08,59.9833539161427,-49.5629851721991,34.2470923757926,22.8669818412141,0.880235738475496,67.5110188328644,-18.3540394836659,44.0586059475876,-26.695621657155,45.0085467217422,-46.5060369159388,70.6351501065701,-40.7794738232194
87,87,738084.391250401,-0.12,0.095,60.2531150073587,-47.504532106714,23.1983552110037,34.1926412934225,-0.667637631503585,67.6751236233141,-17.4742753104261,44.2149058027352,-25.8129927259009,45.1626796708685,-45.6290374177365,70.7942265786671,-39.9080993652579
88,88,738084.39125049,-0.12,0.11,60.4921865283957,-45.3986455900376,23.5241627588489,34.140582127334,-0.643813202386979,67.8245815200284,-16.5707201679281,44.3566837668812,-24.9063471428647,45.3022706344621,-44.7278526449541,70.9385255059377,-39.0127541046981
89,89,738084.39125058,-0.12,0.125,60.6992592742649,-43.2483102346992,23.8434437428776,34.090937193576,-0.619067016225792,67.9586613522104,-15.6446919257309,44.4832291254854,-23.9770033338083,45.4266132722324,-43.8037843673122,71.0673236530255,-38.0947327291951
90,90,738084.391250668,-0.12,0.14,60.8731800991577,-41.0568543730484,24.1552449531263,34.0437209662484,-0.593382317620905,68.076708042293,-14.6976822363996,44.5939068964802,-23.0264549344635,45.5350771950377,-42.8583102787852,71.1799748673691,-37.1555043601055
91,91,738084.391250758,-0.12,0.155,61.0129705496655,-38.8279290909902,24.4586328789086,33.9989398268001,-0.566746637727858,68.1781526848429,-13.7313470532719,44.6881676754024,-22.0563613423032,45.6271177676136,-41.8930747507756,71.2759200980858,-36.196703342358
92,92,738084.391250851,-0.12,0.17,61.1178431914873,-36.5654808716617,33.9565919341289,24.7527059998194,1.03164372541024,68.2625214888457,-12.7474939237852,44.7655563456022,-21.0685350193288,45.7022847716405,-40.9098763276377,71.3546962594322,-35.2201168037593
93,93,738084.391250945,-0.12,0.185,61.1872151165493,-34.2737182338339,33.9166672128402,25.0366068828829,1.06019755808434,68.3294433064708,-11.7480662361956,44.8257193826482,-20.0649257223258,45.7602296592493,-39.9106521357643,71.4159436631284,-34.2276691545494
94,94,738084.391251035,-0.12,0.2,61.2207181863217,-31.9570729756945,33.8791474642765,25.3095337465628,1.08970583826796,68.3786555088762,-10.7351247102632,44.8684105193946,-19.0476019507076,45.8007111645981,-38.8974594913348,71.459411781937,-33.2214038108966
95,95,738084.391251124,-0.12,0.215,61.218205667466,-29.6201568309469,33.8440065884599,25.5707511662015,1.12015559074984,68.4100080196076,-9.71082652716207,44.8934945879543,-18.0187300075878,45.8235990910744,-37.8724550978844,71.4849631575181,-32.2034625312101
96,96,738084.391251213,-0.12,0.23,61.1797550326657,-27.2677145334245,33.8112109139606,25.8195996168918,1.15152542715223,68.4234653762348,-8.67740258407802,44.9009494143364,-16.9805511608914,45.8288761512538,-36.8378723167141,71.492575326192,-31.1760628451227
97,97,738084.391251303,-0.12,0.245,61.1056668276254,-24.9045744129208,33.7807196217243,26.0555035879003,1.18378484986766,68.4191067581173,-7.63713342920391,44.890865707904,-15.9353574624349,45.816637803147,-35.7959970652185,71.4823407038398,-30.1414741263245
98,98,738084.391251391,-0.12,0.26,60.9964596434576,-22.5355977432657,33.7524852522979,26.2779780571665,1.21689369186888,68.3971239883495,-6.59232447883346,44.8634449571145,-14.8854668296423,45.7870900955655,-34.7491429459575,71.454464441685,-29.1019929076525
99,99,738084.39125148,-0.12,0.275,60.8528613627693,-20.165628085227,33.7264542789761,26.486633169391,1.25080173795379,68.3578175877727,-5.5452811373291,44.8189954115258,-13.8331980143492,45.7405456037422,-33.6996262302271,71.4092603344754,-28.0599180573579
100,100,738084.391251599,-0.12,0.29,60.6757969733266,-17.799441859658,33.702567733629,26.6811770332534,1.28544857374116,68.301591023652,-4.49828443220398,44.7579262936964,-12.7808460750305,45.6774176000158,-32.6497413128529,71.3471449273464,-27.0175264283733
101,101,738084.391251719,-0.12,0.305,60.4663733534608,-15.4417013002715,33.680761868575,26.8614166236825,1.32076370169989,68.2289433525189,-3.45356774151542,44.680740440212,-11.7306589340416,45.5982126595444,-31.601737221314,71.2686300242058,-25.9770495588064
102,102,738084.391251807,-0.12,0.32,60.2258615127221,-13.0969108279833,33.6609688385752,27.0272568398566,1.35666695714033,68.1404605022985,-2.41329513213746,44.5880256155795,-10.6848155429166,45.5035219454942,-30.557795704666,71.1743138457953,-24.9406519445933
103,103,738084.391251902,-0.12,0.335,59.9556768364488,-10.7693777152121,27.178697830609,33.6431173889945,-0.177727086066984,68.0368054716684,-1.37954174963346,44.4804447744639,-9.64540610077967,45.3940114495295,-29.520011350592,71.0648711178549,-23.9104113285547
104,104,738084.391251993,-0.12,0.35,59.6573579124111,-8.46317773334462,27.3158307509919,33.627133538251,-0.140922757358846,67.9187077434205,-0.354276608732376,44.3587255657752,-8.61441467892059,45.2704114812221,-28.4903740875061,70.9410423881347,-22.8883013593083
105,105,738084.391252104,-0.1,0.05,61.845906649712,-52.8534091463885,34.4491517820888,21.7141768479191,0.863638739579603,68.1754303868405,-19.7011479836479,44.7457862668517,-28.04330875202,45.696616479355,-47.8353423932756,71.3049480578713,-42.1068153666762
106,106,738084.391252195,-0.1,0.065,62.1904988475291,-50.8823662181976,34.3880019264877,22.0509729786051,0.885074224774403,68.3759606794506,-18.8672836264631,44.9383199751192,-27.2070010798366,45.8870010935352,-47.0049460441088,71.5006834075589,-41.281671493198
107,107,738084.391252286,-0.1,0.08,62.5057097337012,-48.8586522364392,34.3292338467,22.3843013912328,0.90733442067374,68.5627711989381,-18.0073918207884,45.1172144227546,-26.3444432275274,46.063719885487,-46.1481682025288,71.6825560940768,-40.4303680050555
108,108,738084.391252375,-0.1,0.095,62.7898704641936,-46.7845832015166,22.7132337751063,34.2728863599875,-0.640356197133759,68.7349541221075,-17.1224458962732,45.2815824479876,-25.4566064439967,46.2258897071889,-45.2659625138604,71.8496643534629,-39.5538541594189
109,109,738084.391252465,-0.1,0.11,63.0414343214803,-44.6628488235714,23.0368248449995,34.218991176107,-0.616386710579426,68.8916587367643,-16.2136058629895,45.4305941163451,-24.5446499697593,46.3726849241844,-44.3594709052031,72.0011646013485,-38.6532659964485
110,110,738084.391252555,-0.1,0.125,63.2590000568286,-42.4965042331096,23.354123324671,34.1675723738782,-0.591538318885067,69.0321038202202,-15.2822153668039,45.5634888748591,-23.6099180700137,46.5033495365933,-43.4300208251016,72.136283787915,-37.7299235663122
111,111,738084.391252644,-0.1,0.14,63.4413339941941,-40.2889549824711,23.6641836712222,34.1186459894682,-0.565799679871884,69.1555894588094,-14.3297952914452,45.6795871373007,-22.6539336941217,46.6172087248606,-42.47911911179,72.2543311741187,-36.7853248107183
112,112,738084.391252733,-0.1,0.155,63.5873902527247,-38.043935268464,34.07221972318,23.9660782649033,1.03163240011129,69.2615079690986,-13.3580339586126,45.7783009665179,-21.6783887100594,46.7136794869582,-41.5084424333341,72.3547091897102,-35.8211360435798
113,113,738084.391252823,-0.1,0.17,63.6963284651875,-35.7654795496462,34.0282927703484,24.2589097619187,1.05916694102857,69.3493535910613,-12.3687739924682,45.8591435300531,-20.6851307780199,46.7922800440867,-40.5198243583985,72.4369230438716,-34.839179089985
114,114,738084.391252912,-0.1,0.185,63.7675284278881,-33.4578879571779,33.9868557824699,24.5418232791511,1.08759602074879,69.4187306490376,-11.363996034827,45.9217370310364,-19.6761470480993,46.8526377179464,-39.5152392371233,72.5005887855749,-33.8414152624183
115,115,738084.391253001,-0.1,0.2,63.8006011903484,-31.1256861479101,33.9478909551343,24.8140180712936,1.11690875098935,69.4693599172552,-10.3457996156377,45.9658188573215,-18.6535449861597,46.8944950238168,-38.4967831910056,72.5454395523827,-32.8299264716434
116,116,738084.39125309,-0.1,0.215,63.7953962104945,-28.773580444517,33.9113722370038,25.074758366984,1.14708692588863,69.5010829816758,-9.3163815929733,45.9912457464813,-17.6195307425357,46.9177137784343,-37.4666526218068,72.5713298020444,-31.8068938797825
117,117,738084.391253178,-0.1,0.23,63.7520043246645,-26.4064093088595,33.8772656546264,25.3233830532163,1.17810441486923,69.5138644561826,-8.27801267111524,45.9979958300366,-16.5763855735651,46.9222770875145,-36.427120745518,72.5782373880851,-30.7745745983092
118,118,738084.391253268,-0.1,0.245,63.6707564263223,-24.0290923275076,33.8455297399183,25.5593139370221,1.20992666168445,69.5077919851491,-7.23301257836328,45.9861684934421,-15.5264408999029,46.9082891508891,-35.3805127323597,72.5662634149207,-29.7352770078346
119,119,738084.391253356,-0.1,0.26,63.5522178973856,-21.6465779797534,33.8161160468342,25.7820623609681,1.24251032650096,69.483074042105,-6.18372453357803,45.9559820650185,-14.4720526337407,46.8759728998618,-34.3291800830315,72.5356298860609,-28.6913353252691
120,120,738084.391253444,-0.1,0.275,63.3971789837081,-19.2637914975351,33.7889697438073,25.9912340178794,1.27580310836823,69.4400356109358,-5.13248964931362,45.9077694225711,-13.4155754265955,46.8256655567478,-33.275474892128,72.4866752356381,-27.645084064296
121,121,738084.391253531,-0.1,0.29,63.2066414390515,-16.8855840899777,33.7640302621035,26.1865318713054,1.30974378077811,69.3791119075779,-4.08162190904057,45.8419716766642,-12.3593374794484,46.7578122767246,-32.2217246408931,72.4198479050425,-26.598833026229
122,122,738084.391253618,-0.1,0.305,62.9818018845238,-14.5166847365457,33.7412319861419,26.3677571645871,1.34426246829631,69.3008403624729,-3.03338431768875,45.7591301505983,-11.3056165190148,46.6729580928009,-31.170208124665,72.3356981883682,-25.5548434216165
123,123,738084.391253708,-0.1,0.32,62.7240324207282,-12.1616556156256,33.7205049678027,26.5348085687866,1.37928118189444,69.2058511340684,-1.98996676174234,45.6598769259308,-10.2566174810052,46.5717384334453,-30.1231330583741,72.2348686200853,-24.5153056613193
124,124,738084.391253796,-0.1,0.335,62.4348590954232,-9.82485206619626,26.6876795806013,33.701775649165,-0.156081708502856,69.0948564592321,-0.953466032096531,45.5449242568639,-9.21445235807632,46.4548685164522,-29.082615821177,72.1180832132803,-23.4823192740048
125,125,738084.391253884,-0.1,0.35,62.115938869902,-7.51038778800013,26.826454343092,33.6849675793711,-0.120325111871006,68.9686391664675,0.0741316343817505,45.4150531759906,-8.18112257255043,46.3231319416696,-28.0506637043182,71.986135876394,-22.4578753106778
126,126,738084.391254003,-0.08,0.05,64.3046731511613,-52.1152154678366,34.5422725060756,21.2198511761373,0.889720592615296,69.1878705074939,-19.3350705632603,45.7654696326875,-27.6723881433724,46.7129127389891,-47.457313847764,72.3129684050665,-41.7377392474765
127,127,738084.391254117,-0.08,0.065,64.6665253063264,-50.1303919590099,34.479037390861,21.5531497416716,0.911352611147976,69.3976030902337,-18.4968524740356,45.9672169069354,-26.8316984274734,46.9124784038172,-46.6225192147915,72.5178615272612,-40.9082675711281
128,128,738084.39125421,-0.08,0.08,64.997333255151,-48.0927118576544,34.4182396245011,21.88318372471,0.933778835429661,69.5929224978895,-17.6325470072,46.1546278002976,-25.9646993639421,47.0976827409963,-45.7612870712586,72.7081996020617,-40.0525771908077
129,129,738084.391254299,-0.08,0.095,65.295323384849,-46.0045459876176,22.2090434706786,34.3599197631896,-0.613780561885694,69.7728657815949,-16.7431452314154,46.3267600957467,-25.0723800033356,47.267587722128,-44.874588819789,72.8830259440904,-39.1716348098746
130,130,738084.391254389,-0.08,0.11,65.5588519839731,-43.8686446973961,22.5298007004856,34.3041112055666,-0.589719220550916,69.9365303358453,-15.829827745857,46.4827320620614,-24.1559202485804,47.4213160891943,-43.9635869878014,73.0414452912076,-38.2665967521252
131,131,738084.391254479,-0.08,0.125,65.7864303224303,-41.6881291718274,22.8445193625469,34.2508396202715,-0.564823111455601,70.0830871705933,-14.8939615199021,46.6217354993809,-23.2166877729769,47.5580643644609,-43.029632354205,73.1826370509351,-37.3388060790014
132,132,738084.391254569,-0.08,0.14,65.9767484112517,-39.4664758397781,23.1522672520272,34.2001224817829,-0.539085821641387,70.2117935934486,-13.9370932885284,46.7430481841694,-22.2562314732549,47.677115253406,-42.0742576137218,73.3058679367294,-36.389786270856
133,133,738084.391254689,-0.08,0.155,66.1286967414439,-37.207493823266,34.15196873172,23.4521281287851,1.05829082986949,70.3220049342715,-12.9609394538094,46.8460453514742,-21.2762714051918,47.7778490792063,-41.0991675210236,73.4105036262944,-35.4212314157132
134,134,738084.391254779,-0.08,0.17,66.2413853269436,-34.9152956040861,34.1063785709349,23.7432140313509,1.08571085951932,70.413184954502,-11.967372562354,46.9302098627652,-20.2786852694652,47.8597538980565,-40.1062255767593,73.4960190848673,-34.434992967963
135,135,738084.391254869,-0.08,0.185,66.3141594354572,-32.5942613362841,34.0633433867868,24.0246774531248,1.11396146306922,70.4849146108682,-10.9584045531698,46.9951407354149,-19.2654916407915,47.9224339725135,-39.0974374429643,73.5620072245329,-33.4330632638332
136,136,738084.391254959,-0.08,0.2,66.346611476919,-30.2489974702187,34.0228458135045,24.2957230430229,1.14302712148218,70.5368988875931,-9.93616709321297,47.0405597541924,-18.2388302571471,47.965616324584,-38.0749313993077,73.6081856156713,-32.4175561034864
137,137,738084.391255048,-0.08,0.215,66.3385886404958,-27.8842905854529,33.9848599268075,24.5556184917265,1.17288539664851,70.5689714708179,-8.90288943163515,47.0663159446565,-17.2009398005255,47.9891551499227,-37.0409362668524,73.6344010270662,-31.390684823779
138,138,738084.391255137,-0.08,0.23,66.2901960085399,-25.5050575096271,33.9493515560706,24.8037042900721,1.20350648382629,70.5810971111955,-7.86087430124993,47.0723877597769,-16.1541336992698,47.9930339460203,-35.9977573252893,73.6406316438691,-30.3547383841536
139,139,738084.391255226,-0.08,0.245,66.2017950387759,-23.1162929531428,33.9162787127361,25.0394020832011,1.23485287733778,70.5733716012069,-6.81247247099825,47.0588829111124,-15.1007745581228,47.9773652871752,-34.947750826736,73.6269868936754,-29.3120560645024
140,140,738084.391255314,-0.08,0.26,66.0739974587436,-20.7230159808962,33.8855921121896,25.2622213952253,1.26687917981413,70.5460193784495,-5.76005660139062,47.0260358592951,-14.0432478712367,47.9423882624993,-33.8932977593293,73.5937048958814,-28.2650014234443
141,141,738084.391255433,-0.08,0.275,65.9076547887455,-18.3302166694381,33.8572357794067,25.4717645598104,1.29953208238666,70.4993888496515,-4.70599507324721,46.9742030610215,-12.9839356923792,47.888463675442,-32.8367775340741,73.5411476330749,-27.2159361853371
142,142,738084.391255553,-0.08,0.29,65.7038438475344,-15.9428042686346,33.8311477162527,25.6677297650682,1.33275053935924,70.4339456080743,-3.65262644785709,46.9038561462801,-11.9251909248607,47.8160671796312,-31.7805422578811,73.4697940209888,-26.1671947137489
143,143,738084.391255641,-0.08,0.305,65.4638487314308,-13.5655581067869,33.807260617533,25.8499121893471,1.36646615471999,70.3502637845389,-2.60223517539843,46.8155732658395,-10.8693128527216,47.7257805919425,-30.7268922158791,73.3802311208236,-25.1210596894055
144,144,738084.391255731,-0.08,0.32,65.1891398517823,-11.2030823266944,33.7855026131543,26.0182032737604,1.4006037874943,70.2490158264726,-1.55702910150067,46.7100289019055,-9.81852446779515,47.6182816762457,-29.6780531202159,73.2731437914472,-24.07973954512
145,145,738084.391255835,-0.08,0.335,64.881350691049,-8.85976537316109,26.1725882452572,33.7657980227401,-0.135713953239252,70.1309610375385,-0.519119234288414,46.5879824719684,-8.77495205956676,47.4943327281757,-28.6361555957041,73.14930311663,-23.0453481239299
146,146,738084.391255924,-0.08,0.35,64.5422529710264,-6.53974493583939,26.3131420533881,33.7480681056677,-0.100980378523163,69.9969332316748,0.509497867876338,46.450266076125,-7.74060743228488,47.3547683111835,-27.6032172708694,73.0095539630152,-22.0198869255501
147,147,738084.39125604,-0.06,0.05,66.7243500262022,-51.3133134248776,34.6427962855996,20.7097192511064,0.915224148297149,70.174963821696,-18.9400630621693,46.7601687013696,-27.272179668711,47.7042177765294,-47.0495885368149,73.2954854726361,-41.3392728810258
148,148,738084.391256154,-0.06,0.065,67.1026211315901,-49.3160019296805,34.5773978614212,21.0389198966177,0.937007349795035,70.3934178111699,-18.0980886297798,46.9706634576212,-26.4277032934644,47.9125006933797,-46.2109781683218,73.5090589790996,-40.5060541706142
149,149,738084.391256283,-0.06,0.08,67.4482324922286,-47.2658199828106,34.5144917214889,21.3650582622874,0.959552556735659,70.596798384952,-17.230053777124,47.1661575904894,-25.5569460366465,48.1057597746263,-45.3459623623759,73.7074187197972,-39.6466449645463
150,150,738084.391256378,-0.06,0.095,67.7593127624712,-45.1651920947446,21.6872489527699,34.4541197874825,-0.587924100189721,70.7840910950005,-16.3369665352083,47.3456573575744,-24.660914009535,48.2830056321889,-44.4555296281323,73.8895567101739,-38.7620287461996
151,151,738084.391256473,-0.06,0.11,68.0341279894448,-43.0169261413706,22.0045864175558,34.3963168362911,-0.563820482376116,70.9543448847903,-15.420026340755,47.508232575523,-23.7408060549919,48.4433127181117,-43.540861459927,74.0545294425811,-37.8533804823243
152,152,738084.391256565,-0.06,0.125,68.2711083128428,-40.8242042188014,22.3161555837393,34.3411098707412,-0.53892691444025,71.1066861899789,-14.480620735271,47.6530304934336,-22.7980105246119,48.5858331599783,-42.6033293236323,74.2014719589524,-36.9220636036777
153,153,738084.391256685,-0.06,0.14,68.468873259536,-38.5905664586031,34.2885176083813,22.6210432777069,1.05755491946809,71.2403324199951,-13.520318552181,47.7792890360111,-21.8340985229937,48.7098099595716,-41.644488113109,74.3296112838317,-35.9696234824799
154,154,738084.391256775,-0.06,0.155,68.626254886276,-36.3198877453363,34.2385500933078,22.9183501730384,1.08402980268011,71.3546044267434,-12.5408595430886,47.8863490281448,-20.8508135673568,48.8145891672609,-40.6660660195588,74.4382788238114,-34.9977773506981
155,155,738084.391256863,-0.06,0.17,68.7423180435115,-34.0163475306436,34.1912084461476,23.207202964464,1.11128641377927,71.4489375768541,-11.5441405171612,47.9736650234975,-19.8500577342505,48.899630655651,-39.6699508799203,74.5269213505553,-34.0084007255367
156,156,738084.391256952,-0.06,0.185,68.816377098664,-31.6843931904114,34.1464847543442,23.4867664389943,1.13931150968862,71.5228910730686,-10.5321981958171,48.0408143890931,-18.8338744941489,48.964517145795,-38.6581731994046,74.595110214372,-33.0035105365107
157,157,738084.391257041,-0.06,0.2,68.8480085504049,-29.32869761958,34.1043621045756,23.7562551064117,1.16808578639921,71.5761552178491,-9.50718911107348,48.0875043454574,-17.8044285618086,49.0089611868739,-37.6328861706902,74.6425484836756,-31.9852452748167
158,158,738084.391257131,-0.06,0.215,68.8370590953544,-26.9541119869099,34.0648147512431,24.0149440522424,1.19758347905353,71.6085563764122,-8.47136699257955,48.1135767256866,-16.7639832079448,49.0328098543281,-36.5963431303922,74.6690757703068,-30.9558426029062
159,159,738084.391257234,-0.06,0.23,68.7836488581015,-24.5656147735083,34.0278084190474,24.262178699133,1.22777205249502,71.6200594739333,-7.42705818814546,48.1190102938252,-15.7148755785562,49.0360470083576,-35.5508729950487,74.6746705789056,-29.9176149628238
160,160,738084.391257333,-0.06,0.245,68.6881696663425,-22.1682583538151,33.9933007210335,24.4973831979677,1.25861200615526,71.6107679485074,-6.37663573913377,48.1039205488832,-14.6594906457419,49.0187930407497,-34.4988542972894,74.6594501057207,-28.8729237996158
161,161,738084.391257445,-0.06,0.26,68.5512784276666,-19.7671144808819,33.9612416833406,24.7200672210236,1.29005681673307,71.5809211724781,-5.32249278060662,48.0685570308364,-13.6002344632303,48.9813021278218,-33.4426884933644,74.6236675035069,-27.8241530660624
162,162,738084.391257534,-0.06,0.275,68.3738858376796,-17.3672200594118,33.9315743580109,24.9298309907978,1.32205303868054,71.5308894447505,-4.26701595363573,48.0132982336605,-12.5395074180459,48.9239570958621,-32.3847732326398,74.5677067191911,-26.7736826941078
163,163,738084.391257622,-0.06,0.29,68.1571408084872,-14.9735245584918,33.9042355061508,25.1263684470694,1.35454057791801,71.4611667402038,-3.21255950321592,47.9386443127048,-11.479678156239,48.8472620874768,-31.3274762673614,74.4920750944033,-25.7238627060134
164,164,738084.391257711,-0.06,0.305,67.9024111433968,-12.590840319403,25.3094685247566,33.8791563314151,-0.183343179420386,71.372361475047,-2.16142069118565,47.8452078450083,-10.4230588168642,48.751833288267,-30.2731106384435,74.3973939912973,-24.6769885958689
165,165,738084.391257811,-0.06,0.32,67.6112610945964,-10.2237968759587,25.4790145867231,33.8562632490709,-0.15007742136345,71.2651856047076,-1.11581708327934,47.7337029577359,-9.37188213815101,48.6383880295566,-29.2239117038094,74.2843877634169,-23.6352785432921
166,166,738084.391257901,-0.06,0.335,67.2854265089907,-7.87680020326912,25.6349821192103,33.8354786665424,-0.116535058685985,71.1404424115787,-0.0778661780760201,47.6049331794365,-8.32828090824847,48.507732622123,-28.1820164851628,74.1538714314801,-22.6008529310847
167,167,738084.391258032,-0.06,0.35,66.9267883139323,-5.55399760932061,25.7774348503413,33.8167217640173,-0.082796449572845,70.9990133621616,0.950432260358366,47.4597783901319,-7.29427012663948,48.3607492968869,-27.1494457033974,74.0067374455382,-21.5757165336722
168,168,738084.391258147,-0.04,0.05,69.0954500363024,-50.4487986614899,34.7511129383129,20.1852810975726,0.940132468104328,71.1323918365709,-18.5169221949163,47.7255460584577,-26.8434911275986,48.6662068847086,-46.6129922772542,74.2481944080386,-40.912214020146
169,169,738084.391258239,-0.04,0.065,69.4891078348556,-48.4403946658673,34.683467409087,20.5098413781248,0.96202380217607,71.3589815627785,-17.6718259064088,47.9442174195516,-25.9958607776287,48.8826388059396,-45.771186074574,74.4698665471155,-40.0758657234521
170,170,738084.391258331,-0.04,0.08,69.8485519150517,-46.3792817433013,20.8315367916459,34.618368890874,-0.586152619564291,71.569877786481,-16.8007848736896,48.147263819226,-25.1220674797248,49.0834243942869,-44.9030964063598,74.6757068581095,-39.2134442640917
171,171,738084.391258423,-0.04,0.095,70.1718222029198,-44.2679365291873,21.1495116453241,34.555860194286,-0.562795434046125,71.7640191682074,-15.9048231309402,48.3336444996492,-24.2231334821812,49.2675273998825,-44.0097280557687,74.8646606579752,-38.3259490619923
172,172,738084.391258521,-0.04,0.11,70.4571031365606,-42.109220764163,21.4628886950921,34.495977061676,-0.538695342212285,71.940410583566,-14.9851569628476,48.5023851090867,-23.3002746068266,49.4339782547406,-43.0922796134732,75.0357405635706,-37.4145718536735
173,173,738084.391258611,-0.04,0.125,70.7027518185871,-39.9063716470488,34.4387474873396,21.7707794790417,1.05694606641223,72.0981379662448,-14.0431914384242,48.6525923186208,-22.3548968597714,49.5818886492558,-42.1521402965345,75.1880413042748,-36.4806935096799
174,174,738084.391258732,-0.04,0.14,70.9073246886889,-37.6629850548333,34.3841911517267,22.0722954514558,1.08253421349389,72.2363825048376,-13.0805133907147,48.7834677810349,-21.3885894670014,49.7104654443526,-41.1908831954101,75.320753867603,-35.5258773070052
175,175,738084.391258827,-0.04,0.155,71.0696019166793,-35.3829915889217,34.3323189887227,22.3665596645464,1.10885903036683,72.3544337764541,-12.098880795867,48.8943210203582,-20.4031142854354,49.8190235086042,-40.2102548943298,75.4331785607869,-34.5518586028189
176,176,738084.391258923,-0.04,0.17,71.1886087500339,-33.0706256484094,34.283132888968,22.6527187047393,1.13590920648505,72.4517014107015,-11.100208630363,48.9845808517733,-19.4003916660282,49.9069970811236,-39.2121615359893,75.5247365826514,-33.5605309805816
177,177,738084.391259049,-0.04,0.185,71.2636331114732,-30.7303879990487,34.2366255510474,22.9299545613538,1.16366810630038,72.527724908327,-10.0865514156426,49.0538049626648,-18.3824829767865,49.9739492922563,-38.198651532739,75.5949797316154,-32.5539290698512
178,178,738084.391259139,-0.04,0.2,71.2942388454058,-28.3670025545012,34.1927804799014,23.1974960947275,1.19211341192198,72.5821812891148,-9.06008278770012,49.1016873358539,-17.3515701228312,50.0195795246954,-37.1718952559791,75.6435979266493,-31.534208369606
179,179,738084.391259229,-0.04,0.215,71.2802741476253,-25.9853683203828,34.1515721303869,23.4546297724589,1.22121683788614,72.6148903116025,-8.02307254754889,49.1280632638794,-16.3099325199675,50.0437283654035,-36.1341621552861,75.6704242867067,-30.5036225237295
180,180,738084.391259318,-0.04,0.23,71.2218748756891,-23.5905076447173,34.1129661865303,23.7007093610475,1.25094393788816,72.6258170895843,-6.97786174940501,49.132911784937,-15.2599220801976,50.0463799806448,-35.0877958615436,75.6754375970985,-29.464498599163
181,181,738084.391259407,-0.04,0.245,71.1194626152195,-21.1875120735655,34.0769199711655,23.9351642964534,1.28125402291248,72.6150720225564,-5.92683646046264,49.116355462503,-14.203936845562,50.0276618377621,-34.0351879072658,75.6587620838473,-28.4192109954327
182,182,738084.391259497,-0.04,0.26,70.9737375664339,-18.7814871876589,34.0433829639897,24.1575065053321,1.31210020757127,72.5829080540397,-4.87240087433363,49.0786575263499,-13.1443939557822,49.9878417929044,-32.9787507474813,75.6206645140751,-27.3701546639486
183,183,738084.391259604,-0.04,0.275,70.7856664978787,-16.3774978338649,34.0122974168283,24.367335508581,1.34342959874714,72.5297153672433,-3.81695047674853,49.0202164869281,-12.0837026523518,49.9273226580006,-31.9208907829911,75.5615487360279,-26.3197183335608
184,184,738084.391259728,-0.04,0.29,70.5564661838694,-13.9805151197481,33.983599045302,24.5643417062759,1.37518363534628,72.4560137162186,-2.7628459463469,48.9415584225086,-11.0242380064517,49.8466344474835,-30.8639820736947,75.481947860877,-25.2702584248169
185,185,738084.391259827,-0.04,0.305,70.2875828882092,-11.595366442616,24.7483078129284,33.9572177777661,-0.163497744694402,72.3624426676723,-1.71238842712844,48.8433272140684,-9.96831601208105,49.746424580539,-29.8103413849371,75.3825143650966,-24.2240742907198
186,186,738084.391259916,-0.04,0.32,69.9806685693042,-9.226689670218,24.9191084809456,33.9330785402738,-0.131090153840235,72.249750089751,-0.667796736125725,48.7262730628385,-8.91817061278594,49.627446374296,-28.7622051378151,75.2640084528467,-23.1833853503116
187,187,738084.391260004,-0.04,0.335,69.6375545639341,-6.87889240337418,25.0767082137623,33.9111020632269,-0.0984619340122522,72.1187792669547,0.368813024303452,48.5912396670935,-7.87593313604565,49.4905462047466,-27.7217087409931,75.1272850600922,-22.1503105885465
188,188,738084.391260093,-0.04,0.35,69.2602235413265,-4.55611701635228,25.2211577237774,33.8912056857461,-0.0656879493638375,71.9704550435483,1.39544508900447,48.4391504570076,-6.84361450014526,49.3366497340873,-26.690868672946,74.9732799046404,-21.12685078813
189,189,738084.391260208,-0.02,0.05,71.4087706130437,-49.5234225676516,34.867611941799,19.6481508348526,0.964432494893257,72.0560688603666,-18.0667708296245,48.657492928567,-26.3874605390303,49.5947842000435,-46.1486857998892,75.1670250443297,-40.4576916537623
190,190,738084.3912603,-0.02,0.065,71.8166074412233,-47.5054227339051,34.7976276412443,19.9676011710596,0.986391415266202,72.2901110987525,-17.2192223558811,48.8836722352184,-25.5373443637898,49.8186994205918,-45.3043393886318,75.3961169232297,-39.6188662326087
191,191,738084.391260392,-0.02,0.08,72.1887515982558,-45.4350515444764,20.2843748069105,34.7302455232903,-0.561751660793795,72.5078864488083,-16.3459338973911,49.0936487324118,-24.661272995943,50.0263923913676,-44.433921703116,75.60880610399,-38.7541744601327
192,192,738084.391260482,-0.02,0.095,72.5231651319489,-43.3148357098201,20.5976509283237,34.6655086952114,-0.538398802640373,72.7082921940849,-15.4479443173308,49.2863400644434,-23.7602836806748,50.2167854034765,-43.5384527504203,75.8039967093959,-37.864630637102
193,193,738084.391260572,-0.02,0.11,72.8179612554796,-41.1476866064947,20.9065859248871,34.6034533448499,-0.514344194067856,72.8902943943692,-14.5264845102401,49.460732864391,-22.8356070077837,50.3888700055087,-42.6191460961386,75.9806627165728,-36.9514411510901
194,194,738084.391260663,-0.02,0.125,73.0714337539821,-38.9368900828274,34.5441080097937,21.210323344532,1.08120709592621,73.0529433653938,-13.5829737479181,49.6158980101199,-21.8886633324731,50.5417222172893,-41.6774054905961,76.1378634037832,-36.0160011060005
195,195,738084.391260755,-0.02,0.14,73.2820848335629,-36.6860890984514,34.4874929620971,21.5080046571871,1.10665707670546,73.1953884874538,-12.6190124559526,49.7510051972289,-20.9210556057622,50.6745170540611,-40.7148179082482,76.2747581053016,-35.0598873915322
196,196,738084.391260845,-0.02,0.155,73.4486505786815,-34.3992591670894,34.4336197255187,21.7987805799072,1.13279240834863,73.3168919064351,-11.6363713785652,49.8653363978824,-19.9345585693861,50.7865419309935,-39.7331429498119,76.3906198378811,-34.084848143109
197,197,738084.391260935,-0.02,0.17,73.5701232144332,-32.0806768161793,34.3824907350992,22.0818226822602,1.15959873296264,73.4168407017792,-10.6369772158806,49.9582977861506,-18.9311043971346,50.8772085296974,-38.7342986834951,76.4848473741813,-33.0927886686248
198,198,738084.391261024,-0.02,0.185,73.6457694332403,-29.734881553609,34.334099144745,22.356334959979,1.18705668201963,73.494757127912,-9.62289494917554,50.0294297427939,-17.9127649968637,50.9460627411245,-37.7203441339091,76.556975371281,-32.0857540496119
199,199,738084.391261118,-0.02,0.2,73.6751441586626,-27.3666320732209,34.2884287888934,22.6215650527296,1.21514161458541,73.5503065883534,-8.59630719869152,50.0784146051966,-16.8817313173594,50.992792352056,-36.6934587574588,76.6066822158301,-31.0659087535898
200,200,738084.391261219,-0.02,0.215,73.6580992614513,-24.9808576686163,34.2454542943921,22.8768147805124,1.24382342985815,73.5833030729829,-7.55949107733006,50.1050818991651,-15.8402901240009,51.0172322135503,-35.6559193632307,76.6337953193091,-30.0355137136529
201,201,738084.391261309,-0.02,0.23,73.5947869088702,-22.5826060205032,34.2051413367982,23.1214496957724,1.27306646973558,73.5937118752469,-6.51479310447372,50.1094108750929,-14.7907988090567,51.0193667155668,-34.6100750410539,76.6382936837764,-28.9969014331139
202,202,738084.391261401,-0.02,0.245,73.4856574236635,-20.176988664564,34.1674470281303,23.3549073755428,1.30282952619166,73.581649502913,-5.46460282075512,50.0915302669335,-13.7356588800235,50.9993294878066,-33.5583207369272,76.620307655618,-27.9524497508497
203,203,738084.39126149,-0.02,0.26,73.3314517209318,-17.7691255421639,34.132320427641,23.576704228611,1.33306596579823,73.54738079736,-4.41132579191662,50.0517152928292,-12.6772888175403,50.9574003471647,-32.5030701652295,76.5801158864643,-26.9045549517543
204,204,738084.39126158,-0.02,0.275,73.1331885864761,-15.3640900461215,34.0997031507478,23.7864406489562,1.36372397972447,73.4913133765935,-3.35735670514347,49.9903820151302,-11.618097010336,50.8939996108402,-31.4467287642842,76.5181396206162,-25.8556049235775
205,205,738084.391261708,-0.02,0.29,72.8921472368122,-12.9668559432806,34.0695300629258,23.9838044114942,1.39474696357569,73.4139896101684,-2.30505324392442,49.9080792692631,-10.5604554578203,50.8096799856352,-30.3916673861771,76.4349345211377,-24.8079530457741
206,206,738084.391261832,-0.02,0.305,72.6098457537993,-10.5822474447479,24.1685722744793,34.0417300360796,-0.144722301144805,73.3160764147479,-1.25671137941658,49.8054784501093,-9.50667488308239,50.7051163228728,-29.3401973650858,76.3311803269851,-23.7638934495853
207,207,738084.391261923,-0.02,0.32,72.2880161055091,-8.21489354087433,24.3406098203319,34.0162267474898,-0.113155710498191,73.1983532230718,-0.214542641429338,49.6833615072748,-8.45898182423583,50.5810935907788,-28.2945475345778,76.2076686970133,-22.7256382152339
208,208,738084.391262016,-0.02,0.335,71.9285765478911,-5.86918751897843,24.4998696275798,33.9929395014753,-0.0814170616127399,73.0616985237164,0.819346163858997,49.5426075441335,-7.41949817583,50.4384934593787,-27.2568436689965,76.0652896407648,-21.6952969774171
209,209,738084.391262138,-0.02,0.35,71.533602239549,-3.54925235528688,24.6463879218072,33.9717840538454,-0.0495759198010145,72.9070753930814,1.84297043282298,49.3841784386372,-6.39022354118951,50.2782799156538,-26.2290907138681,75.9050169592317,-20.6748593008775
210,210,738084.391262247,0,0.05,73.6555538164493,-48.5395761340863,34.9926836319227,19.1000105749314,0.988114853715348,72.9422251121321,-17.5910464518618,49.5522125872232,-25.9055444379663,50.4861658778176,-45.6581527602141,76.0482247723869,-39.9771545123502
211,211,738084.391262371,0,0.065,74.076209225195,-46.513574823921,34.9202583318493,19.4139685883804,1.01010346209651,73.1829495082795,-16.741747870845,49.7851436035293,-25.0536433487259,50.7168114112426,-44.8119549911958,76.2839707607036,-39.1365369264986
212,212,738084.391262462,0,0.08,74.4597803397053,-44.4357132463075,19.7254241971243,34.8504917461445,-0.538044582972491,73.4068862536925,-15.8670019896928,50.0013464161699,-24.1760834626517,50.9307113044346,-43.9399871373792,76.5027962757611,-38.2703481041599
213,213,738084.391262557,0,0.095,74.8041638171047,-42.308565599158,20.0335962874144,34.7834265641402,-0.514734456462027,73.6128975618505,-14.9678610839145,50.1997032847165,-23.2739156366478,51.1267525852583,-43.0432831313834,76.7035705398093,-37.3796159288677
214,214,738084.391262647,0,0.11,75.1074135858714,-40.1350880934759,34.7190987784691,20.3376798607366,1.08003288118854,73.7999166870012,-14.0455681677901,50.3791677412391,-22.3483827630095,51.3038938139789,-42.1230691348625,76.8852348810447,-36.4655590688671
215,215,738084.391262737,0,0.125,75.367771266388,-37.9186081822525,34.6575369098461,20.6368555432972,1.10466033294128,73.9669639182018,-13.1015531333025,50.5387803648283,-21.4009159803514,51.4611808137164,-41.1807599506041,77.0468186922421,-35.5295833976043
216,216,738084.391262827,0,0.14,75.5836949679243,-35.6628066402188,34.5987613438067,20.9302998986397,1.12993595843334,74.1131618797579,-12.137425332071,50.6776838503414,-20.4331273067125,51.5977616887258,-40.217951860585,77.1874546750204,-34.5732748666407
217,217,738084.391262917,0,0.155,75.7538855918868,-33.3716924820604,34.5427837980869,21.2171963165867,1.15584734744741,74.2377496865413,-11.1549625638889,50.7951369251902,-19.446798655697,51.712900685257,-39.2364118456167,77.3063929184048,-33.5983887874498
218,218,738084.391263038,0,0.17,75.8773098094833,-31.0495709545509,34.4896069368692,21.496746202659,1.18237766095794,74.3400955140239,-10.1560965616966,50.8905266799963,-18.4438673234032,51.8059904620219,-38.2380632688906,77.4030133723646,-32.6068356042569
219,219,738084.39126313,0,0.185,75.953218951977,-28.7010050978385,34.4392241342152,21.7681801708142,1.20950539167689,74.4197071760168,-9.14289519390116,50.9633789124204,-17.4264081657949,51.8765623709634,-37.2249682375129,77.4768363110278,-31.6006633708909
220,220,738084.391263219,0,0.2,75.9811631621142,-26.3307716273831,34.3916193954308,22.0307689270433,1.23720418465867,74.4762403576439,-8.11754173325106,51.0133661380777,-16.3966128153882,51.9242944038684,-36.1993069856033,77.5275304354454,-30.5820372731108
221,221,738084.391263308,0,0.215,75.9610003049438,-23.9438121159139,34.3467674332718,22.2838335320214,1.26544273112116,74.5095042247876,-7.08231165926465,51.0403129959926,-15.3567664049224,51.9490165339079,-35.1633547417698,77.5549183402562,-29.5532166561222
222,222,738084.391263401,0,0.23,75.892899316164,-21.5451806470714,34.3046338938407,22.5267547435066,1.2941847481495,74.5194642207352,-6.03954756097076,51.0441988649443,-14.3092223663797,51.9507132702066,-34.1194566452192,77.5589791585345,-28.5165301176756
223,223,738084.391263497,0,0.245,75.7773378565521,-19.1399892566847,34.2651757216567,22.7589811757414,1.32338905472226,74.5062419608597,-4.99163278189128,51.0251576063882,-13.2563759499096,51.9295233427598,-33.0700013518336,77.5398482996058,-27.4743493035013
224,224,738084.3912636,0,0.26,75.6150943518455,-16.7333525588173,34.2283416506752,22.9800360503195,1.35300975244807,74.4701122411859,-3.94096449515092,50.9834744536673,-12.2006371538858,51.8857365389011,-32.0173940193653,77.4978142998859,-26.4290620892098
225,225,738084.391263725,0,0.275,75.407234692007,-14.3303329718366,34.1940728016377,23.1895223730799,1.38299651545179,74.4114972804238,-2.88992691031564,50.9195801696431,-11.144403771784,51.819787814821,-30.9640293764581,77.4333129103965,-25.3830458481644
226,226,738084.391263815,0,0.29,75.1550940505847,-11.9358879191334,34.1623033729261,23.3871264299473,1.41329499022629,74.3309584112033,-1.84086529488127,50.8340426898541,-10.0900352432801,51.7322489002125,-29.9122655631893,77.3469186407041,-24.3386414877887
227,227,738084.391263906,0,0.305,74.8602544401681,-9.55482026327259,23.5726195623985,34.1329613941215,-0.126949025664284,74.229185519656,-0.796061444039183,50.7275565503056,-9.03982794793932,51.6238176959473,-28.8643993828654,77.2393340619512,-23.2981288891487
228,228,738084.391263995,0,0.32,74.5245187470453,-7.19173307797975,23.7458582455426,34.1059695330124,-0.096203674301257,74.10698459862,0.242288843552727,50.6009304638995,-7.99599250397408,51.4953058291551,-27.8226435300213,77.111377237315,-22.2637043102778
229,229,738084.391264084,0,0.335,74.1498820653187,-4.85098966639692,23.9067825541933,34.0812459255566,-0.0653283130059309,73.9652638258539,1.27209582296207,50.4550734544695,-6.96063353763699,51.3476247748181,-26.789106263442,76.9639676936927,-21.2374602183041
230,230,738084.391264173,0,0.35,73.7385011997577,-2.53667949756619,24.0554131518746,34.0587050148748,-0.0343874570989846,73.805018603435,2.29139304302531,50.2909799812445,-5.93573227748581,51.1817709764282,-25.765773882443,76.7981113724871,-20.2213679055898
231,231,738084.3912643,0.02,0.05,75.8276331106355,-47.5002541802045,35.126722138588,18.5425576772725,1.01117362003919,73.7874821151069,-17.0914797044056,50.4062961816601,-25.3994961237315,51.3369556715148,-45.1431775585387,76.8884336401401,-39.4723494925421
232,232,738084.391264395,0.02,0.065,76.2596227176901,-45.4679380740101,35.0517397046012,18.8507415770273,1.03315675452848,74.0340444533247,-16.2411617949613,50.6451481548332,-24.5465401518633,51.5735042709222,-44.2958470589557,77.1299946055007,-38.6306537554284
233,233,738084.391264487,0.02,0.08,76.6532345267711,-43.3844405464734,19.1565786396236,34.9794751010008,-0.515031489562041,74.2633561376333,-15.36577451752,50.8668041631881,-23.6683077067998,51.7928415259351,-43.4231339043556,77.3541755250911,-37.7637675007441
234,234,738084.391264577,0.02,0.095,77.0063136530598,-41.2523801228842,19.4593318417708,34.9099697488413,-0.491799063656737,74.4742512616695,-14.4663818815317,51.0701179432113,-22.7658616066574,51.9938260431867,-42.5260843838804,77.5598176543868,-36.8727306324428
235,235,738084.391264668,0.02,0.11,77.3168679637996,-39.0747524983356,34.8432586775191,19.7582393507572,1.10285034184665,74.6656368978378,-13.5442362845839,51.2540164584923,-21.8404543310305,52.1753899059107,-41.6059346216351,77.7458362738834,-35.9587714803123
236,236,738084.391264757,0.02,0.125,77.5830992520059,-36.8549191635789,34.7793697071696,20.0525235219451,1.12731699820521,74.836509470242,-12.6007744304724,51.4175160588063,-20.8935240073875,52.3365547874286,-40.664106758543,77.9112370241261,-35.023302995515
237,237,738084.391264847,0.02,0.14,77.803432716677,-34.5965889604744,34.7183227390861,20.3414007014559,1.15238648971864,74.9859704141613,-11.6376097302143,51.5597379134899,-19.9266868599036,52.476447332668,-39.7022016005574,78.0551315068151,-34.067915438469
238,238,738084.391264936,0.02,0.155,77.9765438720567,-32.3037925724517,34.6601291802183,20.624091599128,1.17804415072019,75.1132406603826,-10.6565211569776,51.6799222626179,-18.9417260890775,52.5943133522264,-38.7219876965436,78.1767516905395,-33.0943655230189
239,239,738084.391265026,0.02,0.17,78.1013820226256,-29.9808501964033,34.6047915060455,20.8998319904437,1.20427117392028,75.2176734944971,-9.65943865076482,51.7774410419045,-17.940577276003,52.689530386114,-37.7253869343736,78.275462672181,-32.1045621051877
240,240,738084.391265116,0.02,0.185,78.1771895311867,-27.632332912179,34.5523029829906,21.1678834508061,1.23104444058357,75.2987653752634,-8.64842529792787,51.8518084715744,-16.9253105351974,52.7616182288595,-36.7144568737879,78.3507733798098,-31.1005486337711
241,241,738084.391265205,0.02,0.2,78.203516213691,-25.2630185002184,34.5026475447809,21.4275438326731,1.2583364104196,75.3561643519129,-7.62565663682467,51.9026892553555,-15.8981097670368,52.810247063785,-35.6913701618726,78.4023448593983,-30.0844827064486
242,242,738084.391265295,0.02,0.215,78.1802283516044,-22.877842695229,34.4557998298356,21.6781571818098,1.28611508180594,75.3896757957662,-6.59339755642299,51.9299041110051,-14.8612494773082,52.8352429295088,-34.6583914939473,78.4299958637927,-29.0586131910454
243,243,738084.391265385,0.02,0.23,78.1075119905131,-20.4818470435181,34.4117253713469,21.9191228124171,1.31434403170124,75.3992652529291,-5.55397735209371,51.9334324446903,-13.8170697297607,52.836590332735,-33.6178526817091,78.4337055542907,-28.0252554698972
244,244,738084.391265475,0.02,0.245,77.9858704023173,-18.0801246731675,34.3703809325635,22.1499032775908,1.34298254275263,75.3850583271772,-4.50976357583073,51.913412083109,-12.7679498714848,52.8144319228745,-32.5721264653093,78.4136132278754,-26.9867654394392
245,245,738084.391265564,0.02,0.26,77.8161157872905,-15.6777653629546,34.3317149723232,22.3700310253967,1.37198582231617,75.3473376094786,-3.46313536208596,51.8701360836358,-11.7162817156291,52.7690652502395,-31.523599751771,78.3700150906934,-25.9455129424894
246,246,738084.391265686,0.02,0.275,77.599355506049,-13.2798013105902,34.2956682254138,22.5791135706348,1.40130531532148,75.2865367765443,-2.41645692257438,51.8040467474419,-10.6644428788115,52.7009367340781,-30.474646976145,78.3033582041978,-24.9038553244833
247,247,738084.391265776,0.02,0.29,77.3369733130487,-10.8911549505312,22.7768370780779,34.2621743757257,-0.139907217971674,75.2032320790796,-1.37205188358566,51.715727057694,-9.61477095115753,52.6106330635326,-29.4276042635145,78.2142318285679,-23.8641117867086
248,248,738084.391265865,0.02,0.305,77.0306062273494,-8.51659006838752,22.9629683104739,34.2311608076052,-0.110113904126125,75.0981315256362,-0.332179089386629,51.6058898487405,-8.56953912719969,52.4988703381529,-28.3847450213937,78.1033564727402,-22.8285391613029
249,249,738084.391265953,0.02,0.32,76.6821178007103,-6.16066728797326,23.1373549586961,34.202549406038,-0.0801681505550789,74.9720621355522,0.700989580617122,51.4753650786479,-7.53093384990813,52.3664813206814,-27.3482575170874,77.9715710275117,-21.7993096583127
250,250,738084.391266042,0.02,0.335,76.2935686286227,-3.82770481837133,23.2999244271085,34.1762573907107,-0.0501287087785426,74.8259556816167,1.7253889296968,51.3250856234316,-6.50103492355385,52.2144012205012,-26.320224898875,77.8198184047009,-20.7784910400457
251,251,738084.391266131,0.02,0.35,75.8671849926208,-1.52174511503587,23.4506811980591,34.1521981613273,-0.0200553254514688,74.6608333685131,2.73907735534469,51.1560720358173,-5.48179844064392,52.0436524503045,-25.302608010058,77.6491301300003,-19.7680295689373
252,252,738084.391266245,0.04,0.05,77.9175599979783,-46.4090010890249,35.2701304384748,17.9774469601287,1.03360606409953,74.5889169343391,-16.5700636912692,-1,-1,52.1442094723527,-44.6058136826214,77.6847482507556,-38.9452906902121
253,253,738084.391266337,0.04,0.065,78.3593096681403,-44.3721418395239,35.1924567569729,18.2796877357579,1.0555513377043,74.8404147222398,-15.7194812782836,51.4606705604122,-24.0180782520249,52.3857749775992,-43.7580944267867,77.9312270989835,-38.1032554670636
254,254,738084.391266428,0.04,0.08,78.7614951019081,-42.2849388718903,18.5797134641952,35.1175641802834,-0.492709255181994,75.074260825448,-14.8442885441278,51.6869517794937,-23.140009545149,52.6097253576331,-42.885461957644,78.1599287088591,-37.2364918900586
255,255,738084.391266518,0.04,0.095,79.1219247428718,-40.1500512979983,18.8768351104627,35.0454918689113,-0.469586118215706,75.2892686346257,-13.9455592838289,51.8944637118529,-22.2382012920119,52.8148981116993,-41.9889730702273,78.3696737664512,-36.3460500461215
256,256,738084.391266608,0.04,0.11,79.438574581621,-37.9705084351897,34.9762729810011,19.1703380704274,1.12491468850917,75.484326105853,-13.0245523118601,52.0821137338436,-21.3139126101622,53.0002058042954,-41.0698709764543,78.5593585448507,-35.4331650723961
257,257,738084.391266699,0.04,0.125,79.709619793117,-35.749697820053,34.909933816514,19.4594906086839,1.14919119803791,75.658412368313,-12.082707151926,52.2489004502801,-20.3685846341233,53.1646524192208,-40.1295812473093,78.727971471575,-34.4992531174823
258,258,738084.391266789,0.04,0.14,79.9334646268427,-33.4913462858448,34.846493067924,19.7435530848325,1.17402694145565,75.8106136015459,-11.1216362762507,52.3939293526703,-19.4038327986027,53.3073489649363,-39.16970428849,78.8746089455174,-33.5459038614404
259,259,738084.391266879,0.04,0.155,80.108769657137,-31.1994941272818,34.7859612000962,20.0217877555742,1.19940544181478,75.9401377156559,-10.1431138739782,52.5164272732143,-18.4214356282899,53.427527870673,-38.1920043218108,78.9984899371424,-32.5748695673173
260,260,738084.391266968,0.04,0.17,80.2344755236656,-28.8784626172493,34.7283399694265,20.2934689205725,1.22530638146497,76.046327380038,-9.14906125050789,52.6157551857029,-17.4233201342232,53.5245557256462,-37.1983949672593,79.0989689184871,-31.5880507586745
261,261,738084.391267058,0.04,0.185,80.3098223824678,-26.5328153941882,34.6736220976657,20.5578931345924,1.25170549141856,76.1286709807483,-8.14152908572034,52.6914189394205,-16.4115440436144,53.5979439489715,-36.190921647409,79.1755467048688,-30.5874787434554
262,262,738084.391267147,0.04,0.2,80.3343643910254,-24.1673144815233,34.6217911059487,20.814389214237,1.27857449847924,76.1868111431234,-7.12267690183658,52.7430775686905,-15.3882752136888,53.6473570345252,-35.1717411597828,79.2278788473611,-29.5752953274879
263,263,738084.391267236,0.04,0.215,80.3079787214439,-21.7868719140452,34.5728213078195,21.0623277484969,1.30588113827214,76.2205505325407,-6.09475020364284,52.7705488968142,-14.3557686930196,53.6726180912081,-34.1430988760596,79.2557812919832,-28.5537301733589
264,264,738084.391267325,0.04,0.23,80.2308687669612,-19.3964981306589,34.5266779595209,21.3011298484231,1.33358924102158,76.2298547384893,-5.0600558478866,52.7738122449873,-13.3163419888083,53.6737114908924,-33.1073041226854,79.2592331143393,-27.5250763553211
265,265,738084.39126745,0.04,0.245,80.1035614210696,-17.0012484233252,34.4833175588134,21.530274884498,1.3616588947754,76.2148521503737,-4.0209362686511,52.753008159315,-12.2723491694687,53.6507825387948,-32.0667043691537,79.238376242019,-26.49166473203
266,266,738084.391267541,0.04,0.26,79.9268985120608,-14.6061688033069,34.4426882786916,21.7493070076491,1.39004668848389,76.1758308418055,-2.97974322707848,52.7084351763638,-11.2261544741352,53.604134188176,-31.0236588935275,79.1935121855188,-25.4558378018245
267,267,738084.39126763,0.04,0.275,79.7020226889021,-12.2162426569414,34.4047305206479,21.9578402885278,1.41870603461943,76.1132325869351,-1.93881176429194,52.6405437534608,-10.1801061118479,53.5342209268337,-29.9805126069436,79.1250959052645,-24.419923717324
268,268,738084.39126772,0.04,0.29,79.4303582374312,-9.83633951320105,22.1555623717375,34.3693775679728,-0.123208759230293,76.0276442316293,-0.900435015726502,52.5499275879241,-9.13651091288622,53.441640060522,-28.9395706997064,79.0337270412818,-23.3862111170337
269,269,738084.391267829,0.04,0.305,79.1135874746691,-7.47116713107622,22.3422365920816,34.3365563169582,-0.0941567156307318,75.9197867282791,0.13315950486833,52.4373126341887,-8.0976104450035,53.3271207029203,-27.9030747228945,78.9201388176941,-22.3569253833108
270,270,738084.391267932,0.04,0.32,78.7536234910767,-5.12522796399496,22.5177025624572,34.3061880699695,-0.0649876211904924,75.7905022113887,1.15983161864467,52.3035441949016,-7.06555913213816,53.1915108485677,-26.8731806452146,78.7851850020292,-21.3342068623464
271,271,738084.39126802,0.04,0.335,78.3525800984765,-2.80278084915754,22.6818752960613,34.2781893611986,-0.035756145998894,75.6407395388051,2.1775477538325,52.1495725087916,-6.04240481810533,53.0357629515328,-25.8519393305799,78.6298253464387,-20.3200914882123
272,272,738084.391268109,0.04,0.35,77.912739883816,-0.507808558399338,22.8347429726731,34.2524728006462,-0.00651756527557326,75.4715387493306,3.18439744667187,51.9764372829704,-5.03007210933897,52.8609184572023,-24.8412797740806,78.4551099630908,-19.3164941460062
273,273,738084.391268221,0.06,0.05,79.9187046530746,-45.2698403200969,35.4233278923176,17.4062297765049,1.05541237931347,75.3441124309721,-16.0290152971127,-1,-1,52.9054859695607,-44.0483438635601,78.4347716465095,-38.3982203035059
274,274,738084.391268325,0.06,0.065,80.3685887879412,-43.2302852830114,35.342805984458,17.7024820277769,1.0772901747365,75.5996021300905,-15.178941686125,-1,-1,53.1511403195455,-43.2009997916119,78.6852304973552,-37.5566035801261
275,275,738084.391268436,0.06,0.08,80.7778361654864,-41.1413712590889,17.9966220613532,35.2651345835281,-0.471071884588567,75.8371042731422,-14.3047924492946,-1,-1,53.3788408970427,-42.3292883855156,78.9175804416931,-36.6907966147657
276,276,738084.391268528,0.06,0.095,81.144234060143,-39.0057936369121,35.1903494482756,18.2880121788771,1.12270998557661,76.055419236643,-13.4076489535882,52.6701717141177,-21.6932202584042,53.5874116869512,-41.4342748164282,79.1306292627319,-35.8018575671062
277,277,738084.391268619,0.06,0.11,81.4657413588336,-36.8266090480281,35.1184808078171,18.5759885336935,1.14623871672513,76.253423178759,-12.4887732617442,52.8608591497726,-20.7710448392276,53.775752953585,-40.5172062940559,79.3232615170052,-34.8910253177502
278,278,738084.391268711,0.06,0.125,81.7405203600548,-34.6072227729484,35.0495524764887,18.8598689574696,1.17029945051335,76.4300847336543,-11.5496035936867,53.0303055920884,-19.8283806371023,53.9428576887185,-39.5795077673861,79.4944551862347,-33.9597151933038
279,279,738084.391268803,0.06,0.14,81.9669667831964,-32.3513693974008,34.9835810705686,19.138961559414,1.19487772398863,76.5844809616569,-10.5917464289593,53.1776069135828,-18.8668372425546,54.087827297629,-38.6227742510038,79.6432975655763,-33.0095113414916
280,280,738084.391268894,0.06,0.155,82.1437370901652,-30.0630867639557,34.9205753466362,19.4125739062293,1.21995564767316,76.7158120889404,-9.61696523931699,53.3019817986879,-17.8881825631922,54.2098860626444,-37.6487597592412,79.7689999223401,-32.0421557388336
281,281,738084.391268984,0.06,0.17,82.2697722523705,-27.7466834969636,34.8605356784557,19.6800225565787,1.24551179679617,76.823414583055,-8.62716595903685,53.4027845994589,-16.8943282883875,54.3083939371319,-36.659362949192,79.8709104725766,-31.0595339313569
282,282,738084.391269075,0.06,0.185,82.3443171787792,-25.4067006256298,34.8034536850851,19.9406427008796,1.27152115002569,76.9067721454212,-7.62437942232488,53.4795161120493,-15.8873122966428,54.3828572582019,-35.6566096961003,79.9485252584457,-30.0636577303707
283,283,738084.391269165,0.06,0.2,82.3669351425231,-23.0478680591084,34.7493120178717,20.1937976391339,1.29795508287904,76.9655242585467,-6.61074111531963,53.5318319174379,-14.8692783530472,54.4329370232746,-34.6426329437665,80.0014965665639,-29.0566452036217
284,284,738084.391269254,0.06,0.215,82.3375166885767,-20.6750568804611,34.6980843080599,20.4388878400773,1.32478142175526,76.9994720018229,-5.58846869758484,53.5595480059478,-13.8424535524888,54.458454451704,-33.6196502812905,80.0296386042306,-28.0406984099619
285,285,738084.391269375,0.06,0.23,82.2562827064975,-18.293228592693,34.6497352724154,20.6753593154893,1.35196456323771,77.0085809418272,-4.55983783774157,53.5626434966659,-12.8091240549272,54.4593936442445,-32.5899397886812,80.0329302429418,-27.0180794162407
286,286,738084.391269476,0.06,0.245,82.123781540917,-15.9073825780803,34.6042209696947,20.9027110835586,1.37946566140104,76.9929810059662,-3.52715697428152,53.5412603651428,-11.7716097262274,54.4359012553264,-31.5558147618953,80.0115147418197,-25.9910852025859
287,287,738084.391269567,0.06,0.26,81.9408802322545,-13.5225030958328,34.5614891958313,21.1205015188356,1.40724288367809,76.9529633561459,-2.49274165134362,53.4957001996691,-10.7322383375424,54.3882831998631,-30.51959796824,79.9656964715706,-24.9620221023276
288,288,738084.391269661,0.06,0.275,81.7087501821721,-11.1435071512986,34.5214800020701,21.3283534337832,1.43525173329081,76.8889743855965,-1.45888908810918,53.4264181118824,-9.69331998559521,54.3169985215245,-29.4835960935079,79.8959347659432,-23.933180433131
289,289,738084.391269751,0.06,0.29,81.4288477310928,-8.7751945148641,21.5259577824269,34.4841263183698,-0.107350892938535,76.8016070608824,-0.427853619227468,53.3340140251287,-8.6571223754295,54.2226506468485,-28.450075022435,79.8028351263736,-22.9068099562349
290,290,738084.39126984,0.06,0.305,81.1028902913535,-6.42220106194381,21.7130759365966,34.4493546605164,-0.0790209579801415,76.6915899169204,0.598176405605341,53.2192216486706,-7.62584755800835,54.1059763338612,-27.4212365459298,79.6871380908851,-21.8850967528914
291,291,738084.39126993,0.06,0.32,80.7328288128885,-4.08895644645352,21.8895405305502,34.4170859012402,-0.0506047604171205,76.5597740811308,1.61709974829499,53.0828955129774,-6.60161064156777,53.9678326907395,-26.3991970159514,79.5497061460525,-20.8701420350327
292,292,738084.39127002,0.06,0.335,80.3208174382387,-1.77964692739958,22.0552549277921,34.3872360807517,-0.0221531085943478,76.4071187507714,2.62692101295705,52.9259964882058,-5.5864209030495,53.8091826865788,-25.3859683771172,79.3915091082475,-19.8639433160323
293,293,738084.39127011,0.06,0.35,79.8691812501471,0.501816043413864,22.2101914041359,34.3597172422171,0.00628289200449224,76.2346755736132,3.62576666311147,52.7495762332325,-4.58216562065666,53.631079601299,-24.3834418994627,79.2136084256996,-18.8683782635563
294,294,738084.391270225,0.08,0.05,81.8253263254032,-44.0871909883631,35.5867605851778,16.8302921299107,1.07659540212555,76.0511915391249,-15.4707302455943,-1,-1,53.6188814192716,-43.4732338200928,79.1366472004771,-37.8335631483732
295,295,738084.391270325,0.08,0.065,82.2817087946962,-42.0468521596163,17.1206434026258,35.5032048267291,-0.472417497789901,76.3097066810238,-14.621950846099,-1,-1,53.8676725763949,-42.6270425968183,79.39012544,-36.9931360611817
296,296,738084.391270447,0.08,0.08,82.6965005054042,-39.958271683947,17.4089511022175,35.4225775157485,-0.450110866443482,76.5499656495897,-13.7496995378125,-1,-1,54.0982385640344,-41.7570996111754,79.6252306760475,-36.1291261315572
297,297,738084.391270537,0.08,0.095,83.0674832779791,-37.8241763770117,35.3449097087492,17.6946316156807,1.14350825873291,76.7707635660788,-12.8550627992911,-1,-1,54.3093975248228,-40.8644760184776,79.840765523193,-35.242597225485
298,298,738084.391270628,0.08,0.11,83.3926138551008,-35.647643512499,35.2702274904933,17.9770748024539,1.16683742728484,76.970972166377,-11.9393026097079,-1,-1,54.5000447079003,-39.9504197582639,80.0356101676498,-34.3347887303138
299,299,738084.391270719,0.08,0.125,83.670055559413,-33.432087631962,35.1985510685975,18.255651162284,1.19066024554604,77.1495564349298,-11.0038516896088,53.7597190324264,-19.2753325549428,54.66916886522,-39.0163510199246,80.2087389567567,-33.4071110498293
300,300,738084.391270809,0.08,0.14,83.8982081290099,-31.1812408481327,35.1298939606232,18.5297197669848,1.21496093157912,77.3055904842147,-10.0503054967734,53.9087454328644,-18.318098259223,54.8158678761547,-38.0638544486778,80.3592362152729,-32.4611378630984
301,301,738084.3912709,0.08,0.155,84.0757348364711,-28.899126699636,35.0642622972684,18.7986367696975,1.23972053675013,77.4382722189691,-9.08041097638679,54.0345503823931,-17.3443354452686,54.9393631451908,-37.094668084665,80.4863108282007,-31.4985951399748
302,302,738084.391270991,0.08,0.17,84.2015860399377,-26.5900278476142,35.0016542611897,19.0617642847761,1.26491687965606,77.5469363373826,-8.09605217832539,54.1364859775732,-16.355933950922,55.039012331211,-36.1106691418874,80.5893091434288,-30.5213470192886
303,303,738084.391271082,0.08,0.185,84.2750183913386,-24.258448142681,34.9420596698915,19.3184794079109,1.29052452537272,77.6310652562881,-7.09923297076019,54.2140512981053,-15.3549046630235,55.1143200022443,-35.1138568507493,80.6677257830455,-29.5313787719161
304,304,738084.391271173,0.08,0.2,84.2956090444122,-21.9090698034522,34.8854597156968,19.5681831295829,1.31651481538368,77.6902976033883,-6.09205719175298,54.266900700385,-14.3433596142235,55.1649458658089,-34.1063327013668,80.721212008798,-28.5307771835357
305,305,738084.391271264,0.08,0.215,84.2632643638833,-19.5467066512712,34.8318268636296,19.8103088942218,1.34285595240312,77.7244339948189,-5.07670668233488,54.2948494104196,-13.323489938832,55.1907103001406,-33.0902785278177,80.7495813629251,-27.5217087940892
306,306,738084.391271355,0.08,0.23,84.1782228188858,-17.176254507327,34.7811249112704,20.0443305634387,1.36951314313006,77.733439906945,-4.0554177292558,54.2978762300092,-12.2975422175365,55.1915970018143,-32.0679329595833,80.752812396704,-26.5063965164496
307,307,738084.391271471,0.08,0.245,84.041051942835,-14.8026399678842,34.7333091958597,20.2697695686622,1.39644879989758,77.7174455526748,-3.03045650780212,54.2761232707948,-11.2677938037743,55.1677526659048,-31.0415668301389,80.7310484006346,-25.4870952200211
308,308,738084.391271596,0.08,0.26,83.8526394534851,-12.4307688390302,34.6883269441044,20.4862010601607,1.42362280064332,77.6767427786096,-2.00409415081893,54.2298927360317,-10.2365277609502,55.1194837199072,-30.0134581699168,80.6845941563569,-24.4660669019714
309,309,738084.391271692,0.08,0.275,83.6141788288347,-10.065475513488,20.6932589016128,34.6461177483964,-0.119803522686932,77.6117791041375,-0.97858207726364,54.1596408737077,-9.20600804738647,55.0472502361932,-28.9858674195201,80.6139098351301,-23.4455560774051
310,310,738084.391271784,0.08,0.29,83.3271498205357,-7.71147451595856,20.8906394053429,34.6066141513482,-0.0922817114123363,77.5231491209732,0.0438718078196383,54.0659693209723,-8.1784555648198,54.9516572438182,-27.961013478961,80.519602264832,-22.4277659997969
311,311,738084.391271874,0.08,0.305,82.9932945449945,-5.37331533887924,21.0781037524633,34.5697423186802,-0.0646537322536633,77.411583556198,1.06112547811799,53.949614143287,-7.15602563829739,54.8334437436734,-26.9410511616863,80.4024138716521,-21.4148362763534
312,312,738084.391271965,0.08,0.32,82.6145899214767,-3.05534153553891,21.2554790862825,34.5354227807382,-0.0369662271778551,77.277936369484,2.0711232229433,53.8114329381955,-6.14078742424133,54.6934697970988,-25.9280505519567,80.2632096696937,-20.4088223732381
313,313,738084.391272055,0.08,0.335,82.1932173046191,-0.76165485437383,21.4226583229067,34.5035712200215,-0.00926637354166187,77.1231703026924,3.07191375239492,53.6523904202424,-5.13470565430387,54.5327021044192,-24.9239786757252,80.1029627186989,-19.4116774178547
314,314,738084.391272145,0.08,0.35,81.731530208454,1.50391501549345,21.5795987561718,34.4740992833672,0.0183985949091565,76.9483413263803,4.06166566774312,53.4735429289443,-4.13962502154966,54.3521985149855,-23.9306837946494,79.9227384957681,-18.4252366055741
315,315,738084.391272257,0.1,0.05,83.6326113226712,-42.8657755762387,35.7609147241547,16.250794265587,1.0971603292972,76.7088345451928,-14.8977339564267,-1,-1,54.2830474790936,-42.883081710619,79.7890755125849,-37.2538768725093
316,316,738084.391272382,0.1,0.065,84.0938873699968,-40.8266169446754,16.5354727244121,35.6741040982299,-0.451971176051642,76.9694039414229,-14.0510392516812,-1,-1,54.5340174802405,-42.0388277781314,80.0446079327542,-36.4154168507408
317,317,738084.391272472,0.1,0.08,84.5127395152418,-38.7404500475434,16.8181369803698,35.5903112845918,-0.429815515805596,77.2115167772489,-13.181537802894,-1,-1,54.766559161808,-41.1714996490681,80.2815717478721,-35.5540430635563
318,318,738084.391272563,0.1,0.095,84.8869595945081,-36.6100277879423,35.5095611786981,17.0982595707496,1.1636187104314,77.4339705494098,-12.2903185252471,-1,-1,54.9794923784581,-40.2821718398835,80.4987720080602,-34.6708224910261
319,319,738084.391272654,0.1,0.11,85.2145169332426,-34.4384411345191,35.4318743418285,17.3752863736846,1.18672763765861,77.6356398128774,-11.3786398683055,-1,-1,55.171714525616,-39.3720896221503,80.6950917399542,-33.7669916650409
320,320,738084.391272743,0.1,0.125,85.4935895578096,-32.2291053635375,35.3572660843619,17.6486430706385,1.21029364193727,77.8154926129276,-10.4479248515339,-1,-1,55.3422167437107,-38.4426642675121,80.8695083326258,-32.8439519484633
321,321,738084.391272832,0.1,0.14,85.7225935621153,-29.9857400784374,35.2857456353916,17.9177423600605,1.23429993273616,77.9726061562793,-9.49975298868423,-1,-1,55.4900993449942,-37.4954651674636,81.0211091447052,-31.9032617113868
322,322,738084.391272922,0.1,0.155,85.900209756324,-27.7123430832473,35.2173154202425,18.1819917530541,1.25872681154,78.1061812708538,-8.53584911040688,54.7127507202299,-16.7923264824587,55.6145860177285,-36.5322088314001,81.1491058828005,-30.9466254078709
323,323,738084.391273014,0.1,0.17,86.0254067700319,-25.4131584132569,35.1519704583902,18.4408017687619,1.28355164123321,78.2155552171102,-7.5580692024113,54.8154756862189,-15.8105205358731,55.7150363766794,-35.5547448746409,81.2528473152851,-29.9758796640643
324,324,738084.391273105,0.1,0.185,86.0974598388986,-23.092639037705,35.0896979095557,18.6935942913483,1.30874885775983,78.3002124483112,-6.56838348657959,54.8936397957064,-14.8166488628977,55.7909564637375,-34.5650392188509,81.3318299206509,-28.9929765984942
325,325,738084.391273219,0.1,0.2,86.1159646515272,-20.7554049712167,35.0304767645855,18.9398108851716,1.33429002817883,78.3597929721087,-5.5688570784097,54.9468983626816,-13.8127846621622,55.842006857803,-33.5651548340795,81.3857061251423,-27.9999647013782
326,326,738084.391273345,0.1,0.215,86.0808457610776,-18.4061977019342,34.9742776957807,19.1789208209912,1.36014395778082,78.394098039195,-4.56162864963776,54.9750668978777,-12.8010757254669,55.8680081262483,-32.5572304482729,81.4142898583274,-26.9989676957132
327,327,738084.391273444,0.1,0.23,85.9923592599013,-16.0498320039164,34.9210630624307,19.4104285980545,1.38627684794386,78.403092973067,-3.54888760399039,54.9781237790474,-11.7837215183498,55.8689434383769,-31.543457730397,81.4175592439469,-25.9921618826586
328,328,738084.391273536,0.1,0.245,85.8510896067009,-13.6911463022774,34.8707870663552,19.6338807540138,1.41265250460702,78.3869070535117,-2.53285033160835,54.9562099966234,-10.7629493222092,55.8449582590067,-30.5260575123683,81.3956563421302,-24.9817525323191
329,329,738084.391273629,0.1,0.26,85.6579406986209,-11.3349528160814,34.823396051088,19.8488717847205,1.43923259581617,78.3458304695638,-1.51573614026484,54.9096259938999,-9.74099003898596,55.7963571426398,-29.5072556489063,81.3488839623387,-23.9699499147787
330,330,738084.391273719,0.1,0.275,85.4141214827704,-8.98598869986505,20.0550490264713,34.7788289278874,-0.104819372069828,78.2803084595152,-0.499743467119669,54.8388257217884,-8.72005426553839,55.7235977493443,-28.4892591214242,81.2776996681786,-22.9589455731321
331,331,738084.391273811,0.1,0.29,85.1211265755868,-6.64886935371042,20.2521164024717,34.7370177122973,-0.0779524038798315,78.1909328503677,0.512973046596655,54.7444081219953,-7.70230922379165,55.6272822970198,-27.4742329719241,81.1827071897288,-21.9508894203249
332,332,738084.3912739,0.1,0.305,84.7807125247023,-4.3280449655213,20.4398369651558,34.6978881554721,-0.0510055995700389,78.0784312916272,1.52032408197577,54.6271063339343,-6.68985708648059,55.5081467458532,-26.4642786075028,81.0646455412078,-20.9478681965538
333,333,738084.391274014,0.1,0.32,84.3948704572981,-2.02776120308114,20.6180342285851,34.6613604451206,-0.024022444936722,77.9436545443578,2.5203053018496,54.4877749857306,-5.68471517033262,55.3670480755594,-25.4614139488824,80.9243762073512,-19.9518857573007
334,334,738084.391274139,0.1,0.335,83.9657959552042,0.247975204286016,20.7865923094251,34.6273499597721,0.00295327973229652,77.7875622333629,3.51101475988801,54.3273759756532,-4.68879838362742,55.2049500616285,-24.4675558121874,80.7628688081797,-18.9648455784776
335,335,738084.39127423,0.1,0.35,83.4958570290603,2.49542545440711,20.9454549486532,34.5957680533109,0.0298779239048693,77.6112074965193,4.49066777182866,54.1469631757043,-3.70390421892671,55.0229079819152,-23.484504817612,80.5811856774573,-17.9885357702899
336,336,738084.391274339,0.12,0.05,85.3366787483636,-41.6105233957644,35.9463332088849,15.6686145840614,1.11711443882755,77.3162793671785,-14.3126304319115,-1,-1,54.8971920802729,-42.2805655864133,80.3913143237066,-36.6618001295511
337,337,738084.391274431,0.12,0.065,85.8013160560131,-39.5745469283953,15.9479946931494,35.8560035410506,-0.432157354165068,77.5779446509118,-13.4688085025596,-1,-1,55.1493944561552,-41.4390327171719,80.6479485896512,-35.8260835521834
338,338,738084.391274521,0.12,0.08,86.222817389855,-37.4928934620828,16.2253460294328,35.7687958621706,-0.410173300527731,77.8210210884634,-12.602898161464,-1,-1,55.383033499145,-40.5751568032152,80.8858869611609,-34.968175645919
339,339,738084.391274611,0.12,0.095,86.5989993556814,-35.3683362026549,35.6847272933052,16.50019853798,1.18305669619251,78.0443158704512,-11.715987915023,-1,-1,55.5969380292229,-39.6900129119736,81.1039442144636,-34.0891437299465
340,340,738084.391274714,0.12,0.11,86.9278579245079,-33.2039726808119,35.6038113254926,16.7720557058601,1.20592762424056,78.2467133007301,-10.809329179765,-1,-1,55.7900144497233,-38.7848401760074,81.3010131151816,-33.1902180486443
341,341,738084.391274809,0.12,0.125,87.2075988890862,-31.0032104655058,35.5260569103183,17.0404002527605,1.22922090281756,78.4271908949906,-9.88433113524139,-1,-1,55.961262628837,-37.861036839277,81.4760804694379,-32.2727868563486
342,342,738084.391274913,0.12,0.14,87.4366664829832,-28.7697469647955,35.4514676236283,17.3047005782101,1.2529190061845,78.58483471603,-8.94255261586692,-1,-1,56.1097910021194,-36.9201523290763,81.6282423946847,-31.3383885488133
343,343,738084.391275004,0.12,0.155,87.6137693031903,-26.5075434346699,35.3800409213785,17.5644178077624,1.27700175349,78.7188535099238,-7.98569106097618,-1,-1,56.2348304651717,-35.963876367504,81.7567183751184,-30.3887008550041
344,344,738084.391275094,0.12,0.17,87.7379027296074,-24.2207934845883,35.3117675137909,17.819013250125,1.30144630691075,78.8285912210972,-7.01556864396297,-1,-1,56.3357466400813,-34.9940252382481,81.860863680796,-29.4255272040959
345,345,738084.391275185,0.12,0.185,87.8083671109332,-21.9138865992069,35.2466308704553,18.067956069847,1.32622720884365,78.9135374980051,-6.03411580449509,55.5175577668333,-14.2748642368987,56.4120501334636,-34.012525428124,81.9401797639915,-28.4507804854387
346,346,738084.391275287,0.12,0.2,87.8247811065954,-19.5913673812301,35.184606867778,18.3107309689176,1.35131646073571,78.9733358546304,-5.04335250660482,55.5711021975854,-13.279799438273,56.4634044575407,-33.0213949624319,81.9943223002555,-27.4664645181893
347,347,738084.391275379,0.12,0.215,87.7870897087195,-17.2578913955792,35.1256635902122,18.5468456513861,1.37668364557203,79.0077892237278,-4.04536763408962,55.599476902481,-12.2773777705864,56.4896313565166,-32.0227228428282,82.0231066129368,-26.4746536363079
348,348,738084.391275478,0.12,0.23,87.6955666629423,-14.9181786290032,35.0697612800576,18.7758378781398,1.40229609417346,79.0168627229167,-3.04229700769817,55.6026597425364,-11.2697448535907,56.490713365188,-31.0186470705887,82.0265103053599,-25.4774708683028
349,349,738084.39127557,0.12,0.245,87.5508111763915,-12.5769656796841,35.016852438755,18.9972819074268,1.42811909472944,79.0006835493545,-2.03630056136686,55.5807894015546,-10.2590711930099,56.4667935208633,-30.0113317922156,82.0046730197619,-24.4770652447938
350,350,738084.391275694,0.12,0.26,87.3537390106617,-10.2389578353887,19.2107941601207,34.9668820661464,-0.116680183625916,78.9595380179271,-1.02953924410498,55.5341623147042,-9.24752896171538,56.4181722479409,-29.0029441349084,81.9578933413128,-23.4755887973682
351,351,738084.391275851,0.12,0.275,87.1055682436618,-7.90878219903901,19.4160379660215,34.9197880323248,-0.0905470961162149,78.8938658557512,-0.0241522182878346,55.4632268789316,-8.23726906742718,56.3453015313494,-27.9956313048309,81.8866229633657,-22.4751738175858
352,352,738084.391275943,0.12,0.29,86.8078001565104,-5.59094296045661,19.6127272959191,34.8755015579066,-0.0643171636005342,78.8042519570253,0.977765095841778,55.3685751507084,-7.23039906018894,56.2487765850915,-26.9914985012413,81.7914583210536,-21.47791092531
353,353,738084.391276039,0.12,0.305,86.4621958604787,-3.28977981976096,19.8006294067786,34.8339477943253,-0.0380304202966876,78.6914158818204,1.97418162392376,55.2509323151795,-6.22896238873214,56.1293253004709,-25.9925881562254,81.6731299795664,-20.4858284525322
354,354,738084.391276131,0.12,0.32,86.0707493833216,-1.00943042313828,19.9795663900042,34.7950464760138,-0.0117273772197812,78.5561994464078,2.96314944820385,55.1111442738952,-5.23491945051777,55.9877958213335,-25.0008609462142,81.5324901269645,-19.5008735857897
355,355,738084.391276223,0.12,0.335,85.6356580304698,1.24620249287849,20.1494156281438,34.7587126313355,0.0145513511848773,78.3995527983764,3.94282046385169,54.9501637431065,-4.25013080019058,55.8251426381805,-24.0181789420299,81.3704985665222,-18.5248956314288
356,356,738084.391276314,0.12,0.35,85.1592908671382,3.47347874407825,20.3101092184767,34.7248573286138,0.0407654220330119,78.2225193959211,4.91146060959777,54.7690352799257,-3.27634279070509,55.6424116180939,-23.0462911742906,81.1882076291106,-17.5596316786818
357,357,738084.391276439,0.14,0.05,86.93455672448,-40.3264746230667,36.1436353326263,15.0843013280496,1.13646681830133,77.8733057956748,-13.7180514006352,-1,-1,-1,-1,80.9431624236312,-36.0600009746832
358,358,738084.391276556,0.14,0.065,87.4011336544966,-38.2957050806109,15.3589068766771,36.0494705001635,-0.412964507841281,78.1351376166072,-12.8778802444751,-1,-1,-1,-1,81.1999751929028,-35.2277955820187
359,359,738084.391276646,0.14,0.08,87.8239820579263,-36.2206685975237,15.6314213836379,35.9585505346191,-0.391170148104261,78.3783152242951,-12.0163834449987,-1,-1,-1,-1,81.4380318528689,-34.3741658864295
360,360,738084.391276735,0.14,0.095,88.2009568571476,-34.1041524766467,35.8708830315558,15.901432446119,1.20183892585499,78.6016623477036,-11.1346461377143,-1,-1,-1,-1,81.656163721806,-33.5001766415963
361,361,738084.391276825,0.14,0.11,88.5300936090852,-31.9492535716015,35.7864727080808,16.1685018637178,1.22445679700088,78.8040795031072,-10.2339092071317,-1,-1,56.3547951157595,-38.191290055094,81.8532797367121,-32.6070483636324
362,362,738084.391276914,0.14,0.125,88.8096379281181,-29.7593634863739,35.7053205225662,16.4321704856389,1.24746416962829,78.9845596409141,-9.31556398588025,-1,-1,56.5261773716258,-37.2740432584527,82.0283820516446,-31.6961522495057
363,363,738084.391277003,0.14,0.14,89.038073076867,-27.5381482397641,35.6274228470788,16.6919638256512,1.27084302113268,79.1422030310289,-8.38114415558377,-1,-1,56.6748310014073,-36.3404377081726,82.1805808586684,-30.7690023044215
364,364,738084.391277092,0.14,0.155,89.2141449162597,-25.2895224953898,35.5527707209688,16.9473982982924,1.29457291697402,79.276230969412,-7.43231487807805,-1,-1,56.7999986806331,-35.3921314622639,82.3091080147248,-29.8272447015178
365,365,738084.391277181,0.14,0.17,89.3368834286108,-23.0176186780305,35.4813492033666,17.1979879011655,1.31863103201959,79.3859979024842,-6.47085928028301,-1,-1,56.9010557982157,-34.4309022451364,82.4133290722373,-28.8726444916097
366,366,738084.39127727,0.14,0.185,89.4056201259856,-20.7267514643044,35.41313685007,17.443251162628,1.34299220705669,79.4710015989367,-5.49866251172705,-1,-1,56.9775203934731,-33.4586316043651,82.4927533447457,-27.9070698761915
367,367,738084.391277359,0.14,0.2,89.4200007513573,-18.421378332945,35.3481053195626,17.6827181567433,1.36762904267473,79.5308910497584,-4.51769368495179,-1,-1,57.0290608279775,-32.4772869209614,82.5470416906319,-26.932474348244
368,368,738084.391277448,0.14,0.215,89.3799928298257,-16.1060570064471,35.286219124701,17.9159373835726,1.39251203110555,79.5654718450649,-3.52998609049439,-1,-1,57.0555009466273,-31.4889016624072,82.5760117661435,-25.9508770872319
369,369,738084.391277538,0.14,0.23,89.2858877910345,-13.7854007503418,35.2274355312174,18.142482321172,1.41760972598618,79.5747088572885,-2.53761614491541,56.1713948490626,-10.7576155049438,57.0568225630357,-30.4955543355069,82.5796405802806,-24.964342061981
370,370,738084.391277628,0.14,0.245,89.1382975763849,-11.4640325781631,35.1717045950479,18.361957481703,1.44288894849849,79.5587261503957,-1.54268157820507,56.1497633690513,-9.75806628362709,57.0331651938401,-29.4993466451158,82.5580642743192,-23.9749563438627
371,371,738084.391277717,0.14,0.26,88.9381458067902,-9.14653945189571,18.5740037895834,35.1189693450393,-0.102481299382546,79.517804129014,-0.5472793930427,56.1033910549919,-8.75795228195352,56.9848230600198,-28.5023813920679,82.5115751430955,-22.984808159806
372,372,738084.391277807,0.14,0.275,88.6866538000531,-6.83742756118552,18.7783031721484,35.0691660868236,-0.0769442577459705,79.4523740344047,0.446515868803752,56.0327177482862,-7.75935934499822,56.9122394653701,-27.506740647572,82.4406160081008,-21.995965218601
373,373,738084.391277898,0.14,0.29,88.3853218681106,-4.54107971583556,18.9745822479743,35.0222248253754,-0.051333074378,79.3630099811258,1.43667303792766,55.9383247498644,-6.76433029375472,56.8159987481174,-26.5144647220187,82.3457721390876,-21.0104538248523
374,374,738084.391277988,0.14,0.305,88.0359064830611,-2.26171578420317,19.1626150534209,34.9780697823594,-0.0256851832088289,79.2504188040724,2.42122393334926,55.8209246351212,-5.7748451775221,56.6968160763933,-25.5275324052321,82.2277609964647,-20.0302392543185
375,375,738084.391278078,0.14,0.32,87.6403940058375,-0.00335698550713387,34.936619992777,19.3422247789222,1.57075802271805,79.1154280470474,3.39828127017776,55.6813492355729,-4.79280323553111,56.5555254185348,-24.5478428956239,82.0874201276877,-19.0572078052804
376,376,738084.391278166,0.14,0.335,87.2009717550972,2.23020531792728,19.5132845179803,34.8977899626982,0.0255698898931582,78.9589724680607,4.36605452037743,55.5205361613482,-3.82000690935136,56.3930660622643,-23.5771997615656,81.9256935945032,-18.0931508669886
377,377,738084.391278256,0.14,0.35,86.7199972297599,4.43543585688587,19.6757170715097,34.8614903667723,0.0511021032004835,78.7820794623942,5.32286347222014,55.3395142637649,-2.85814816329436,56.2104680815601,-22.6172971944612,81.7436173330453,-17.1397512630151
378,378,738084.391278364,0.16,0.05,88.424134449274,-39.0186896998496,36.3535392894119,14.4980364641575,1.15522810508861,78.3802054829035,-13.116607780475,-1,-1,-1,-1,81.4449293507191,-35.451127577023
379,379,738084.391278455,0.16,0.065,88.891373294504,-36.9951583793185,14.7685397554675,36.2551614729087,-0.39437969516829,78.6413178033766,-12.2808476876533,-1,-1,-1,-1,81.7010404953488,-34.6231848961146
380,380,738084.391278545,0.16,0.08,89.3144078678228,-34.9288296680249,36.1601744602956,15.0368399225065,1.19800559618677,78.8837753106173,-11.4245602279346,-1,-1,-1,-1,81.9384001842402,-33.7746205609413
381,381,738084.391278636,0.16,0.095,89.6911432166958,-32.822498348331,36.0685744646113,15.302581122601,1.21998317253983,79.1064245099125,-10.5488241472315,-1,-1,-1,-1,82.1558624871451,-32.9064937852948
382,382,738084.391278724,0.16,0.11,90.0196658423805,-30.6792532749732,35.980355591247,15.5653830327798,1.24233540677987,79.3081880013269,-9.654866367076,-1,-1,-1,-1,82.3523583533786,-32.0200119709574
383,383,738084.391278813,0.16,0.125,90.2982718071234,-28.5024620942653,35.8955090112519,15.8248447528763,1.26504617399078,79.4880795723641,-8.74405656374256,-1,-1,-1,-1,82.5269106553964,-31.1165254930033
384,384,738084.391278901,0.16,0.14,90.525493042906,-26.2957508139412,35.8140221670591,16.0805495028736,1.28809715972653,79.6452185353759,-7.81789912103378,-1,-1,-1,-1,82.6786484622427,-30.1975198654058
385,385,738084.391278996,0.16,0.155,90.700121090536,-24.0629783464167,35.7358780388247,16.3320699780783,1.3114678690086,79.7788429138584,-6.87802249372496,-1,-1,-1,-1,82.8068201477061,-29.2646053191145
386,386,738084.391279084,0.16,0.17,90.8212275274451,-21.8082063328937,35.6610544942503,16.5789741976878,1.3351356654075,79.8883210959311,-5.92616610623566,-1,-1,-1,-1,82.9108049526175,-28.3195039120193
387,387,738084.391279173,0.16,0.185,90.8881804288158,-19.5356647294923,35.5895237438387,16.8208316778488,1.35907584199487,79.9731616049809,-4.96416499904886,-1,-1,-1,-1,82.990122653015,-27.3640343779919
388,388,738084.391279262,0.16,0.2,90.9006563007759,-17.2497137976848,35.5212519158258,17.0572197366281,1.38326172513323,80.0330206863421,-3.99393251885195,-1,-1,57.539494775561,-31.9349643982375,83.0444410351231,-26.4000950057517
389,389,738084.391279351,0.16,0.215,90.8586470793202,-14.9548032909404,35.4561987624311,17.2877297590107,1.40766481127767,80.0677074729532,-3.01744142257192,-1,-1,57.5661343824894,-30.9578059619014,83.073580942638,-25.4296449128063
390,390,738084.391279442,0.16,0.23,90.7624619154587,-12.6554297406367,35.3943175047471,17.5119732177838,1.43225493619935,80.0771865693052,-2.03670382588219,-1,-1,57.5677815063923,-29.9761196479383,83.0775187383951,-24.4546841406431
391,391,738084.391279531,0.16,0.245,90.6127236811216,-10.3560928211377,17.7295873092665,35.3355548112767,-0.113795852160579,80.0615779777692,-1.05375046978558,-1,-1,57.544571177799,-28.9919399301254,83.0563861074869,-23.4772330411427
392,392,738084.39127962,0.16,0.26,90.4103602625232,-8.06125180931803,17.9402400252053,35.2798509139976,-0.0889277590650649,80.0211543800183,-0.0706098018616297,-1,-1,57.4967895681372,-28.0073006693667,83.0104672175128,-22.4993114480333
393,393,738084.391279709,0.16,0.275,90.1565909161087,-5.77528315026553,18.1436345540941,35.2271398468603,-0.0639709521144978,79.9563358738419,0.910712629536674,56.5477526447188,-7.28790342041116,57.4248686130414,-27.0242144239056,82.9401933391652,-21.5229181299348
394,394,738084.3912798,0.16,0.29,89.8529080966072,-3.50244007754181,18.3395129016244,35.1773497968667,-0.0389599832740925,79.8676823474577,1.88825398927883,56.4540838610766,-6.3055751679909,57.3293783032682,-26.0446525262032,82.8461351119158,-20.5500110031915
395,395,738084.39127989,0.16,0.305,89.5010553124322,-1.24681516841118,18.5276586653096,35.1304035568417,-0.0139298303780842,79.7558837451941,2.86011273781189,56.3374787030045,-5.32887224053526,57.2110168980559,-25.0705263697229,82.7289927110639,-19.5824885446858
396,396,738084.391279983,0.16,0.32,89.1030016715859,0.987693431301035,18.7078989316951,35.0862190553579,0.0110843963012126,79.621748536702,3.82446559789404,56.1987501103441,-4.35962932670216,57.0705993730947,-24.1036702935524,82.5895842301906,-18.6221727900477
397,397,738084.391280072,0.16,0.335,88.6609138495687,3.19741150733617,18.8801052867949,35.0447099530852,0.0360477497923917,79.4661907441384,4.77958259064292,56.038815223611,-3.3995877664624,56.9090444565475,-23.1458263842568,82.4288326349887,-17.6707942345849
398,398,738084.391280162,0.16,0.35,88.1771262570108,5.37891356821063,19.0441939712426,35.0057862828365,0.0609257381788839,79.290215906973,5.72383990352879,55.8586813811631,-2.45038257113679,56.7273606308501,-22.1986314368683,82.2477516690342,-16.729978877363
399,399,738084.391280278,0.18,0.05,89.8040980250983,-37.6921685234581,36.5768868463115,13.9096174958241,1.17341024047275,78.837740089305,-12.5108452239455,-1,-1,-1,-1,81.8973933008547,-34.8377630424088
400,400,738084.391280372,0.18,0.065,90.2708908577521,-35.6778958848421,14.176832814208,36.4738459971798,-0.376388811978434,79.0973021830397,-11.6802314644769,-1,-1,-1,-1,82.151977836154,-34.0148110852589
401,401,738084.391280461,0.18,0.08,90.6931174836483,-33.6223362005626,14.4416836807417,36.3743696887212,-0.355018725783166,79.3382706217667,-10.8299152390484,-1,-1,-1,-1,82.3878773764726,-33.1720668238382
402,402,738084.39128055,0.18,0.095,91.0687426016895,-31.5282846529925,36.2784408458912,14.7038679368212,1.23750800942122,79.5595202189104,-9.9609658915729,-1,-1,-1,-1,82.6039742468867,-32.3105809510734
403,403,738084.391280639,0.18,0.11,91.3959129283541,-29.3988146896105,36.1860410330434,14.9630611727025,1.25958428532222,79.760000844047,-9.07459307962287,-1,-1,-1,-1,82.7992265656567,-31.4315444852509
404,404,738084.391280729,0.18,0.125,91.6729837350792,-27.2372622719958,36.0971497116709,15.2189195669198,1.28198998559798,79.9387518765551,-8.17214127081547,-1,-1,-1,-1,82.9726826485778,-30.5362834591522
405,405,738084.391280818,0.18,0.14,91.8985436341184,-25.0472053908097,36.0117435098556,15.4710835585556,1.30470667879988,80.0949159145616,-7.25508179025683,-1,-1,-1,-1,83.1234946548301,-29.6262511663341
406,406,738084.391280907,0.18,0.155,92.0714368866491,-22.8324389751382,35.9297955252895,15.7191822242497,1.32771397053472,80.227751367144,-6.32500246338955,-1,-1,-1,-1,83.2509311030159,-28.703018004442
407,407,738084.391280995,0.18,0.17,92.1907825426142,-20.5969455020642,35.8512746922211,15.9628382113515,1.3509895561524,80.336643571849,-5.38359497878862,-1,-1,-1,-1,83.3543879005687,-27.7682590354098
408,408,738084.391281091,0.18,0.185,92.255989795607,-18.3448617619244,35.776145233377,16.2016730655683,1.37450930173109,80.4211141099746,-4.4326401756525,-1,-1,-1,-1,83.4333975606531,-26.8237394623965
409,409,738084.391281211,0.18,0.2,92.2667690303475,-16.0804423837821,35.7043662135149,16.4353127746947,1.39824735370886,80.4808280381838,-3.47399153637644,-1,-1,-1,-1,83.4876363270874,-25.8712982990908
410,410,738084.391281302,0.18,0.215,92.2231381747201,-13.8080208711842,35.6358912102023,16.663393358501,1.42217627735309,80.5155988150495,-2.50955723155745,-1,-1,-1,-1,83.5169289883163,-24.9128305742
411,411,738084.39128139,0.18,0.23,92.1254241116296,-11.5319689712981,35.5706681080663,16.885566327465,1.44626722223065,80.5253907724637,-1.54128111895644,-1,-1,-1,-1,83.5212512328997,-23.9502684686388
412,412,738084.39128148,0.18,0.245,91.97425907029,-9.25665529972795,17.1015038539825,35.50863902163,-0.100306213470177,80.5103190608438,-0.571123136237591,-1,-1,-1,-1,83.5007294782659,-22.9855618218497
413,413,738084.391281569,0.18,0.26,91.7705720757535,-6.98640415263932,17.3109035048883,35.4497403434925,-0.0759824620326423,80.4706470795978,0.398960452697306,-1,-1,-1,-1,83.4556381868973,-22.0206584645445
414,414,738084.391281658,0.18,0.275,91.5155757076585,-4.7254554331153,17.5134924198703,35.3939029130119,-0.051589714382002,80.4067814858935,1.36703649720206,-1,-1,-1,-1,83.3863947656912,-21.0574848367658
415,415,738084.391281746,0.18,0.29,91.2107485502472,-2.47792658196002,17.7090308275553,35.3410522948604,-0.0271603650957309,80.3192649511254,2.33121364303505,-1,-1,-1,-1,83.2935522203513,-20.0979273327704
416,416,738084.391281834,0.18,0.305,90.857813860357,-0.247777298626575,17.8973148361529,35.2911091565415,-0.00272708165599748,80.208766901663,3.28965985310747,-1,-1,-1,-1,83.1777898035563,-19.1438147790627
417,417,738084.391281955,0.18,0.32,90.4587150690849,1.96122224976718,18.0781784543499,35.2439897258482,0.0216774585027607,80.0760725352977,4.2406184111038,-1,-1,-1,-1,83.0399019500825,-18.1969024015056
418,418,738084.391282046,0.18,0.335,90.0155888073952,4.14551918920886,18.2514948261753,35.1996063192514,0.046020830489382,79.9220704450147,5.1824221164326,56.5058175718347,-2.98988129329399,-1,-1,82.8807858318681,-17.2588575750547
419,419,738084.391282138,0.18,0.35,89.5307361910581,6.3018012663,18.4171767041168,35.1578679131961,0.0702711190217548,79.7477392061561,6.11350545012765,56.3273014040488,-2.05395491995621,-1,-1,82.7014278899672,-16.3312475792017
420,420,738084.391282252,0.2,0.05,91.0738602137281,-36.3517832204879,36.814669185735,13.3184643902793,1.19102624031776,79.2470903849551,-11.9032051167347,-1,-1,-1,-1,82.3017500474778,-34.2223857435435
421,421,738084.391282343,0.2,0.065,91.5392846873686,-34.3487601979447,13.5833331213723,36.7064319611212,-0.358976826801281,79.5043363036789,-11.0784411766255,-1,-1,-1,-1,82.5540475351063,-33.405122218073
422,422,738084.391282432,0.2,0.08,91.9598926767587,-32.3059840260709,36.6019658361979,13.8456314124694,1.23295927259453,79.7431077496347,-10.2348176747238,-1,-1,-1,-1,82.7877845123224,-32.5689137819343
423,423,738084.391282522,0.2,0.095,92.3337152182861,-30.2262426556727,36.5012385506317,14.1051055648197,1.25443257473391,79.9623126046082,-9.37339160892482,-1,-1,-1,-1,83.0018762929519,-31.7147996823326
424,424,738084.391282611,0.2,0.11,92.6589659097267,-28.1125865501585,36.4042171639229,14.3614830697739,1.27622461642594,80.1609324477575,-8.49535225910771,-1,-1,-1,-1,83.195312577029,-30.8439514597029
425,425,738084.391282705,0.2,0.125,92.9340656542509,-25.9683124770851,36.3108674286461,14.6144742585843,1.29831879463688,80.3380363036633,-7.60201563990389,-1,-1,-1,-1,83.3671711497287,-29.9576675797556
426,426,738084.39128282,0.2,0.14,93.1576657097037,-23.7969429749717,36.2211531551227,14.8637748224309,1.32069670811284,80.4927936604873,-6.694816684117,-1,-1,-1,-1,83.5166308376645,-29.0573658016716
427,427,738084.391282909,0.2,0.155,93.3286683648068,-21.6022016618562,36.1350355808239,15.1090690934247,1.34333819557119,80.6244864114715,-5.77529920715963,-1,-1,-1,-1,83.6429833765895,-28.1445733287869
428,428,738084.391282999,0.2,0.17,93.4462446119715,-19.3879846654268,36.0524727823299,15.3500339536252,1.36622139822973,80.7325193871641,-4.84510377587216,-1,-1,-1,-1,83.7456438589407,-27.2209148608508
429,429,738084.39128309,0.2,0.185,93.5098482421127,-17.1583286141486,35.9734191460577,15.5863432205122,1.38932284735304,80.8164291744473,-3.90595367751872,-1,-1,-1,-1,83.8241594589089,-26.2880987392248
430,430,738084.391283179,0.2,0.2,93.5192258831578,-14.917375754387,35.897824918748,15.8176723463905,1.41261757682741,80.8758909617379,-2.95963925282708,-1,-1,-1,-1,83.8782161762804,-25.3479014445474
431,431,738084.391283268,0.2,0.215,93.4744226196302,-12.6693368775859,35.8256358552101,16.0437032644571,1.43607926006635,80.9107232053983,-2.00800091679145,-1,-1,-1,-1,83.9076433963037,-24.4021507664893
432,432,738084.39128336,0.2,0.23,93.3757829693628,-10.4184528351542,16.2641292188338,35.7567929743294,-0.111115956677575,80.920889978459,-1.0529112391999,-1,-1,-1,-1,83.91241612909,-23.452708013887
433,433,738084.391283449,0.2,0.245,93.2239471399297,-8.1689554664087,16.4786594208437,35.6912324284868,-0.0874039662156239,80.9065009356765,-0.0962564905563776,-1,-1,-1,-1,83.8926548651098,-22.5014496678372
434,434,738084.391283538,0.2,0.26,93.019842641873,-5.92502880373021,16.6870233921749,35.6288854883974,-0.0636104619753884,80.867808905095,0.860081923623574,-1,-1,-1,-1,83.8486230594773,-21.5502488983728
435,435,738084.391283627,0.2,0.275,92.7646714833708,-3.69077140738984,16.8889748718309,35.5696786410371,-0.0397654164301875,80.8052051915484,1.81424571724563,-1,-1,-1,-1,83.780722332949,-20.6009573660727
436,436,738084.391283717,0.2,0.29,92.4598933080857,-1.47016062438897,17.0842951856944,35.5135337932092,-0.0158991826301201,80.719212748248,2.76441726112521,-1,-1,-1,-1,83.6894855479651,-19.6553877135725
437,437,738084.391283806,0.2,0.305,92.107204959832,0.732980490678104,17.2727960090485,35.4603685683282,0.00795773825233228,80.6104774347882,3.70883603097623,-1,-1,-1,-1,83.5755679801176,-18.7152971197176
438,438,738084.391283895,0.2,0.32,91.708517045987,2.91501297349942,17.4543214675884,35.4100966888517,0.0317749317261666,80.4797576312041,4.64581364014744,-1,-1,-1,-1,83.4397368562354,-17.7823722431153
439,439,738084.391283985,0.2,0.335,91.2659281408378,5.07250796306457,17.6287495545931,35.3626284233841,0.0555223028971408,80.3279125155043,5.57374718875733,-1,-1,-1,-1,83.2828595677821,-16.8582158251572
440,440,738084.391284073,0.2,0.35,90.7816973187543,7.20226856176148,17.7959928773443,35.3178710878783,0.0791703029221739,80.1558893357766,6.49113072562233,-1,-1,-1,-1,83.1058908914239,-15.9443351585202
