frame_no,target_no,time_stamp,target_x,target_y,pupil_x,pupil_y,ellipse_min_axis,ellipse_max_axis,ellipse_angle,glint_1_x,glint_1_y,glint_2_x,glint_2_y,glint_3_x,glint_3_y,glint_4_x,glint_4_y
0,0,738084.501510863,-0.2,0.05,9.07465372869337,21.6581661158431,35.0701005186844,35.897697238336,1.17402331943393,34.1194564596853,38.3035148644597,3.47640364247731,41.6395714400244,3.52929805529822,20.8124556238697,32.0587170759595,16.5254460754524
1,1,738084.501510985,-0.2,0.065,9.08420531295775,24.0839508868487,34.9134742284563,35.9096988612179,1.21010777171561,34.1236874576265,39.3958032373479,3.47944059876067,42.7355927837109,3.53241526657751,21.9097810052412,32.059312709766,17.6200858985896
2,2,738084.501511094,-0.2,0.08,9.09469975739829,26.5238956076848,34.7386248486487,35.9232500374088,1.24047222987569,34.1277810955327,40.4929677467229,3.48275245409948,43.8364476016462,3.53580820052687,23.0122311396286,32.0597655580204,18.7199042442721
3,3,738084.501511193,-0.2,0.095,9.10617106969675,28.9737467491846,34.5454191563661,35.9384143879508,1.26628115979046,34.1317321796974,41.5929287776442,3.48634899980907,44.9400471464048,3.53948653077739,24.1177234466842,32.0600778656094,19.8228257721138
4,4,738084.501511337,-0.2,0.11,9.11864999220746,31.4290710690274,34.3338340820719,35.9552542567829,1.28841507293142,34.1355361793845,42.6935253813785,3.49023876219835,46.0442213361437,3.54345865813703,25.224092539311,32.0602527679445,20.9266922210642
5,5,738084.501511439,-0.2,0.125,9.13216350907362,33.8852913914804,34.1039618519343,35.9738302117266,1.30754844588315,34.1391892782148,43.79253327392,3.4944288304678,47.1467368467555,3.54773153932476,26.3291081990102,32.0602942745256,22.0292803064338
6,6,738084.501511546,-0.2,0.14,9.14673437913396,36.3377262515873,33.8560133629429,35.9942005226422,1.32420462250226,34.1426884159389,44.8876846914919,3.49892469884239,48.2453170639975,3.55231053008626,27.430495231035,32.0602072370789,23.1283214961071
7,7,738084.501511657,-0.2,0.155,9.16238070892581,38.7816326906051,36.0164206213885,33.5903196080144,-0.232001584237972,34.1460313193561,45.9766897427746,3.50373012778279,49.3376635332088,3.55719924752713,28.5259548403904,32.0599973024311,24.2215233087852
8,8,738084.50151179,-0.2,0.17,9.17911557692496,41.2122513521698,36.0405425534938,33.3073310220032,-0.21915071485073,34.1492165214153,47.0572588295104,3.508847028763,50.4214784759995,3.56239945613292,29.613187100931,32.0596708508041,25.3065917084387
9,9,738084.50151189,-0.2,0.185,9.19694671995501,43.6248529161065,36.066614431344,33.0076146868811,-0.207776447336292,34.1522433678866,48.1271256529499,3.51427537661625,51.4944878890433,3.56791098145243,30.6899140348605,32.0592349207326,26.381254114156
10,10,738084.501511995,-0.2,0.2,9.21587629160026,46.0147848331472,36.0946799006743,32.6918494022245,-0.197665511263318,34.1551120113774,49.1840702868709,3.52001315267881,52.5544647033886,3.57373165464554,31.7539027823792,32.0586971222619,27.4432825069521
11,11,738084.501512101,-0.2,0.215,9.23590070032699,48.3775172863559,32.3608187041699,36.1247776310921,1.38215326431921,34.157823392842,50.2259417814733,3.52605632106731,53.5992514664264,3.57985729020602,32.8029883240738,32.0580655405141,28.4905160977326
12,12,738084.50151223,-0.2,0.23,9.25701053145724,50.708687313845,36.1569408455866,32.0154019848949,-0.180564473841753,34.160379211152,51.2506797679757,3.5323988393893,54.6267820143904,3.58628169811473,33.8350952233559,32.0573486320606,29.5208830251591
13,13,738084.501512333,-0.2,0.245,9.27919055738829,53.0041400826945,36.1911968969709,31.656563932429,-0.173309114552208,34.1627818816359,52.2563345612924,3.5390327040493,55.635101631145,3.59299673056912,34.8482578832535,32.0565551167314,30.5324205787476
14,14,738084.501512434,-0.2,0.26,9.3024198368061,55.2599663931878,36.2275669069493,31.2853425667586,-0.166775587376475,34.1650344848538,53.2410853067139,3.54594802918241,56.6223852379101,3.59999236227285,35.840638859789,32.0556938676518,31.5232934902161
15,15,738084.501512582,-0.2,0.275,9.32667189713003,57.4725356286702,36.2660654750566,30.9028361916628,-0.160878045501558,34.1671407071056,54.2032557832797,3.55313315715693,57.5869532258251,3.60725680220306,36.8105448406811,32.0547738022597,32.4918099021284
16,16,738084.501512778,-0.2,0.29,9.35191499918345,59.6385235235746,36.3067004670936,30.5101896121675,-0.15554331845979,34.1691047744062,55.1413275580085,3.56057479755752,58.5272846251233,3.61477663374895,37.7564399793057,32.0538037769401,33.436434703735
17,17,738084.501512926,-0.2,0.305,9.37811247411681,61.7549343038296,30.1085799800476,36.3494728898975,1.42008767749298,34.170931381739,56.0539502765589,3.56825819075147,59.4420273966234,3.62253697928123,38.6769563652953,32.0527924877046,34.3558000150011
18,18,738084.501513053,-0.2,0.32,9.40522312439827,63.8191169436847,29.6992026263901,36.3943768558573,1.42447642830365,34.1726256194682,56.9399489723755,3.57616729144434,60.3300057281035,3.63052168456698,39.5709015097801,32.0517483789904,35.248712696017
19,19,738084.501513213,-0.2,0.335,9.43320167765598,65.8287754737302,29.2832572221695,36.4413996399592,1.42846621974162,34.1741928987323,57.7983283726895,3.58428496721237,61.1902243148777,3.6387135179779,40.4372628198609,32.0506795622871,36.1141588553666
20,20,738084.501513341,-0.2,0.35,9.46199928250999,67.7819734603169,28.8619345833238,36.4905218253716,1.43209798818088,34.1756388775411,58.6282742711473,3.59259320677142,62.0218696956043,3.64709437927552,41.2752091288136,32.0495937458717,36.9513054226281
21,21,738084.501513497,-0.18,0.05,12.2277112712374,21.2633429269357,34.9993793833376,35.9031003552245,1.04891648693865,35.545458457477,38.1279813685698,4.90257529306956,41.4567283821282,4.96023985968008,20.631056248976,33.4896853563315,16.346236381323
22,22,738084.501513624,-0.18,0.065,12.2586654838795,23.710350476021,34.8430005076543,35.9151411587209,1.09362760716747,35.5589922540072,39.2298230402182,4.91485357218479,42.5622967550772,4.97262894999766,21.7379170131142,33.4995767014886,17.450393026022
23,23,738084.501513727,-0.18,0.08,12.2889721219897,26.1722552407701,34.6680847977784,35.9287632620716,1.13181066847748,35.5715966108408,40.3368532767525,4.92662220313078,43.6730147694763,4.98450650389184,22.8502235389781,33.5085297852986,18.5600486804879
24,24,738084.50151389,-0.18,0.095,12.3185732108906,28.6446901125195,34.4744854404237,35.9440326161949,1.16465830397539,35.5832217465428,41.4469363438387,4.93784708932034,44.7867374928978,4.9958381560261,23.9658373728956,33.5165023422364,19.6730723112667
25,25,738084.50151401,-0.18,0.11,12.3474140676315,31.1230973715656,34.262169728136,35.9610138604181,1.19311354325786,35.593821929499,42.5578501199932,4.94849619116936,45.9012335812685,5.00659160199958,25.0825321269158,33.5234564113108,20.7872448423978
26,26,738084.501514144,-0.18,0.125,12.3754439761771,33.6027660309015,34.0312246079818,35.9797697965738,1.21792444534272,35.6033561208883,43.6673048927428,4.95853993083,47.0142041705229,5.01673700595601,26.1980122459252,33.529358909876,21.9002778408001
27,27,738084.501514274,-0.18,0.14,12.4026168186341,36.0788733522346,33.7818603683705,36.0003608359816,1.2396877544235,35.6117885712493,44.7729641609087,4.96795157546879,48.1233037778979,5.02624738674735,27.3099338052376,33.5341821545855,23.0098342312753
28,28,738084.5015144,-0.18,0.155,12.4288916437799,38.5465297793678,36.0228444298156,33.5144122599435,-0.311913518784332,35.6190893538517,45.8724670604375,4.97670758890485,49.2261628280905,5.03509897242697,28.4159269576119,33.5379043141683,24.113550662027
29,29,738084.501514541,-0.18,0.17,12.4542331584953,41.0008263786957,36.047274488267,33.2293399117845,-0.294898784454724,35.6252348191883,46.9634519562382,4.98478794189615,50.3204113443807,5.0432715132674,29.5136195729087,33.540509780063,25.2090610659569
30,30,738084.501514703,-0.18,0.185,12.4786121262241,43.4368837563382,36.0737008023944,32.9272244694464,-0.279747971226711,35.6302079567788,48.0435806824586,4.99217637225823,51.4037032846587,5.05074854442995,30.6006615527139,33.5419894429673,26.2940209020787
31,31,738084.501514837,-0.18,0.2,12.5020056604393,45.849901335035,36.1021684795799,32.6087634619098,-0.266201035984567,35.6339986529207,49.1105628726083,4.99886058730784,52.4737409613944,5.05751759071179,31.6747492604549,33.5423408659969,27.3661315195102
32,32,738084.501514951,-0.18,0.215,12.5243974052842,48.2352058348594,36.1327174061218,32.2747634821438,-0.254042643784168,35.6366038362191,50.1621798024247,5.00483240282648,53.5282989660834,5.06357030749833,32.7336494880126,33.541568348311,28.4231640668127
33,33,738084.501515088,-0.18,0.23,12.5457775980465,50.5882978091275,36.1653817500357,31.9261308452623,-0.243093186709664,35.6380275061863,51.1963071736698,5.01008781467992,54.5652470243191,5.0689025540098,33.7752223844297,33.5396828765194,29.4629823737824
34,34,738084.501515208,-0.18,0.245,12.5661430136803,52.9048951444501,31.5638604605416,36.2001895162272,1.33759451092055,35.6382806440537,52.2109362969982,5.01462700142859,55.582571237856,5.07351439714991,34.7974428014991,33.5367019648589,30.4835642615964
35,35,738084.501515357,-0.18,0.26,12.5854967928558,55.1809725355626,36.2371621686117,31.1890232137953,-0.224240999128631,35.6373810087307,53.2041931847808,5.01845425848064,56.5783932232287,5.07741004645408,35.7984195631745,33.5326493887435,31.483020789104
36,36,738084.501515551,-0.18,0.275,12.6038481628857,57.4127960893936,36.2763143272568,30.8027522054607,-0.21610224172368,35.6353528245735,54.1743551378649,5.02157786652406,57.5509867299695,5.08059772289389,36.7764122384527,33.5275548196918,32.4596130152358
37,37,738084.501515725,-0.18,0.29,12.6212120614637,59.596952388569,36.3176535512875,30.4062282209994,-0.208692698114215,35.6322263709393,55.1198644992574,5.02400989904293,58.4987914110404,5.08308946631941,37.7298450861531,33.521453372635,33.4117659459336
38,38,738084.501515857,-0.18,0.305,12.6376086751824,61.7303715403118,36.36118021488,30.0006648236057,-0.201932471224037,35.6280374863128,56.0393393476318,5.02576597544801,59.4204235184368,5.08490088810467,38.6573179399265,33.5143850790483,34.3380794334579
39,39,738084.501516038,-0.18,0.32,12.6530629107007,63.810343945755,36.4068874792106,29.5872934553323,-0.195752445455363,35.6228270020098,56.9315810088514,5.0268649678185,60.3146834026893,5.08605087700991,39.5576139072299,33.5063943011571,35.2373359010098
40,40,738084.501516222,-0.18,0.335,12.6676038136955,65.834530730934,36.4547613633032,29.1673489113258,-0.190092536792742,35.6166401218582,57.7955783684066,5.02732867025321,61.1805598001405,5.08656126730215,40.4297038611128,33.4975291035259,36.1085048703566
41,41,738084.501516368,-0.18,0.35,12.6812639545299,67.8009679818106,36.5047809101835,28.7420555240765,-0.184900270880855,35.6095257649947,58.6305090668269,5.02718144044664,62.0172309913656,5.08645647879806,41.2727478032642,33.487840598704,36.9507443695155
42,42,738084.50151653,-0.16,0.05,15.433166988078,20.8368314444709,34.8996447751192,35.9107647599126,0.933294724993978,36.9936767294245,37.9370670945135,6.35167458560996,41.2582448776733,6.41418376161976,20.4345052849073,34.943010762511,16.1520498068718
43,43,738084.501516666,-0.16,0.065,15.486642083659,23.3026445171916,34.7434132177692,35.922876758425,0.98423465238471,37.0169940982246,39.0472977639208,6.37368287151146,42.3721885130485,6.43633494016441,21.5497334707047,34.9626841990156,17.2645599444135
44,44,738084.501516853,-0.16,0.08,15.5378037377792,25.7840819789185,34.5683832105109,35.9366014140076,1.02845826555432,37.0385538536678,40.1630257970291,6.3943598803746,43.4915946296398,6.45715011358011,22.6707243715238,34.9805876714169,18.3828853321765
45,45,738084.501516991,-0.16,0.095,15.5864935039162,28.2766736663874,34.3743958757165,35.9520069315158,1.06702167268237,37.0582576599642,41.282064541971,6.41362360574323,44.6142673577376,6.4765468424476,23.7952888751943,34.9966304055438,19.5048444318309
46,46,738084.501517106,-0.16,0.11,15.6325632385701,30.7757482303261,34.1614099815493,35.9691601644916,1.10080839716728,37.076014845715,42.4021360627882,6.43139765408773,45.7379194937643,6.49444831682086,24.9211449675334,35.0107295739252,20.6281627013619
47,47,738084.501517239,-0.16,0.125,15.6758770991427,33.2764719201524,33.9295078698491,35.9881260608097,1.13055129502043,37.0917437133128,43.5208906731309,6.44761230198036,46.860192130634,6.51078441856481,26.0459372309398,35.0228115351488,21.75049200888
48,48,738084.501517371,-0.16,0.14,15.7163134200143,35.7738918450283,33.6788994300465,36.0089670828991,1.15685631839288,37.1053727623871,44.6359286222041,6.46220549326913,47.9786764444105,6.52549272357171,27.1672585210457,35.032812980188,22.8694322234112
49,49,738084.501517601,-0.16,0.155,15.7537664178656,38.2629829125143,33.4099239038698,36.0317426044999,1.1802245790435,37.1168417924168,45.7448235294561,6.47512374849873,49.0909372315067,6.53851941598178,28.2826734196914,35.0406819523151,23.9825545829765
50,50,738084.501517715,-0.16,0.17,15.7881476708667,40.7386974820354,36.0565083007466,33.1230493646149,-0.36972488918744,37.1261028515804,46.8451470825623,6.48632296009691,50.1945377085405,6.54982008778865,29.389742979701,35.0463787094347,25.0874263575962
51,51,738084.501517848,-0.16,0.185,15.8193873318989,43.1960166353755,36.0833155379909,32.8188697913408,-0.351053906567973,37.1331210024753,47.9344944474098,6.49576904938864,51.2870650209786,6.55936039977864,30.486050210182,35.0498764014515,26.1816362580937
52,52,738084.501518004,-0.16,0.2,15.8474350348543,45.6300018712485,36.1122107801998,32.4980997426565,-0.334270099790917,37.1378748802979,49.0105097935024,6.50343846520232,52.3661558614825,6.56711658343786,31.5692257048522,35.0511615403887,27.2628199952771
53,53,738084.501518128,-0.16,0.215,15.8722604681036,48.0358459877,36.1432350239396,32.1615667186466,-0.319131076007639,37.1403570253863,50.070911317288,6.50931850855036,53.4295215779828,6.57307576824575,32.6369727940092,35.0502342473283,28.3286853719542
54,54,738084.501518261,-0.16,0.23,15.8938535977468,50.4089219226213,36.1764232765296,31.8102013859274,-0.305432286502658,37.1405739792484,51.1135151511503,6.51340747347048,54.4749721570928,6.57723612433319,33.6870916051144,35.0471082674455,29.3770362943856
55,55,738084.501518373,-0.16,0.245,15.9122245358921,52.7448283834173,36.211804091613,31.4450259163972,-0.29300022758402,37.1385461410484,52.1362575777691,6.51571460011512,55.5004385006442,6.57960681657921,34.7175014481069,35.0418107520824,30.4057951205096
56,56,738084.501518482,-0.16,0.26,15.9274030602637,55.0394312074564,36.2493991750674,31.0671407583097,-0.281686974246989,37.1343073895092,53.1372150266056,6.51625984250306,56.503992470702,6.58020777252131,35.7262609980199,35.0343818146158,31.4130228183511
57,57,738084.501518582,-0.16,0.275,15.9394378054587,57.2888995507819,36.2892230725481,30.6777102083162,-0.271365775372928,37.1279044829447,54.1146214084221,6.51507345941104,57.4838642579392,6.57906927257488,36.7115858260803,35.0248738742888,32.3969364862209
58,58,738084.501518681,-0.16,0.29,15.9483951525234,59.4897361910995,36.331282949451,30.2779471871404,-0.261927492967632,37.1193962571385,55.0668824402021,6.5121954425517,58.4384567253228,6.57623137674779,37.6718629268085,35.0133508088458,33.355923882115
59,59,738084.501518782,-0.16,0.305,15.9543578576675,61.6388014464541,36.3755784688382,29.8690976354089,-0.253277713019002,37.1088526468075,55.9925867211876,6.5076748010172,59.366356487828,6.57174320688543,38.6056619968105,34.9998869424335,34.2885547175715
60,60,738084.501518911,-0.16,0.32,15.9574234626426,63.7333304331622,36.4221017732888,29.4524249405215,-0.245334391099034,37.0963535610175,56.8905134345296,6.50156872483456,60.2663416032346,6.56566210737803,39.5117433350193,34.9845658994427,35.1935885848318
61,61,738084.501519039,-0.16,0.335,15.957702538682,65.7709436147311,36.470837570543,29.0291947853678,-0.238025925451886,37.081987646074,57.7596366622073,6.49394165317951,61.137385862613,6.5580527099806,40.389062347602,34.9674793577332,36.0699794993051
62,62,738084.501519156,-0.16,0.35,15.9553168137781,67.7496507995442,36.5217633227374,28.6006607661184,-0.231289572680235,37.0658509709844,58.5991264074288,6.48486427428382,61.9786597760782,6.54898592988647,41.2367707478634,34.9487257358719,36.9168771461846
63,63,738084.501519305,-0.14,0.05,18.6824567921701,20.3782402631197,34.7696641077539,35.9208325426586,0.828784979513758,38.4599090510141,37.7305587648423,7.81953799987802,41.0439216846879,7.8869518491842,20.2226248121692,36.4144796877974,15.9427095923844
64,64,738084.501519432,-0.14,0.065,18.759435134154,22.8602310099967,34.6134563241629,35.9330512840813,0.883611401578474,38.4934237464444,38.847913138834,7.85169913954313,42.1649676516444,7.91928925935003,21.3449518262914,36.4443547550347,17.0623095897786
65,65,738084.50151959,-0.14,0.08,18.8323696374615,25.3585554482289,34.4382460684085,35.9469135241539,0.932019943838699,38.5243220844349,39.9710665477926,7.88167570498882,43.2917820914107,7.94943441858276,22.4733508565031,36.4715974791469,18.1880332321335
66,66,738084.501519693,-0.14,0.095,18.9009937417387,27.8686525287341,34.2438643336703,35.9624896211348,0.974839912589734,38.5524536455492,41.0977874461806,7.90933418097504,44.4221242693611,7.97725320284079,23.6055881639782,36.4960650145173,19.3176544778685
67,67,738084.501519809,-0.14,0.11,18.965058588988,30.3857499497073,34.030262812644,35.9798485350973,1.01281338923836,38.5776794841431,42.2257483527581,7.93455042316036,45.553657439026,8.00262088889079,24.7393323900211,36.517626299256,20.4488495711739
68,68,738084.501519911,-0.14,0.125,19.0243364860358,32.9049042314194,33.7975201614473,35.9990572488107,1.04658962200252,38.5998741727538,43.3525460469254,7.95721143738377,46.6839691354899,8.0254239412741,25.8721747111637,36.5361640291877,21.5792171097419
69,69,738084.50152001,-0.14,0.14,19.078624165795,35.4210455576856,36.0201801564995,33.5458462308612,-0.49406728174779,38.6189277187299,44.4757240571929,7.97721705803596,47.8105937655055,8.04556169809377,27.0016513135844,36.5515764963685,22.7063004304872
70,70,738084.50152011,-0.14,0.155,19.1277457553848,37.9290265466707,36.0432784324185,33.275584031957,-0.467084582558821,38.6347472976894,45.5927970191357,7.994481477722,48.931037069409,8.0629479076311,28.12526776621,36.5637792382446,23.8276118947823
71,71,738084.501520208,-0.14,0.17,19.1715553593699,40.4236739401399,36.0684093907154,32.987209267646,-0.44284890856495,38.6472587512689,46.701276391546,8.00893458258175,50.0428019410382,8.07751206994779,29.2405247823151,36.5727064467286,24.940658565288
72,72,738084.501520306,-0.14,0.185,19.2099391827489,42.8998420482619,36.0956258453669,32.6813273452811,-0.421011053019201,38.6564078020065,47.7986969478483,8.0205230519517,51.1434150200935,8.08920054198519,30.3449447868267,36.5783120920744,26.0429686938408
73,73,738084.501520412,-0.14,0.2,19.2428171231731,45.3524666883736,36.1249754888443,32.3586678702432,-0.401273210129045,38.6621609460165,48.8826434103934,8.02921118749771,52.2304534219324,8.09797737111176,31.4360986560433,36.5805707244268,27.1321183892938
74,74,738084.501520554,-0.14,0.215,19.2701437848453,47.7766183028263,36.1565003010726,32.020076715374,-0.383380973061084,38.664505993972,49.9507765718743,8.03498144515133,53.3015709465029,8.10382483033713,32.5116319721056,36.5794779258558,28.2057578096237
75,75,738084.501520655,-0.14,0.23,19.2919088825152,50.167552950794,36.1902360052013,31.6665058497267,-0.367116463905757,38.6634522424186,51.0008582531542,8.03783465288663,54.3545231134157,8.10674363811783,33.5692901385695,36.5750503971332,29.2616362263368
76,76,738084.501520797,-0.14,0.245,19.308137025134,52.5207599296849,36.22621158486,31.2990011918242,-0.352292523720107,38.6590302698925,52.0307744806193,8.03778990792515,55.3871904042997,8.10675285629779,34.6069417364346,36.5673256758622,30.2976253418591
77,77,738084.501520896,-0.14,0.26,19.3188868912496,54.8320049034934,36.2644488768454,30.9186888262456,-0.338747842565713,38.6512913651186,53.0385563272779,8.03488415788414,56.3975991551066,8.10388947069475,35.6225995603497,36.5563614951209,31.3117403005016
78,78,738084.501520996,-0.14,0.275,19.3242498272732,57.0973675786993,36.3049622512833,30.526759973679,-0.326342897792942,38.6403066069087,54.0223979466815,8.02917148101758,57.3839396264063,8.09820766949486,36.6144388590702,36.542234803833,32.30215791753
79,79,738084.501521096,-0.14,0.29,19.3243479199967,59.3132731745681,36.3477583893611,30.1244551418563,-0.314956574466625,38.6261656266796,54.9806714324609,8.0207220904586,58.3445808839037,8.08977784448,37.5808124077162,36.525040480994,33.2672317537786
80,80,738084.501521261,-0.14,0.305,19.3193316082868,61.4765171621079,36.3928361668012,29.7130478980564,-0.3044833547519,38.6089750940982,55.9119382525241,8.0096210957841,59.2780822382357,8.07868534848313,38.5202621555001,36.5048897850596,34.2055037790222
81,81,738084.501521372,-0.14,0.32,19.3093769147785,63.584282987763,36.4401866467975,29.2938286966052,-0.294830979066622,38.5888569737923,56.8149571290143,7.99596706180435,60.1832011156676,8.06502904914745,39.4315273149545,36.4819085868138,35.115712489155
82,82,738084.501521477,-0.14,0.335,19.2946823822615,65.6341527412429,36.4897931818678,28.8680891768826,-0.285918496655585,38.5659466061307,57.6886883562662,7.97987040907145,61.0588973528595,8.04891972364066,40.3135488800951,36.4562354386532,35.9967974633469
83,83,738084.501521577,-0.14,0.35,19.2754658079132,67.6241109389225,36.5416316279094,28.4371072845607,-0.277674636777978,38.5403906675118,58.532294662624,7.96145170298956,61.9043340229598,8.03047834139464,41.1654706752445,36.4280195352863,36.8479004613276
84,84,738084.50152174,-0.12,0.05,21.9661079718161,19.8874636855202,34.6084666793957,35.9334437457733,0.735774255999545,39.9395267773202,37.50838529901,9.30157035420327,40.8137050754039,9.37393309380574,19.9953785527298,37.8994501223725,15.7181789134831
85,85,738084.50152184,-0.12,0.065,22.0674068588948,22.3828110442136,34.4521385454569,35.9458082690918,0.792493716766383,39.9835718685433,38.6315057179352,9.34422760965727,41.9404880155259,9.41680101966147,21.1234438484697,37.9398657794316,16.8435134597776
86,86,738084.50152194,-0.12,0.08,22.1628797363267,24.8951754515863,34.2766663650174,35.9598464795716,0.843395280074271,40.0241177268721,39.7607160785355,9.38382166373706,43.0733349058486,9.45659503245926,22.257879074394,37.9767625080669,17.9752684661464
87,87,738084.501522056,-0.12,0.095,22.2521454379028,27.4199186842661,34.0818733226201,35.9756307622593,0.88906303820463,40.0609589048961,40.8937467383126,9.42016446457911,44.2099669937104,9.49312628610299,23.3964126641208,38.0099424121044,19.1111801534191
88,88,738084.501522191,-0.12,0.11,22.3348482087645,29.9521818990047,33.867705799093,35.9932320508613,0.93006349852583,40.093905393915,42.028227804401,9.45308125287328,45.3480051728562,9.52621927093271,24.5366710561824,38.0392233712643,20.248882660964
89,89,738084.501522291,-0.12,0.125,22.4106627563608,32.4869268199126,36.0127192217761,33.6342399181116,-0.603872097800773,40.1227854622092,43.1617099034628,9.4824131235965,46.4849908499623,9.55571438585894,25.6761994165999,38.0644418091791,21.3859286798161
90,90,738084.50152239,-0.12,0.14,22.4792990175148,35.0189819586285,36.0341584561582,33.3816859928301,-0.570672355693625,40.14744832201,44.291687373866,9.50801944406246,47.6184092385717,9.58147036640261,26.8124848122297,38.0854552818275,22.5198125350284
91,91,738084.50152249,-0.12,0.155,22.5405065015706,37.5430930049976,36.0576125801555,33.1103906225437,-0.540706389730093,40.167766547108,45.4156234407288,9.52978005828299,48.7457146387193,9.60336649833198,27.9429813976435,38.102144809807,23.6479952822289
92,92,738084.501522589,-0.12,0.17,22.5940780799618,40.0539763276235,36.0831403943452,32.8208362624378,-0.513597052535052,40.1836381667867,46.5309768393167,9.54759721066448,49.8643571652428,9.62130454965726,29.0651370823689,38.1144168819925,24.7679312875767
93,93,738084.501522689,-0.12,0.185,22.6398531015598,42.5463743664858,36.1107960090528,32.5136381738356,-0.489013612631994,40.1949883692353,47.635229275296,9.56139712837711,50.9718103105501,9.63521036006924,30.1764210672006,38.1222050658109,25.8770956821826
94,94,738084.501522827,-0.12,0.2,22.6777197371815,45.0151115911618,36.1406281941131,32.1895387548691,-0.46666715526575,40.2017707583989,48.7259130566838,9.57113121113374,52.0655986740299,9.64503503633872,31.2743515836136,38.1254711703927,26.9730120272974
95,95,738084.50152293,-0.12,0.215,22.7076164758474,47.4551496398559,36.1726797661027,31.8493993487056,-0.446305759522182,40.2039681221493,49.8006382067203,9.57677678927026,53.1433251647079,9.65075571438582,32.3565231435116,38.1242059228578,28.0532794995836
96,96,738084.50152303,-0.12,0.23,22.7295327279425,49.8616402621722,36.2069870234204,31.4941897222639,-0.427709853179322,40.2015926858205,50.8571183714714,9.57833742524842,54.2026969885523,9.65237586302632,33.4206326100809,38.1184291341311,29.1155989090182
97,97,738084.50152313,-0.12,0.245,22.7435085185704,52.2299747541693,36.2435792481324,31.1249754944437,-0.41068794429214,40.1946858428129,51.8931948715002,9.5758427493828,55.2415497677435,9.64992512014005,34.4645034351656,38.1081893482423,30.157796896202
98,98,738084.501523251,-0.12,0.26,22.7496332869176,54.5558287013473,36.2824782875022,30.7429038690982,-0.395072810009989,40.1833173720758,52.9068583116505,9.56934783667517,56.257869204281,9.64345866812883,35.4861074724005,38.0935629869179,31.1778477192833
99,99,738084.50152336,-0.12,0.275,22.7480438394812,56.8352010182765,36.323698229541,30.3491880840629,-0.38071815470018,40.1675841698442,53.8962672532062,9.55893214737288,57.2498097910573,9.63305617136744,36.4835838651021,38.074653018534,32.1738921299176
100,100,738084.501523501,-0.12,0.29,22.7389215298033,59.0644464946497,36.3672451814119,29.9450910243544,-0.367495713534478,40.147608538945,54.8597635629011,9.54469806825579,58.2157101843095,9.61882031275467,37.4552546178023,38.0515871960852,33.1442529471013
101,101,738084.501523642,-0.12,0.305,22.7224887644425,61.2403012971711,36.4131171597796,29.5319084614031,-0.355292761009597,40.1235360926575,55.7958841770273,9.52676910396082,59.1541049755634,9.60087497886886,38.3996365839585,38.0245159219906,34.087447060865
102,102,738084.501523759,-0.12,0.32,22.6990049499006,63.359901136477,36.4613040962208,29.1109523761072,-0.344009977531162,40.0955333405729,56.7033691485014,9.50528777733571,60.0637327314676,9.57936315290631,39.3154497322594,37.9936098076644,35.0021937273026
103,103,738084.501523867,-0.12,0.335,22.6687620105331,65.4207920594953,36.5117879592458,28.683534789272,-0.333559627367354,40.0637850309916,57.5811659732185,9.48041330436372,60.9435402987586,9.55444458122074,40.2016216828099,37.9590570023381,35.8874191448176
104,104,738084.501523968,-0.12,0.35,22.632079609202,67.4209340633122,36.5645429913038,28.2509524784794,-0.323864004214148,40.0284913278306,58.4284303123448,9.45231911260108,61.7926834923543,9.52629328264383,41.0572886253669,37.9210603687036,36.7422574221735
105,105,738084.501524112,-0.1,0.05,25.2738390132344,19.3647080732712,34.4153856095032,35.948734555949,0.653786069339813,41.4275258278248,37.2706314902898,10.7927947062363,40.5677004643532,10.8701334297938,19.7528848363394,39.3929027232898,15.4785737127706
106,106,738084.501524243,-0.1,0.065,25.4000834822235,21.8704205938561,34.2587764965691,35.9612872782536,0.710867017504047,41.4823410952385,38.3980792318741,10.8461990264656,41.6987740160795,10.9237835262177,20.8852472577708,39.4441046643538,16.608207099175
107,107,738084.501524343,-0.1,0.08,25.5186824237111,24.3937994257539,34.0829482671633,35.9755430744472,0.762864869884296,41.5327573849772,39.5318933837566,10.8956433623451,42.8361927727358,10.9734598306792,22.0242623690705,39.4908841816189,17.7445424176247
108,108,738084.501524443,-0.1,0.095,25.6291350162491,26.9301442692655,33.8877189580859,35.9915762019159,0.810146288717367,41.5785120035199,40.6697736994022,10.9408828108442,43.9776475072552,11.0189164533936,23.1676282656003,39.5329860749243,18.8852856045739
109,109,738084.501524547,-0.1,0.11,25.7309737772515,29.4745257297065,33.6730316786387,36.0094594076293,0.85310572329728,41.6193617715394,41.8093157950431,10.9816898027109,45.1207247247117,11.0599248966612,24.3129371070182,39.5701750218789,20.0280365828865
110,110,738084.501524646,-0.1,0.125,25.8237713038021,32.021827407708,36.0292632944301,33.4389613779466,-0.678657134635314,41.6550867018857,42.9480323910045,11.0178574942752,46.2629279990019,11.0962774599509,25.4576963054558,39.6022391863109,21.1703103590992
111,111,738084.501524745,-0.1,0.14,25.9071466395198,34.5667932704138,36.0510556580188,33.1857194531486,-0.643168715125328,41.6854934615865,44.0833770922799,11.0492029715177,47.4017018544179,11.1277904566625,26.5993522825485,39.6289936018791,22.3095606877522
112,112,738084.501524844,-0.1,0.155,25.9807710848581,37.1040794072762,36.074900799872,32.913655941762,-0.610869126128776,41.7104185154059,45.2127702548822,11.0755701723903,48.534457736365,11.1543071481872,27.7353163442783,39.6502832298805,23.4432058540511
113,113,738084.501524942,-0.1,0.17,26.044373271811,39.6283090748523,36.100858831042,32.6232591102304,-0.581431520774687,41.7297308532243,46.3336263836799,11.0968324373254,49.6586015143917,11.1757003048484,28.862992120801,39.6659855953487,24.5686560244554
114,114,738084.501525041,-0.1,0.185,26.0977433430548,42.1341297630421,36.1289849813719,32.3151523416919,-0.554559866465716,41.743334213035,47.4433824253456,11.1128946062775,50.7715618784828,11.1918743117406,29.9798039352691,39.6760129153855,25.6833415316528
115,115,738084.50152514,-0.1,0.2,26.1407361000445,44.6162709002692,36.1593289265016,31.9900883217676,-0.52998838595203,41.7511687255246,48.5395262626978,11.1236945932569,51.8708189321369,11.2027667501454,31.0832254071276,39.6803136480118,26.7847414017362
116,116,738084.50152524,-0.1,0.215,26.1732730176706,47.0696007504854,36.1919341540223,31.648940623828,-0.507479850015773,41.7532119243422,49.6196246887138,11.1292043856508,52.9539322578532,11.2083494016002,32.1708075661706,39.6788734081181,27.8704114020476
117,117,738084.50152534,-0.1,0.23,26.1953430624927,49.4891810626443,36.2268373822446,31.2926928930251,-0.486823287643222,41.7494790874874,50.6813501426691,11.1294304349266,54.0185677350283,11.208628641061,33.2402057566871,39.671715218381,28.9380108908426
118,118,738084.501525438,-0.1,0.245,26.2070022918953,51.8703181003427,36.2640680485736,30.9224259207327,-0.467831473492542,41.7400228984896,51.7225055276915,11.1244134264117,55.0625224273938,11.2036452067872,34.2892046468392,39.6588990861478,29.9853277853735
119,119,738084.501525539,-0.1,0.26,26.2083722549954,54.2086088116874,36.3036478840595,30.5393029797673,-0.45033841198037,41.7249324399271,52.7410464968346,11.1142274376636,56.0837469254007,11.1934733564847,35.3157407254249,39.6405209209791,31.0103010315174
120,120,738084.501525638,-0.1,0.275,26.1996372579672,56.4999810838839,36.3455905855716,30.1445538479533,-0.434196942872369,41.704331555016,53.7351006896423,11.0989785161806,57.0803646243037,11.1782194405286,36.3179217624042,39.616710830353,32.011040051802
121,121,738084.501525739,-0.1,0.29,26.1810405948283,58.7407272549162,36.3899015987569,29.7394579867842,-0.419276533349923,41.6783766340803,54.7029835172792,11.0788027265799,58.050687535316,11.1580199426028,37.2940428253698,39.5876308517696,32.985840763948
122,122,738084.501525838,-0.1,0.305,26.1528798740189,60.9275303118578,36.4365780171039,29.3253273546031,-0.405461283059071,41.6472539006294,55.6432102245041,11.0538637340047,58.993228358014,11.1330390547097,38.2425985742308,39.5534721969326,33.9331978916653
123,123,738084.501525936,-0.1,0.32,26.1155016017156,63.0574824774475,36.4856086012902,28.9034893317814,-0.392648146246112,41.6111762855844,56.5545040932588,11.0243500033805,59.9067086791614,11.1034658665114,39.162291693145,39.5144520970836,34.8518134257112
124,124,738084.501526035,-0.1,0.335,26.0692951878927,65.1280961428995,36.5369739234844,28.4752701863486,-0.38074536242472,41.5703799874488,57.4358007876416,10.9904717029303,60.7900632986204,11.0695112576902,40.0520374540709,39.4708103472782,35.7406012282003
125,125,738084.501526139,-0.1,0.35,26.0146865652719,67.1373073703103,36.5906466268609,28.0419794872293,-0.369671078907748,41.5251208205494,58.2862489661176,10.952457404655,61.6424408095334,11.0314045864196,40.910964533134,39.4228056513845,36.5986878996723
126,126,738084.501526269,-0.08,0.05,28.5946913900221,18.8105115459313,34.1900939214049,35.9668353298256,0.581861539397711,42.9185931776746,37.0175483693298,12.2879178484276,40.3061826221005,12.3702414821913,19.4954262264331,40.8895074545582,15.2241722332739
127,127,738084.501526401,-0.08,0.065,28.7462903780834,21.3234553877589,34.0330318866875,35.9796218555401,0.638220239201538,42.9843142434266,38.1478174947602,12.3522168338343,41.4400333931636,12.4348217036323,20.6305778791374,40.9516371537066,16.356602149764
128,128,738084.501526503,-0.08,0.08,28.888402809546,23.8546727287116,33.856745255398,35.9941398776145,0.690247668311628,43.0447276710179,39.2847114654986,12.4116487777734,42.5804927654501,12.4945179469541,21.7726461441537,41.0084320138698,17.495996451396
129,129,738084.501526602,-0.08,0.095,29.0204048610726,26.39941746958,33.66104984979,36.0104653478985,0.738140055845279,43.0995121547754,40.4259075166654,12.465910452289,43.7252291731873,12.5490258007761,22.9193068544779,41.059578129835,18.6400388280535
130,130,738084.501526701,-0.08,0.11,29.1417140999186,28.9527070104185,33.4458877709434,36.0286726369588,0.782144728377644,43.1483700396982,41.5689753733355,12.5147200751376,44.871803382639,12.5980623724302,24.0681264886546,41.1047856357244,19.786303546143
131,131,738084.501526801,-0.08,0.125,29.2517979760789,31.5093650210041,33.2113343098221,36.0488338807584,0.822535850592505,43.1910318688196,42.7113988498993,12.5578215634237,46.0176901847132,12.6413705578502,25.2165837115701,41.1437931840882,20.9322768976464
132,132,738084.50152694,-0.08,0.14,29.3501818578033,34.0640696989191,32.9576026600962,36.0710182898038,0.859596532680967,43.2272606693491,43.8506000890873,12.5949885547383,47.1603027333378,12.6787230782116,26.3620935854607,41.1763721544037,22.0753813173832
133,133,738084.501527066,-0.08,0.155,29.4364563696268,36.6114066048104,36.095291439752,32.6850461619396,-0.677189901521406,43.2568558495911,44.9839659762956,12.6260280765577,48.2970190630383,12.709926163607,27.5020339893992,41.202330464453,23.21300170913
134,134,738084.501527201,-0.08,0.17,29.5102838095744,39.1459249435165,36.1217145509011,32.3941578876224,-0.645962648463227,43.2796565842982,46.1088761590632,12.6507837495334,49.4252102130513,12.7348227689822,28.6337736787886,41.2215158640455,24.3425134145319
135,135,738084.501527354,-0.08,0.185,29.5714034388857,41.6621959872445,36.1503437744212,32.0855674653635,-0.617266153385265,43.2955445778519,47.2227320150822,12.6691384208658,50.5422692986802,12.7532952180854,29.7547013286826,41.2338186026352,25.4613111712082
136,136,738084.501527494,-0.08,0.2,29.619635472158,44.1548722097906,36.1812295006694,31.7600351421451,-0.590867232439283,43.3044461122447,48.3229858513945,12.6810161399392,51.6456408097774,12.7652671872958,30.8622548428892,41.2391733801676,26.5668383443511
137,137,738084.501527615,-0.08,0.215,29.6548836368047,46.6187456344964,36.2144157068621,31.4184431880879,-0.566552230933263,43.3063333095086,49.4071695873202,12.6863834091985,52.7328493862295,12.7707049620179,31.9539501793747,41.2375605133124,27.6566156845938
138,138,738084.501527741,-0.08,0.23,29.6771362189001,49.0488039040021,36.249939362842,31.0617848495051,-0.544126813463331,43.3012245649006,50.4729221772232,12.6852496677801,53.8015273240234,12.769617922985,33.0274089448808,41.2290062759154,28.7282688669506
139,139,738084.501527903,-0.08,0.245,29.6864655672228,51.440282646903,36.2878299103177,30.6911511525304,-0.523415114063833,43.2891841362939,51.5180150670186,12.6776669923549,54.8494401036054,12.762058246866,34.0803840483955,41.2135824015372,29.7795541019457
140,140,738084.501528038,-0.08,0.26,29.6830260821778,53.7887128561292,36.3281088327033,30.3077159374362,-0.504258526145293,43.270320905233,52.5403750486586,12.6637290274842,55.8745093029832,12.7481198334686,35.1107827725106,41.1914047657322,30.8083811790006
141,141,738084.501528169,-0.08,0.275,29.6670507674036,56.0899621822891,36.3707893285157,29.912719566533,-0.486514320758316,43.2447863541344,53.5381039754455,12.6435691847808,56.8748323571161,12.7279364990083,36.1166867197651,41.1626312944841,31.812833399665
142,142,738084.501528299,-0.08,0.29,29.6388464726207,58.3402692853617,36.4158760999501,29.5074517849363,-0.470054216249242,43.2127718306282,54.5094949220257,12.617358174971,57.8486987467048,12.701679499714,37.0963682115997,41.1274591712458,32.7911839782578
143,143,738084.501528414,-0.08,0.305,29.5987879962391,60.5362706554115,36.4633652627883,29.0932342317172,-0.45476297619215,43.1745051924436,55.4530445085588,12.5853009579347,58.7946023356316,12.669554471196,38.0483028531748,41.0861214370819,33.7419086226459
144,144,738084.501528545,-0.08,0.32,29.5473112471215,62.675019588932,36.5132443844279,28.6714030793381,-0.440537080381959,43.130246943532,56.3674612507617,12.5476332122133,59.7112497191432,12.6317978854019,38.9711781197036,41.0388830951629,34.6636941497618
145,145,738084.501528671,-0.08,0.335,29.4849056843839,64.753997293284,36.5654926468584,28.2432922599992,-0.427283493904944,43.0802859835785,57.2516699379949,12.5046174363892,60.597564585738,12.5886731380011,39.8638979608542,40.9860368418726,35.5554431310038
146,146,738084.501528819,-0.08,0.35,29.412106271701,66.7711163429865,36.6200811333312,27.8102176766227,-0.414918542779949,43.0249350983952,58.104812172634,12.4565388000921,61.4526882272872,12.5404663843712,40.7255835515357,40.9278985516746,36.4162746941125
147,147,738084.501528982,-0.06,0.05,31.9171908319715,18.2257554833596,33.9326324671135,35.9878684912788,0.5188475385832,44.4071875531735,36.7495594495188,13.7814101491415,40.0296016659299,13.8687086891953,19.2234550305739,42.3837044951907,14.9554204871154
148,148,738084.501529118,-0.06,0.065,32.0943180440938,20.7426870339459,33.7749403766795,36.0009373361404,0.573772608340995,44.4838373934604,37.8810929178156,13.8566393598004,41.164665475085,13.9442545704884,20.3598374029485,42.4567906314064,16.0890940616894
149,149,738084.501529273,-0.06,0.08,32.2601130664286,23.2784496442937,36.0157649663251,33.5980897644601,-0.945729463244641,44.5542704972871,39.0194882357135,13.9260926223731,42.3065799814774,14.014004434634,21.5033779978329,42.5236291097424,17.2299719908053
150,150,738084.501529397,-0.06,0.095,32.4138276487816,25.8282686127204,36.0324288201187,33.4018973599626,-0.897992088930576,44.6181065344796,40.1624086706061,13.9894078547948,43.4529998792864,14.0775948185902,22.6517389205898,42.5838468736595,18.3757242132266
151,151,738084.501529551,-0.06,0.11,32.5547629981629,28.3871265649324,33.1863066671943,36.051004679823,0.71711741956298,44.6749929700379,41.3074071987065,14.0462485509256,44.6014693868482,14.1346879230169,23.802470103789,42.6370990737958,19.5239084349723
152,152,738084.50152972,-0.06,0.125,32.6822800552865,30.9498066605725,32.9513949392717,36.0715659923521,0.758178476096548,44.7246104918013,42.4519483401172,14.0963089092989,45.7494441720376,14.1849767602818,24.953031078853,42.6830744291468,20.6719918090722
153,153,738084.501529837,-0.06,0.14,32.7958092243871,33.5109414564684,32.6973779277904,36.0941831597631,0.796182955273119,44.7666781316868,43.5934327143509,14.1393186844768,46.8943160046373,14.228190024145,26.1008154994482,42.7215002719988,21.8173753648816
154,154,738084.501529958,-0.06,0.155,32.8948592697721,36.0650665026872,32.4246121331678,36.1189228065266,0.831337550942626,44.8009579265023,44.7292238445744,14.1750476160088,48.0334396618408,14.2640965355741,27.2431779477415,42.752147124048,22.9574207204584
155,155,738084.501530112,-0.06,0.17,32.9790251015658,38.6066775200581,32.133594361343,36.145847038928,0.863851006488272,44.8272589708834,45.8566766290075,14.2033092957269,49.1641615028511,14.2925091249035,28.3774624437189,42.7748326580254,24.0894785006769
156,156,738084.50153025,-0.06,0.185,33.0479942001129,41.130289825939,31.8249584832907,36.17501271247,0.893927740341476,44.8454407288792,46.9731668078786,14.2239643468933,50.2838490383466,14.3132878233676,29.5010319865861,42.7894249134909,25.210917792641
157,157,738084.501530408,-0.06,0.2,33.1015514675683,43.6304985411981,31.4994693974313,36.2064707238275,0.921763635143514,44.8554154917475,48.0761206907121,14.2369228081314,51.3899207568645,14.3263422565315,30.6112983923392,42.795844656746,26.3191559049359
158,158,738084.501530539,-0.06,0.215,33.1395823462673,46.1020380439507,31.1580143012067,36.2402653453247,0.947543472226279,44.8571498968283,49.1630443768163,14.2421456404165,52.4798754382528,14.3316331575785,31.7057516583733,42.7940668022562,27.4116876638434
159,159,738084.501530744,-0.06,0.23,33.162074101072,48.5398391349056,36.276433621189,30.8015914842188,-0.599356755659623,44.8506654544525,50.2315517046321,14.2396453053373,53.5513201873312,14.3291729484578,32.7819880875384,42.7841208451153,28.4861134808599
160,160,738084.501530892,-0.06,0.245,33.1691152326849,50.9390824512953,36.3150048410886,30.4312969508595,-0.577185047217713,44.8360380650334,51.2793902039655,14.2294853957781,54.6019964595645,14.3190253699498,33.8377364412981,42.7660902891963,29.5401654627145
161,161,738084.501531029,-0.06,0.26,33.1608930500887,53.295246805092,36.3560001093968,30.0483092622167,-0.556591285258035,44.8133965447282,52.3044643972161,14.2117793341203,55.6298034229648,14.3013041758063,34.8708814627612,42.740111091638,30.571730905676
162,162,738084.501531173,-0.06,0.275,33.1376895004721,55.6041513180226,36.3994320225178,29.6538730483232,-0.537441486499254,44.7829202131105,53.3048558971333,14.1866881861135,56.6328181024312,14.276170939257,35.8794842111335,42.7063691791164,31.5788726162475
163,163,738084.501531312,-0.06,0.29,33.0998754106315,57.8619904704886,36.445304466492,29.2492816796227,-0.519613457664488,44.744835628298,54.2788398732753,14.1544176687243,57.6093118778307,14.2438320504883,36.8617987733703,42.6650971229077,32.559845623958
164,164,738084.501531433,-0.06,0.305,33.0479033478976,60.0653614600585,36.4936125396215,28.8358596070816,-0.502996000815259,44.6994125819931,55.2248975991766,14.1152144559193,58.557763047554,14.2045350094129,37.8162850585377,42.6165700863747,33.513109991254
165,165,738084.50153153,-0.06,0.32,32.9822993373067,62.211283543717,36.5443426099639,28.4149448482609,-0.487488066440913,44.6469594877464,56.1417249388711,14.0693619061848,59.4768653164304,14.1585641379905,38.7416175272364,42.5611011787966,34.4373395717685
166,166,738084.501531636,-0.06,0.335,32.9036537152227,64.2972093395833,36.5974724995371,27.9878720961957,-0.472997900696281,44.5878183094009,57.0282367760705,14.0171753488023,60.3655322120785,14.1062358496088,39.6366898535894,42.499036362729,35.3314267130932
167,167,738084.50153178,-0.06,0.35,32.8126113873158,66.3210283195465,36.652971795821,27.5559568425688,-0.459442218754116,44.5223591830771,57.8835675243525,13.9589970722185,61.2228975691927,14.047893619404,40.5006156529939,42.4307490679088,36.1944830354602
168,168,738084.501531975,-0.04,0.05,35.2295335955128,17.6116665987942,33.6434276530398,36.0119463490787,0.463577206525374,45.8876320497484,36.4672622044248,15.2675975081799,39.7385841796996,15.3598415797569,18.9375940785419,43.8697971297152,14.6729330488771
169,169,738084.501532082,-0.04,0.065,35.4321142719315,20.1292688954427,36.0253485806173,33.484929965233,-1.05415696482801,45.975115458128,37.5984698463301,15.3536746913557,40.8732641537324,15.4462704463858,20.0736160039675,43.953749964703,15.8062647224946
170,170,738084.501532211,-0.04,0.08,35.6215301058491,22.6662033171087,36.0405355725396,33.3074121188735,-1.00410793443408,46.0554813985572,38.736751831923,15.4330739426516,42.015012493075,15.5259982071997,21.2170123044414,44.0305507625848,16.9470151040384
171,171,738084.501532308,-0.04,0.095,35.7969090654162,25.2176843779662,36.057586019794,33.1106949595111,-0.957079722838647,46.1282911268062,39.8797663281644,15.5053748130676,43.1614790639676,15.5986028372911,22.3654402034237,44.0997678939272,18.0928491872821
172,172,738084.501532419,-0.04,0.11,35.9574365513182,27.7786791214455,32.8947258684243,36.076576876445,0.65777344602629,46.1931377913666,41.0250590866121,15.5701865234154,44.3102011068173,15.6636920839932,23.5164425996231,44.1610020551997,19.241317590429
173,173,738084.501532563,-0.04,0.125,36.1023674435308,30.3439505058654,32.6595857150783,36.0975826569018,0.698951454471353,46.2496527317583,42.1700853856495,15.6271539610536,45.458625265026,15.720909485844,24.6674699416521,44.2138925028536,20.3898783394084
174,174,738084.501532669,-0.04,0.14,36.231037516998,32.9081065727664,32.4054935731051,36.120674707702,0.73737361851022,46.2975114258564,43.3122347518267,15.6759633548478,46.6041323998803,15.7699400686553,25.8159049136389,44.2581229262644,21.5359214598254
175,175,738084.501532802,-0.04,0.155,36.3428738875797,35.4656544646488,32.1328089278081,36.1459204560027,0.77318268133637,46.3364389065042,44.4488579849078,15.7163474576945,47.7440647139951,15.8105155474417,26.9590894593779,44.2934267811073,22.6767959074465
176,176,738084.501532965,-0.04,0.17,36.4374041601427,38.0110581341118,31.8420311782752,36.173382652076,0.806532510867808,46.3662144751366,45.5772958985102,15.7480900726987,48.8757545928731,15.8424188696411,28.0943535587932,44.3195919126513,23.8098382535297
177,177,738084.501533088,-0.04,0.185,36.5142639839868,40.5387983880412,31.5337963315876,36.2031186222605,0.837581432377197,46.3866755562659,46.6949090954547,15.7710297739338,49.9965544811226,15.8654879500418,29.2190450765807,44.3364643149288,24.9324024473875
178,178,738084.501533249,-0.04,0.2,36.5732027648645,43.043433781359,31.2088708903255,36.235179548625,0.866487286532002,46.3977205612295,47.7991080312429,15.7850626956372,51.103867044046,15.8796184707645,30.3305599357713,44.3439508965169,26.041889911388
179,179,738084.501533389,-0.04,0.215,36.614087343518,45.5196607992714,30.868143043308,36.2696097949314,0.893403923922627,46.3993106613556,48.8873825854619,15.7901442934836,52.1951748317571,15.8847656495835,31.4263718340687,44.3420211556613,27.1357791885419
180,180,738084.501533502,-0.04,0.23,36.6369035204272,47.962371764927,36.306446296624,30.5126113739766,-0.652317479797765,46.3914704082651,49.9573303630331,15.7862900169176,53.2680686651993,15.8809449153473,32.5040607216094,44.3307077050378,28.2116543632459
181,181,738084.501533659,-0.04,0.245,36.6417553826569,50.3667089820837,36.3457180343111,30.1433713996982,-0.628944589201402,46.3742871801793,51.0066829856542,15.7735748703746,54.3202740021469,15.8682314682116,33.561339295998,44.3101056275414,29.2672315126088
182,182,738084.501533757,-0.04,0.26,36.6288624712223,52.7281137614759,36.387445605038,29.7616003356077,-0.607142680109953,46.3479094754445,52.0333297067086,15.7521318813087,55.3496746146027,15.8467587426755,34.5960768425332,44.2803706866907,30.3003825173338
183,183,738084.501533854,-0.04,0.275,36.5985548988813,55.0423691795909,36.4316409078572,29.3685405383627,-0.586789661251842,46.3125441156095,53.035337786185,15.7221495319171,56.354333012646,15.8167158305066,35.6063198499669,44.2417164560022,31.3091556630308
184,184,738084.501533962,-0.04,0.29,36.5512666053288,57.3056356721133,36.4783069506527,28.9654821303721,-0.567772391588611,46.268452457735,54.0109691889503,15.6838682470353,57.3325071772076,15.7783439563432,36.5903089586068,44.1944104686948,32.291792588767
185,185,738084.501534084,-0.04,0.305,36.4875269847251,59.5144788295569,36.527437792637,28.5537452938083,-0.549986441357056,46.2159457472749,54.9586933123911,15.6375760608583,58.2826633073633,15.7319321291092,37.5464919401267,44.1387695202918,33.2467412816678
186,186,738084.501534191,-0.04,0.32,36.4079511821203,61.6658890850603,36.5790186170037,28.134662756515,-0.533335705521806,46.1553797671337,55.8771955989204,15.5836036084866,59.2034844378284,15.6778121157201,38.4735325580782,44.0751542804578,34.1726649655748
187,187,738084.501534344,-0.04,0.335,36.3132293651979,63.7572932407378,36.633025939347,27.7095629012252,-0.517731929089319,46.0871489544871,56.7653820364809,15.5223186037349,60.0938749304056,15.6163528991473,39.3703153062651,44.0039633859,35.0684468794752
188,188,738084.501534495,-0.04,0.35,36.2041153107653,65.786558086053,36.6894279439121,27.2797539260247,-0.503094187075639,46.0116801641894,57.6223796877359,15.4541199719271,60.9529609811742,15.5479547901625,40.2359461603901,43.9256271929529,35.9331910793984
189,189,738084.501534626,-0.02,0.05,38.5197913897392,16.9698088031268,36.0391688964739,33.3232973862658,-1.15583060915949,47.3542154784915,36.1714243518018,16.7407622764862,39.433929045692,16.8379030448259,18.6386323763223,45.3420534196295,14.377488785463
190,190,738084.501534729,-0.02,0.065,38.7474959108943,19.4847306991008,36.0529576898287,33.1638272532902,-1.10485993933322,47.4523169174832,37.3007021750522,16.8374849594176,40.5666150382617,16.9350116000664,19.7726893082927,45.4366625691526,15.5088794980091
191,191,738084.501534831,-0.02,0.08,38.9602337384506,22.019423340692,36.0685557205392,32.9855470468803,-1.05637571711285,47.5424174353989,38.4372396740944,16.9266435512853,41.706559934095,17.0245298442724,20.9143086067374,45.5232326917918,16.6478749681269
192,192,738084.501534929,-0.02,0.095,39.1570118486564,24.5691085736812,36.0860426868309,32.7882849135854,-1.01043639309079,47.6240215373605,39.5786989364221,17.0077607729464,42.8514178329064,17.1059787336693,22.0611516076212,45.6012752192718,17.792144200009
193,193,738084.501535031,-0.02,0.11,39.3369024236172,27.1287574530337,36.1054964534032,32.5719945561323,-0.967049418543572,47.6966696162397,40.7226282162519,17.0803930172289,43.9987287662872,17.1789130132179,23.2107638865651,45.670337922882,18.9392403957029
194,194,738084.501535131,-0.02,0.125,39.499056613962,29.6931335473856,32.3367620743382,36.1269923376921,0.64461560253404,47.7599450905364,41.8664838522552,17.1441371852662,45.1459406976819,17.2429280780112,24.360597105705,45.7300119898482,20.0866227118778
195,195,738084.501535235,-0.02,0.14,39.6427175889387,32.2568421011144,32.0828105781913,36.1506023641329,0.683032318706779,47.8134811479445,43.0076549990565,17.1986371576749,46.2904343433564,17.297666468257,25.50803370647,45.7799386949183,21.2316808600426
196,196,738084.501535334,-0.02,0.155,39.7672324827671,34.8143841261178,31.8105023027134,36.1763944985613,0.719087094165761,47.856966890215,44.1434906972351,17.24358970534,47.4295503371714,17.3428238018881,26.6504139761271,45.8198154640534,22.3717620803997
197,197,738084.501535437,-0.02,0.17,39.8720628650449,37.3602142560816,31.5203380297228,36.2044318788577,0.752886322285173,47.8901526832646,45.2713286922122,17.2787496521187,48.560618147308,17.3781539564169,27.785064900476,45.8494011358367,23.5041999041752
198,198,738084.501535535,-0.02,0.185,39.9567933946278,39.8888010094729,31.2129537172145,36.234772056647,0.784546615245548,47.9128545347299,46.3885253180366,17.3039341187823,49.6809860584725,17.4034733287295,28.9093301194974,45.8685202448478,24.6263440237804
199,199,738084.501535646,-0.02,0.2,40.0211383692763,42.3946879623218,30.8891143401085,36.267466270163,0.814189887035618,47.9249573489639,47.4924856948567,17.3190257036708,50.7880514657704,17.4186640277574,30.0206002341777,45.8770661793179,25.7355905214312
200,200,738084.501535745,-0.02,0.215,40.064945952371,44.8725542610473,30.5497050534747,36.3025587652396,0.841939549842148,47.9264169456092,48.5806934541048,17.3239744896838,51.8792906916555,17.423675889239,31.1163426765889,45.8750031017415,26.8294116706232
201,201,738084.501535868,-0.02,0.23,40.0881999380431,47.3172728972778,30.1957198955579,36.3400861854115,0.867917673384627,47.9172607705914,49.6507392066842,17.3187988077229,52.9522875387614,17.4185272424198,32.1941303552464,45.8623665638548,27.9053845243832
202,202,738084.501535972,-0.02,0.245,40.0910190044481,49.7239652408792,29.8282483440196,36.3800770474302,0.89224294478114,47.8975872752211,50.7003470074774,17.3035847312142,54.004759829646,17.4033044032279,33.2516683245625,45.8392627942469,28.9612175407243
203,203,738084.501536089,-0.02,0.26,40.0736534951042,52.088050464325,29.4484601202715,36.422551320636,0.915029272643615,47.8675639873371,51.7273981425279,17.2784843223195,55.0345832579014,17.3781599145981,34.286817799292,45.805866684904,29.9947745672391
204,204,738084.501536207,-0.02,0.275,40.0364798587686,54.4052886949481,29.0575886995217,36.4675201213142,0.936384895226879,47.8274243452313,52.7299516689194,17.2437126951154,56.0398119791575,17.3433095994477,35.2976169377485,45.7624185495333,31.0040956091825
205,205,738084.501536338,-0.02,0.29,39.9799929552978,56.6718169788399,36.5149855359685,28.6569140170858,-0.614384453540018,47.7774634076613,53.7062612651538,17.1995440017717,57.0186954987697,17.2990285327332,36.2822979449419,45.7092197687103,31.9874139321938
206,206,738084.501536446,-0.02,0.305,39.9047965019397,58.8841774237415,36.5649405791847,28.2477448751679,-0.595590458110245,47.7180325892783,54.6547880935574,17.1463064823528,57.9696915572642,17.2456460737077,37.2393001903898,45.6466274724835,32.9431691939173
207,207,738084.501536544,-0.02,0.32,39.8115919947334,61.0393371864663,36.6173692873252,27.8314015479328,-0.577940195363221,47.6495335984352,55.5742095271268,17.0843767455189,58.8914748659668,17.1835401262634,38.1672791864074,45.5750484382023,33.8700164493247
208,208,738084.501536653,-0.02,0.335,39.7011664614255,63.1347002655632,36.6722469489186,27.4091990372141,-0.561350695512409,47.5724117724332,56.463423742167,17.0141734650414,59.7829416947321,17.1131308129485,39.0651114221407,45.4949323989771,34.7668310236217
209,209,738084.501536758,-0.02,0.35,39.574379428933,65.1681113308744,36.7295404655559,26.9824313833658,-0.545745038087762,47.4871490135115,57.3215503170455,16.9361506852642,60.6432104530284,17.0348737564851,39.9318951882536,45.4067649659213,35.632709385932
210,210,738084.501536892,0,0.05,41.7761270747485,16.3020646281201,36.0696216714776,32.9734442975199,-1.19874548247458,48.8012985008802,35.8629747982175,18.1952492322802,39.1165978570874,18.2972186805991,18.3275155220322,46.7948127040158,14.0700214086007
211,211,738084.501536998,0,0.065,42.0283719895719,18.8109614581731,36.0838517873557,32.8128505935724,-1.14995862438835,48.9096836012072,36.9887250037007,18.3022959502974,40.245686563904,18.4046842404464,19.4580095032874,46.8997485653964,15.1978784804691
212,212,738084.501537118,0,0.08,42.2638967539566,21.3400003840636,36.0999139336991,32.6337267390004,-1.10321832634656,49.0092103921019,38.1218909246413,18.4009170426499,41.3821954000705,18.5036949983197,20.5962235152335,46.9957846225679,16.3334959076918
213,213,738084.501537221,0,0.095,42.4815922731086,23.8844286535604,36.1178885383877,32.4359112302705,-1.05861193981446,49.0993293315975,39.2601475726206,18.4905809769816,42.5237917373958,18.5937174782452,21.7398319792717,47.0823780459099,17.474555640316
214,214,738084.501537321,0,0.11,42.6804221228792,26.4392409498982,36.1378540977769,32.2193664078614,-1.01618353007546,49.1795306033562,40.4010554454903,18.5707937486845,43.6680281764239,18.6742558625695,22.8863928686564,47.1590261990564,18.6186231472371
215,215,738084.501537451,0,0.125,42.859437931053,28.9992223555063,36.1598864495756,31.9841851004542,-0.975939862172027,49.2493520418733,41.5420822891214,18.6411065072756,44.812364385495,18.7448596460456,24.0333693969949,47.2252745056524,19.7631690165198
216,216,738084.501537562,0,0.14,43.0177939673271,31.558997198181,31.7305950671322,36.1840580143417,0.632939505387126,49.3083866218059,42.6806276824439,18.7011227758499,45.9541917705386,18.8051308816036,25.1781545623013,47.2807238695893,20.9055934087127
217,217,738084.501537717,0,0.155,43.1547605045754,34.1130828593278,31.4589609708371,36.2104370209404,0.66891058423803,49.3562892842778,43.8140499745245,18.7505050455602,47.0908605026036,18.854730798904,26.3180980784743,47.3250374227239,22.043252897309
218,218,738084.50153786,0,0.17,43.2697355363423,36.655947387726,31.1697836969917,36.2390867275272,0.702837041600215,49.392782882171,44.9396949876679,18.7889805354224,48.2197083149881,18.8933855852489,27.4505351103119,47.357946383711,23.173489114892
219,219,738084.501537961,0,0.185,43.3622544667443,39.1820695707434,30.8636969204932,36.2700646585435,0.734799688484458,49.4176630466586,46.0549258056981,18.8163459267736,49.3380903867636,18.9208911374587,28.5728161320294,47.3792548321415,24.2936585273907
220,220,738084.50153806,0,0.2,43.4319974535771,41.6859999701706,30.5414609285054,36.3034218750462,0.764888368640919,49.4308018080539,47.157152898595,18.8324709108867,50.4434095613974,18.9371166226371,29.682337159982,47.3888432333568,25.4011625895737
221,221,738084.501538159,0,0.215,43.4787941570975,44.1624213560437,30.2039538118582,36.3392022960565,0.793198298646703,49.432149844195,48.2438637991823,18.8373004264094,51.5331461136058,18.9420067240385,30.7765695733543,47.3866705896154,26.493477497765
222,222,738084.501538286,0,0.23,43.5026257398101,46.6062069628558,29.8521602422229,36.377442092896,0.819827139470241,49.421737277038,49.3126515479293,18.8308555085549,52.6048862780839,18.9355824936729,31.8530887356546,47.3727751408721,27.5681827545682
223,223,738084.501538393,0,0.245,43.5036240590144,49.0124750627026,29.4871581464964,36.4181691722579,0.844872721651649,49.3996729901921,50.3612411591274,18.8132327217174,53.6563487911126,18.9179407832234,32.9096006657869,47.3472735904309,28.6229877958985
224,224,738084.501538498,0,0.26,43.4820680979314,51.3766384881035,29.1101036719283,36.4614027651817,0.868431332102695,49.3661424937939,51.3875134339084,18.7846021985757,54.6854087685755,18.8892522764201,33.9439660786878,47.3103588842854,29.655756001411
225,225,738084.501538601,0,0.275,43.4383777773463,53.6944479336059,28.7222148907534,36.5071531363355,0.890596468676818,49.3214044151338,52.38952554849,18.7452043586857,55.690118347264,18.8497581961234,34.9542212176717,47.2622966246963,30.6645255110263
226,226,738084.50153874,0,0.29,43.3731053789367,55.9620281133452,28.3247547269946,36.555421423866,0.91145797428334,49.2657857408284,53.3655279732043,18.6953454250911,56.6687236439177,18.7997658050897,35.93859502733,47.20342024558,31.6475263964351
227,227,738084.501538854,0,0.305,43.286924893416,58.1759061430142,27.9190136175351,36.6061996147973,0.931101472010085,49.1996759763729,54.313977421103,18.6353918961522,57.6196777302467,18.7396428581786,36.895522358963,47.1341251169191,32.6031938790841
228,228,738084.501538962,0,0.32,43.1806196553026,60.3330317912709,27.506292374838,36.6594706600247,0.949608034400125,49.1235204196509,55.2335456754735,18.565764159533,58.5416494731839,18.6698111936142,37.8236530512114,47.0548617756672,33.5301774363833
229,229,738084.501539078,0,0.335,43.0550686738365,62.4307895613492,27.0878857139624,36.7152087270952,0.967054030286908,49.0378127651256,56.1231242943781,18.4869294549893,59.4335282388878,18.5907396707052,38.7218568778561,46.9661285002829,34.4273457867303
230,230,738084.501539183,0,0.35,42.9112320756324,64.4670028260958,26.6650668300625,36.7733795831432,0.983511103454099,48.9430872645925,56.9818253292688,18.3993944017381,60.294424598358,18.5029366705649,39.5892244943424,46.8684634547269,35.2937878832819
231,231,738084.501539314,0.02,0.05,44.9870122215395,15.61060658693,36.1033737569335,32.595436059659,-1.23679436040205,50.2234201191331,35.5429894104032,19.6255721993532,38.7877000973641,19.7322837739684,18.0053310774962,48.2225924823825,13.7516050402161
232,232,738084.501539439,0.02,0.065,45.2629688626333,18.1101809797884,36.1181009524931,32.4335899302635,-1.190194849381,50.3416408763655,36.6636404434326,19.7425074210515,39.9116151876567,19.8496692116588,19.1306907301226,48.3374113707475,14.8743620799988
233,233,738084.501539576,0.02,0.08,45.520517188649,20.6301979992938,36.1346811043486,32.2535602454958,-1.14527900681691,50.4501804285389,37.7918324006036,19.8501885719147,41.0430807321578,19.957768565143,20.263896193503,48.4425043519299,16.0050030838753
234,234,738084.501539683,0.02,0.095,45.7584389842889,23.1659479785048,36.1531950808198,32.0551986548798,-1.10214838589088,50.5484388736041,38.9252620320087,19.9480334301211,42.1797862180897,20.0559975030626,21.4026437553591,48.5372779997269,17.1412316935137
235,235,738084.501539784,0.02,0.11,45.9755957596577,25.7124684859988,36.173721716147,31.8384782339854,-1.06086892202322,50.6358596636391,40.0615116421292,20.0355009585369,43.3193064088858,20.1438130223914,22.5445133264986,48.6211827224278,18.2806351491133
236,236,738084.50153992,0.02,0.125,46.1709456123487,28.2645866967184,36.1963370731833,31.6034998521361,-1.02147444773057,50.7119382453063,41.1980705675119,20.1120996516908,44.4591228937749,20.2207218255335,23.6869898438901,48.6937213481841,19.4207056068292
237,237,738084.501540025,0.02,0.14,46.3435592240614,30.8169676181522,31.3504963789763,36.2211136776249,0.586825437927278,50.7762302252183,42.3323594619366,20.1773954362386,45.596648452473,20.2862882493551,24.8274875133256,48.7544572245355,20.5588642931737
238,238,738084.501540127,0.02,0.155,46.4926345153353,33.3641672668443,36.2481197362604,31.0798344749233,-0.948340738216177,50.8283588128763,43.4617569255055,20.2310188865313,46.7292537698189,20.3401415068505,25.9633764312665,48.803021585839,21.6924880382141
239,239,738084.50154023,0.02,0.17,46.6175095002248,35.9006896586511,30.7920137857208,36.27741835611,0.656248840137755,50.868021303874,44.5836279003216,20.2726715260829,47.8542959210411,20.3819820114683,27.0920110107084,48.8391199527793,22.8189376146906
240,240,738084.501540336,0.02,0.185,46.7176729250174,38.4210462821654,30.4876634520077,36.3090667803686,0.688256542482122,50.8949943880382,45.695353161145,20.3021310065603,48.9691479538453,20.4115865749156,28.2107595402981,48.8625373505247,23.9355872147616
241,241,738084.501540469,0.02,0.2,46.7927723384802,40.9198165838952,30.1675359444315,36.3431156609327,0.718541138829987,50.9091381007253,46.7943591616002,20.3192549878211,50.0712288255402,20.4288123013511,29.3170341368467,48.8731421659179,25.0398543268109
242,242,738084.501540576,0.02,0.215,46.8426193238548,43.3917079148025,29.8324983386501,36.3796083862021,0.747172905211243,50.9103982791578,47.878147460676,20.3239835842503,51.1580329174897,20.433599042732,30.408320314117,48.8708885080156,26.1292292374084
243,243,738084.501540678,0.02,0.23,46.8671917211962,45.8316133808496,29.48352124455,36.4185804836637,0.774227196722604,50.8988074372675,48.9443229537655,20.316340292083,52.2271583488002,20.4259703296802,31.4822053889406,48.8558169879492,27.2013033813545
244,244,738084.50154078,0.02,0.245,46.8666327775887,48.2346661058791,29.1216656995844,36.4600591142128,0.799782183329779,50.8744840291868,49.990620168434,20.2964313667801,53.2763333472076,20.4060327468337,32.5364049804208,48.8280538907738,28.2537957971067
245,245,738084.501540881,0.02,0.26,46.841247271397,50.5962885469006,28.7480684070786,36.5040626762187,0.823917035386965,50.8376301298592,51.0149269555846,20.264443675659,54.3034400059213,20.373973777983,33.5687869274737,48.7878087701697,29.2845770138938
246,246,738084.501541013,0.02,0.275,46.7914947642352,52.9122356957439,28.3639257583753,36.5506005315156,0.846710506241452,50.7885276178866,52.0153050077144,20.2206411055399,55.3065348565559,20.3300582010242,34.5773920501707,48.7353705532733,30.2916897965757
247,247,738084.501541121,0.02,0.29,46.7179802392788,55.1786312541891,27.9704771234036,36.599672862483,0.868239855542112,50.7275329972771,52.9900067609685,20.165359654942,56.2838658137053,20.2746231627598,35.5604513049258,48.6711022941244,31.2733662983545
248,248,738084.501541227,0.02,0.305,46.6214424584229,57.3919961342573,27.568987889464,36.6512706688969,0.888580057495355,50.6550710383853,53.9374883788673,20.0990013826244,57.2338851883932,20.2080721059294,36.5163990246031,48.5954347574443,32.2280413119765
249,249,738084.501541331,0.02,0.32,46.5027404359849,59.5492689305646,27.1607327164627,36.7053759023977,0.907803242429203,50.5716274518379,54.8564186641183,20.022027416789,58.1552586165891,20.1308677535658,37.4438820833073,48.5088590475203,33.1543614582981
250,250,738084.501541436,0.02,0.335,46.3628384788064,61.6478183122566,26.7469794544323,36.7619617402355,0.925978325872113,50.477740831251,55.745683891974,19.9349502508398,59.0468698965338,20.0435243773458,38.3417649731347,48.4119185184813,34.051190298226
251,251,738084.501541534,0.02,0.35,46.2027902475907,63.6854475425551,26.3289741014209,36.8209929898268,0.943170785341512,50.373994110587,56.6043886961086,19.8383255616375,59.9078218665252,19.9465995867477,39.2091309184015,48.3052002118681,34.9176094919422
252,252,738084.501541687,0.04,0.05,48.1414372314457,14.8978594655421,36.1404760106406,32.1911734355089,-1.27068319248353,51.6153999177872,35.2126720955375,21.0265167047679,38.4484735933196,21.1378663113406,17.6732893984951,49.6201910588014,13.4234352866049
253,253,738084.501541796,0.04,0.065,48.4400476344097,17.3849009223147,36.1557563970439,32.0279739842235,-1.22621912952256,51.7429034138749,36.3266980445736,21.1527992940398,39.5656851667086,21.2646285505937,18.7919892510128,49.7443438817434,14.5395714442421
254,254,738084.501541901,0.04,0.08,48.7186426078693,19.8926125423652,36.1729086221277,31.846999887824,-1.18314140653089,51.8599451485951,37.4483583917521,21.2690403626462,40.690545665224,21.3813145655454,19.9186279059058,49.8579872458386,15.6636823024214
255,255,738084.501542027,0.04,0.095,48.9759036104181,22.4163447123572,36.1920136950692,31.6481184087582,-1.14155631616957,51.9658794319805,38.5753800861801,21.3746114548564,41.8207751742158,21.4872936410334,21.0509319425112,49.9604816823789,16.7935015877569
256,256,738084.501542133,0.04,0.11,49.210598376845,24.9511964138656,36.2131504847192,31.4313151544073,-1.10154140822767,52.0601072988681,39.7053764387883,21.4689287088597,42.9539798443215,21.581979811632,22.1865123841676,50.0512349373547,17.926647454311
257,257,738084.501542236,0.04,0.125,49.421599088228,27.4920567626102,36.2363949772178,31.1967000963206,-1.06314734955685,52.1420857751708,40.8358681943881,21.5514618373799,44.0876730297027,21.6648408744879,23.3228856953343,50.1297111862003,19.0606433981513
258,258,738084.501542345,0.04,0.14,49.6078996083467,30.0336523255187,36.2618195064561,30.9445114862094,-1.0264005033797,52.21133663267,41.964307370684,21.6217426248803,45.2192992009678,21.7354069170269,24.4574975773699,50.195439726308,20.1929419679551
259,259,738084.50154245,0.04,0.155,49.7686312757693,32.5705993328171,36.2894919713761,30.6751174257788,-0.991305941540719,52.267454368101,43.0881034118917,21.6793726857862,46.3462601789659,21.7932781030355,25.5877491137966,50.2480228840613,21.3209508245739
260,260,738084.501542551,0.04,0.17,49.9030767597484,35.0974596769934,30.3890149222412,36.3194750567561,0.612945687650249,52.3101131530605,44.2046510930355,21.7240302381389,47.4659431237262,21.8381314706581,26.711024703253,50.2871428843009,22.4420605900072
261,261,738084.501542674,0.04,0.185,50.0106815346872,37.6087993987853,30.0868263477812,36.3518254740889,0.644789675598382,52.339072524829,45.3113595184198,21.7554756694871,48.5757496200088,21.8697265182989,27.8247211245365,50.3125674541014,23.5536738325175
262,262,738084.501542784,0.04,0.2,50.0910625937215,40.0992482208749,29.7692933182676,36.3865932416317,0.675062202985368,52.3541816240093,46.4056814908918,21.7735557060458,49.6731251338474,21.8879093887933,28.9262770099337,50.324153968835,24.6532344663186
263,263,738084.501542884,0.04,0.215,50.1440141118608,42.5635586119791,29.4372681043666,36.4238210233646,0.703812283617081,52.3553818314679,47.4851424927528,21.7782060408689,50.7555880786544,21.8926155070667,30.0132019659076,50.3218519953457,25.7382568070408
264,264,738084.501542986,0.04,0.23,50.1695098775833,44.9966628565506,29.0917027929993,36.4635435430653,0.731095658921937,52.342707712114,48.5473685179415,21.7694523297099,51.8207577282245,21.883870579645,31.0831045776488,50.3057041422192,26.8063535212899
265,265,738084.501543091,0.04,0.245,50.1677024150005,47.3937266600507,28.7336364843507,36.5057870972693,0.75697270254807,52.3162862334311,49.5901120292835,21.7474095214404,52.8663802483142,21.8617899227567,32.1337185669431,50.2758451875132,27.8552617412571
266,266,738084.501543197,0.04,0.26,50.1389188566549,49.7501979560726,28.3641809126832,36.5505691751122,0.781506658948199,52.2763342889268,50.6112753827039,21.7122795499769,53.8903521867701,21.826576146094,33.1629264399184,50.2324995165007,28.8828666819895
267,267,738084.501543304,0.04,0.275,50.0836537268703,52.0618497675199,36.5978982035643,27.9845049123371,-0.766034131546892,52.2231546170467,51.6089311581457,21.6643474730574,54.8907408603932,21.7785152778719,34.1687800583005,50.1759769621214,29.8872221955546
268,268,738084.501543409,0.04,0.29,50.0025589025334,54.3248162098399,27.5958181846312,36.6477734254272,0.826804236381651,52.1571302611447,52.5813389585273,21.6039761965104,55.8658011986546,21.7179714703545,35.1495176889381,50.106667195568,30.866567816927
269,269,738084.501543511,0.04,0.305,49.8964311179275,56.5356209891137,36.7001849151313,27.1993548398437,-0.723099276150295,52.0787177626988,53.5269583755376,21.5315999679504,56.8139887423403,21.6453804704148,36.1035772236719,50.0250328606826,31.8193419933151
270,270,738084.501543639,0.04,0.32,49.7661974359565,58.6911980461219,26.7963571675758,36.755113735399,0.867503548636952,51.9884393158222,54.4444579660553,21.4477168587215,57.7339686405625,21.5612420747756,37.0296054067695,49.9316016812331,32.7441913333104
271,271,738084.50154375,0.04,0.335,49.6128991619409,60.7889042662422,36.8125322292499,26.3880600554846,-0.68451156414464,51.8868741347507,55.332720226773,21.3528804761538,58.6246206338741,21.4661118128315,37.9264630513737,49.8269577933501,33.6399758561285
272,272,738084.501543855,0.04,0.35,49.4376746942326,62.8265244552413,36.8724044435594,25.9756764254909,-0.666696852149759,51.7746492969098,56.1908426893888,21.247691159064,59.4850401463506,21.3605921109148,38.7932263618955,49.7117325658261,34.5057703563406
273,273,738084.501544007,0.06,0.05,51.229105034649,14.1664550857026,36.1809596090045,31.7628474792714,-1.3010069627243,52.9724316312909,34.8733319617904,22.3932342351219,38.1002610400038,22.5091015546512,17.3327007071047,50.9827815047195,13.0868065946229
274,274,738084.50154411,0.06,0.065,51.5491044449118,16.6378770142313,36.1968489721956,31.5982262653002,-1.25859372982454,53.1085718952733,35.9792706504038,22.528229076025,39.2093037526663,22.644603236231,18.4432792087503,51.1156255910613,14.1948645130404
275,275,738084.501544214,0.06,0.08,51.8475765774412,19.1301228793836,36.2146268516245,31.41629621827,-1.21732399840812,53.2335192446164,37.092905220547,22.6524430855605,40.326061705549,22.7692868640637,19.5618564770924,51.2372263079379,15.3109547790771
276,276,738084.501544311,0.06,0.095,52.1231129429412,21.638619076921,36.2343740907529,31.2169422503275,-1.17730297677177,53.3465875243177,38.2120007760838,22.7652067899805,41.4482935531506,22.8824805735911,20.6861973032808,51.3469034532824,16.4328490963071
277,277,738084.501544444,0.06,0.11,52.3743972925504,24.1585434602448,36.2561692862758,31.000163931062,-1.13861295741355,53.4471403737386,39.3342103006059,22.8658984270683,42.5736455172529,22.9835603787167,21.8139524638689,51.4440271155283,17.5582051446263
278,278,738084.501544551,0.06,0.125,52.6002248936391,26.6848658288996,36.2800880444258,30.7660810983478,-1.10131411802488,53.5346010151471,40.4570952115583,22.9539534591274,43.6996720013456,23.0719597187364,22.942679200675,51.5280274143186,18.6845869811378
279,279,738084.501544674,0.06,0.14,52.7995208108501,29.2123940695767,36.3062022119083,30.5149374372645,-1.06544598004465,53.6084614977963,41.5781486175959,23.0288735688779,44.8238589159999,23.1471784863402,24.0698644349688,51.5984036860849,19.809488172757
280,280,738084.501544783,0.06,0.155,52.9713566541634,31.7358250948815,36.3345790974574,30.2471018007625,-1.03102933353862,53.6682911200815,42.6948208411083,23.0902348691485,45.9436492758934,23.2087912665802,25.1929502810508,51.6547328379102,20.9303572275802
281,281,738084.501544898,0.06,0.17,53.1149652762768,34.2497995093934,36.3652806995962,29.9630671162495,-0.998068445303677,53.713743763866,43.8045466598108,23.1376950679702,47.05647052071,23.2564545275183,26.3093613152012,51.6966766050587,22.0446247831523
282,282,738084.501545019,0.06,0.185,53.2297529499727,36.7489587432791,29.6634468056051,36.3983629572428,0.604242936368076,53.7445638998524,44.9047736312937,23.1709993543977,48.1597629219781,23.2899125270215,27.4165329648214,51.7239874727025,23.1497319186362
283,283,738084.501545134,0.06,0.2,53.3153086258676,39.2280032595956,29.3489687372969,36.4338750431182,0.634333949257571,53.7605910605226,45.9929907993374,23.1899848064753,49.251008372577,23.3090017364107,28.5119403161667,51.7365130603435,24.2431588914505
284,284,738084.501545245,0.06,0.215,53.3714099689925,41.6817503660619,29.0204668315271,36.4718587157578,0.663032356467226,53.761762626002,47.0667570455412,23.1945831697884,50.3277588202993,23.3136536288856,29.593126602515,51.7341988165135,25.3224535622264
285,285,738084.501545348,0.06,0.23,53.3980259696427,44.1051901413319,28.6788705066551,36.512347755894,0.690377188132882,53.7481148258243,48.1237283478185,23.1848219106501,51.3876636048638,23.3038957364167,30.657730631274,51.7170889290758,26.3852587683545
286,286,738084.501545451,0.06,0.245,53.3953160696692,46.4935380608773,28.3251922834604,36.5553674944256,0.716413227528118,53.7197819228041,49.1616832395042,23.1608235091057,52.4284949900845,23.2798509401937,31.7035124396101,51.685325419749,27.4293379371365
287,287,738084.501545561,0.06,0.26,53.3636258380632,48.8422830059573,27.9605138766742,36.6009344549479,0.741189399236817,53.676993610373,50.1785458277286,23.1228030199843,53.4481712479632,23.2417350229484,32.7283765320028,51.6391454564994,28.4525982929828
288,288,738084.501545686,0.06,0.275,53.3034793813449,51.1472295447732,27.585971207306,36.6490561204355,0.76475738813079,53.6200707179588,51.1724058234782,23.0710639915663,54.4447767455612,23.1898525730696,33.7303921462317,51.5788769805373,29.4531111057487
289,289,738084.50154581,0.06,0.29,53.2155687639317,53.4045335771106,36.6997308313118,27.2027387584429,-0.783625846435321,53.5494193766819,52.1415351525541,23.0059928874662,55.4165786026435,23.124591386623,34.7078101105749,51.5049328020293,30.4291285431183
290,290,738084.501545968,0.06,0.305,53.1007408166367,55.6107307150256,36.7529478233897,26.8120137320118,-0.762313717971402,53.4655238465401,53.0844008490918,22.9280522049205,56.3620396208911,23.0464155611796,35.6590759873019,51.4178033671953,31.3790968217863
291,291,738084.501546075,0.06,0.32,52.9599817833349,57.7627570299378,36.8086874025056,26.4150004361926,-0.742048743841574,53.3689382439861,53.999674073212,22.8377725195536,57.2798273258533,22.9558575123407,36.5828393376128,51.3180484367919,32.3016654918447
292,292,738084.501546181,0.06,0.335,52.7944003022135,59.8579620841197,36.8669212562524,26.0128953048523,-0.722777846996817,53.2602774338101,54.8862352335866,22.7357437112427,58.1688191024105,22.8535091684947,37.4779590827828,51.2062879405422,33.19569282803
293,293,738084.501546286,0.06,0.35,52.6052092469951,61.8941144117665,36.9276128910163,25.6068729008101,-0.704449152249924,53.1402073609525,55.7431753264631,22.6226056374155,59.0281035356421,22.7400126111067,38.3435050677152,51.083192283361,34.0602474326204
294,294,738084.501546434,0.08,0.05,54.2406003939705,13.4191815285914,36.2248349762735,31.3128879930231,-1.32826522543153,54.2901641325041,34.5263575635137,23.7213241544301,37.7444836294326,23.8415742341907,16.9849494130103,52.3059930184409,12.7430868842078
295,295,738084.501546533,0.08,0.065,54.5805452664316,15.8720545679699,36.2413880855985,31.1468120984919,-1.2878005828712,54.4342165716735,35.6228267574503,23.8643163803054,38.8439729109283,23.9850979951692,18.0860250616797,52.4468065328476,13.8416887780462
296,296,738084.50154667,0.08,0.08,54.8975586143332,18.3458321624578,36.2598440400796,30.9639437929472,-1.24828124559133,54.5664004564286,36.7270217005118,23.9958428121105,39.9512119249456,24.1171164138067,19.1951268228367,52.5756985397988,14.9483480079694
297,297,738084.501546772,0.08,0.095,55.1901536449402,20.8360314001444,36.2802832112893,30.7641871940773,-1.20980795136199,54.6859950778947,37.8367529715901,24.1151987743675,41.0640052237608,24.2369223128798,20.310064985105,52.6919540056348,16.0608815162298
298,298,738084.501546877,0.08,0.11,55.4569411129998,23.3379251006437,36.3027836193494,30.5475568528384,-1.17246329968117,54.7923322529275,38.949721210949,24.2217300912842,42.1800470952597,24.3438591916896,21.4285380371297,52.7949109215489,17.1769944429304
299,299,738084.50154698,0.08,0.125,55.6966494792768,25.8465810574263,36.3274201917429,30.3141829079858,-1.13631190507368,54.8848065213384,40.0635370557838,24.3148430204884,43.2969415528453,24.4373311950671,22.5481525304933,52.8839704567095,18.294299913939
300,300,738084.501547094,0.08,0.14,55.9081440206323,28.3569067630523,36.3542640001349,30.0643142937379,-1.1014011093832,54.9628847694825,41.1757436941724,24.3940136396892,44.4122249514209,24.5168125333538,23.6664455913147,52.9586065272503,19.4103414749143
301,301,738084.501547194,0.08,0.155,56.0904443340077,30.8636987978018,36.3833814908445,29.7983197911727,-1.06776213081338,55.0261149936178,42.2838416164922,24.4587964075708,45.5233908074296,24.581856073646,24.7809096626341,53.0183744953247,20.5226177554247
302,302,738084.501547339,0.08,0.17,56.2427396980131,33.3616958539171,36.4148337248542,29.5166867816501,-1.03541152287483,55.0741339286139,43.3853150397543,24.5088316316275,46.6279162969168,24.6321008340843,25.8890189550445,53.0629187249518,21.6286088426306
303,303,738084.501547457,0.08,0.185,56.3644018080047,35.845634188406,36.4486756424113,29.2200176426527,-1.00435282359384,55.1066732933752,44.477659393924,24.5438516004183,47.7232898190499,24.6672781377775,26.9882569955638,53.0919787475854,22.7258037565822
304,304,738084.50154756,0.08,0.2,56.4549944677423,38.3103041643075,28.9090238043077,36.4849553745359,0.596218036275592,55.1235644432636,45.558409196564,24.5636851751063,48.8070389494826,24.6872162205267,28.0761446006844,53.1053938295181,23.8117283551179
305,305,738084.50154767,0.08,0.215,56.5142799266119,40.7506064650525,28.584517585617,36.5237136167069,0.624725692393948,55.1247412701583,46.6251656078476,24.5682606838467,49.8767580736482,24.691843135341,29.1502675640136,53.1031057838765,24.8839729606835
306,306,738084.501547791,0.08,0.23,56.5422216547732,43.1616065602108,28.2474020072019,36.564983083906,0.651991639487298,55.1102412501019,47.6756229552957,24.5576070199475,50.930134987288,24.6811878543425,30.2083033449627,53.0851599293997,25.9402189971836
307,307,738084.501547897,0.08,0.245,56.5389834824973,45.5385860382509,27.8986588556177,36.608788063341,0.678047370309452,55.0802046035649,48.7075935475687,24.5318529078191,51.9649757815827,24.6553795319515,31.2480460737434,53.0517041633437,26.9782639535352
308,308,738084.501548006,0.08,0.26,56.5049251523418,47.8770895549353,27.5393353437451,36.655144079606,0.702929290664241,55.0348716003526,49.7190301577614,24.4912243657579,52.9792273915355,24.6146449585162,32.2674292481236,53.0029861827688,27.996044050342
309,309,738084.50154811,0.08,0.275,56.4405944598914,50.1729663033325,27.1705297535499,36.7040576845674,0.726677465879008,54.9745781062654,50.7080456454651,24.43604045789,53.9709972753105,24.5593042970517,33.2645455854532,52.9393489534269,28.9916540738087
310,310,738084.501548214,0.08,0.29,56.3467162742824,52.4224051267238,26.7933764757204,36.7555263772233,0.749334530195793,54.8997495280654,51.6729292978298,24.3667074854511,54.9385698034839,24.4897652538187,34.2376636039908,52.8612245846251,29.9633639510762
311,311,738084.50154832,0.08,0.305,56.2241788247923,54.6219626532647,36.8095386616851,26.4090308730047,-0.799851572271491,54.810893363758,52.6121595959709,24.2837118168523,55.8804190636812,24.4065158829041,35.1852406335227,52.7691268185942,30.9096317666858
312,312,738084.501548437,0.08,0.32,56.074017719978,56.7685840791608,36.8660742415888,26.018654373904,-0.779243062602609,54.7085906043134,53.5244132467599,24.1876115942057,56.7952179200803,24.3101162633323,36.1059320890464,52.6636423816193,31.8291130533088
313,313,738084.501548553,0.08,0.335,55.8973982069684,58.8596165040758,36.9251043456614,25.6234001756623,-0.7595909336615,54.5934862589885,54.4085704533089,24.0790275796438,57.6818433009649,24.2011893129904,36.9985969750068,52.5454214698,32.7206663231771
314,314,738084.50154866,0.08,0.35,55.6955962200599,60.8928149573314,36.9865921771839,25.2243998885848,-0.740850165640993,54.4662792888941,55.2637165231681,23.9586334172311,58.5393778135718,24.0804110161384,37.862299713877,52.4151676544188,33.5833549327607
315,315,738084.501548798,0.1,0.05,57.1675284312497,12.6589290841445,30.8439058399562,36.272091163351,0.217919268536472,55.5647667470978,34.1731893900169,25.006900143083,37.38261296775,25.1313852071823,16.6314668353615,53.5859765710748,12.3936905948536
316,316,738084.501548904,0.1,0.065,57.5258285455917,15.0905097789614,36.2893610879509,30.6763793724684,-1.31425096089043,55.7159444444156,35.2589006522925,25.1571112735715,38.4712588623833,25.2821498741024,17.7217519566682,53.7339748099592,13.4815519950875
317,317,738084.501549002,0.1,0.08,57.8599106837492,17.5430043895773,36.3085457185796,30.4926205617544,-1.27640825202924,55.8546384867215,36.3523368767851,25.2952311347184,39.5676580836008,25.4207816078459,18.8200589284235,53.8694342175549,14.5774640936071
318,318,738084.501549108,0.1,0.095,58.1682223032271,20.0120338981303,36.3297246547411,30.292553773721,-1.23944339906174,55.980099930085,37.4513606961369,25.4205260873029,40.6696676619105,25.5465441782524,19.9242500829348,53.9916112422332,15.6792955981757
319,319,738084.501549254,0.1,0.11,58.4493130031654,22.4929805797707,36.3529750438601,30.0762091248388,-1.20343656908788,56.0916347196831,38.5537275880059,25.5323154197769,41.7750371363974,25.6587544682598,21.0320787779017,54.0998177204127,16.7848062460913
320,320,738084.501549362,0.1,0.125,58.7018553299749,24.9810258300777,36.3783708468666,29.8437271475486,-1.16845340753197,56.1886141763374,39.657105104779,25.6299815850108,42.8814278329056,25.7567927468486,22.141208555967,54.1934313226915,17.8916658930016
321,321,738084.501549467,0.1,0.14,58.9246644886834,27.471193267025,36.4059820861032,29.5953616032558,-1.13454527208003,56.2704848845584,40.7590946185419,25.7129798641681,43.9864346650612,25.8401123670434,23.2492348488257,54.2719053912476,18.997476143796
322,322,738084.501549572,0.1,0.155,59.1167163933424,29.9583963298828,36.4358740887815,29.3314802564125,-1.10174984730709,56.3367776904785,41.8572551797969,25.7808471734916,45.0876100556797,25.9082486037673,24.353708827297,54.3347778775784,20.0997941286813
323,323,738084.501549674,0.1,0.17,59.2771635043375,32.4374893934684,36.4681067446509,29.0525634738734,-1.07009205552441,56.387115530844,42.9491289901344,25.8332097418782,46.1824894774858,25.960826358433,25.4521628994581,54.3816791027865,21.1961579284565
324,324,738084.501549782,0.1,0.185,59.4053479683893,34.9033212530861,28.75920061526,36.5027337896769,0.531211148001612,56.4212198406771,44.0322679070212,25.8697894125203,47.2686180297821,25.9975664827083,26.5421372758919,54.4123380894595,22.2841130699321
325,325,738084.501549886,0.1,0.2,59.5008116255641,37.3507896988621,28.4520842186994,36.5398021405443,0.5605642150506,56.43891532689,45.1042603391149,25.8904083602107,48.3435774077912,26.0182905122949,27.6212069600951,54.4265872541302,23.3612394514622
326,326,738084.501549993,0.1,0.215,59.563302576872,39.7748958408416,28.1320021187888,36.5793512915031,0.588769651884836,56.4401329462165,46.1627578574958,25.8949920653603,49.4050125881827,26.0229236512219,28.6870084878513,54.4243653006676,24.4251780241807
327,327,738084.501550093,0.1,0.23,59.5927780932307,42.1707968130419,27.7998276667514,36.621412794785,0.615841397255412,56.4249109859852,47.205500844991,25.8835704441363,50.4506575511005,26.0114959057268,29.7372657350103,54.4057182152519,25.4736565499466
328,328,738084.501550196,0.1,0.245,59.5894037918339,44.5338555508782,27.4565083275724,36.6660098389908,0.641799877638376,56.3933942120973,48.2303425332688,25.8562770980928,51.4783593864807,25.9841413309651,30.7698141394257,54.3707983294745,26.5045137830777
329,329,738084.501550328,0.1,0.26,59.5535491262632,46.8596864304031,27.1030529708645,36.7131569401904,0.666670812453202,56.3458311163996,49.2352708343161,25.8133467126634,52.4861001895608,25.9410954200548,31.7826227389357,54.3198614859403,27.5157214786923
330,330,738084.501550445,0.1,0.275,59.4857793710568,49.1441957155574,26.7405182198297,36.7628597548823,0.69048411850571,56.2825693615768,50.2184274561055,25.7551106981144,53.4720162338523,25.882690729382,32.7738135096495,54.2532624065012,28.5054037125275
331,331,738084.501550587,0.1,0.29,59.3868443873075,51.383615975345,26.3699942497578,36.8151150226165,0.713272924941805,56.2040495819196,51.1781238964764,25.6819912253086,54.4344140143107,25.8093508930944,33.7416775926533,54.1714484233058,29.4718531005197
332,332,738084.501550692,0.1,0.305,59.2576645696635,53.5745338465117,36.8699106441021,25.9925904314945,-0.835723621888974,56.1107977496549,52.112854028133,25.5944938588326,55.3717828726769,25.7215832300492,34.684688115922,54.0749517838361,30.4135436247075
333,333,738084.501550792,0.1,0.32,59.0993144392867,55.7139107771858,36.9272258907117,25.6094212028322,-0.81487580446897,56.003416356398,53.0213031139741,25.4931990290964,56.2828040435663,25.619970185702,35.6015094446569,53.9643807806724,31.329139898117
334,334,738084.501550925,0.1,0.335,58.9130044073793,57.7990966357107,36.9870317452662,25.2215925204253,-0.794941937702776,55.8825746861056,53.9023532183805,25.3787526114602,57.1663560866862,25.5051598779426,36.4910028200439,53.8404099831383,32.217502827705
335,335,738084.501551033,0.1,0.35,58.700061260627,59.8278362974326,37.0492913596031,24.8301892033279,-0.775883601606704,55.7489984690502,54.7550850997258,25.251855893544,58.0215167905028,25.3778560290307,37.35222846663,53.7037698607236,33.0776917544024
336,336,738084.501551189,0.12,0.05,60.0026180091519,11.8886353028869,36.3226957112825,30.358631992158,-1.37519441170429,56.7929768145306,33.8152918195044,26.2466390232851,37.0161425246933,26.3752004406035,16.2737035305233,54.8194527473004,12.0400513371681
337,337,738084.501551332,0.12,0.065,60.3775711560005,14.2963894526093,36.3407331693138,30.1896960014509,-1.338295241513,56.950447911694,34.8890616820416,26.403244233676,38.092760828102,26.5323783582697,17.3520153804696,54.9738055342291,13.1159921745306
338,338,738084.501551434,0.12,0.08,60.7271455488563,16.7249986688261,36.3606946354925,30.0051239679923,-1.30204690794228,57.0948846456296,35.9705265460035,26.5471961657498,39.1771066035168,26.6768594418627,18.4383147545443,55.1150668438491,14.1999470105162
339,339,738084.50155155,0.12,0.095,61.0497359844922,19.1701993942914,36.3826586490934,29.8048610279422,-1.26653681254909,57.2255163758542,37.057606856579,26.6777386895524,40.2670951141092,26.8078849036772,19.530521758131,55.2424711437883,15.289842033088
340,340,738084.50155165,0.12,0.11,61.3438432424946,21.6274960654915,36.4067012029356,29.5889530122232,-1.23184110177671,57.3416293245059,38.1481192161723,26.7941706477137,41.3605374357653,26.9247511212151,20.6264508837906,55.3553102600405,16.3834978272328
341,341,738084.501551772,0.12,0.125,61.6080952976471,24.0921973845092,36.4328950209586,29.3575506025869,-1.19802424609481,57.4425772315051,39.2397948355667,26.8958562758007,42.4551589510447,27.0268200942319,21.7238293955051,55.4529439953273,17.4786476929483
342,342,738084.501551884,0.12,0.14,61.8412674054485,26.5594576277241,36.4613088198162,29.110911744649,-1.16513898026192,57.5277913910196,40.3303003820663,26.9822350285236,43.5486202475226,27.1135293054936,22.8203181380511,55.5348101188532,18.5729583859636
343,343,738084.501551983,0.12,0.155,62.042300478991,29.0243222538457,36.4920065731587,28.8494021338265,-1.13322656189329,57.5967897767084,41.4172608443315,27.0528305261548,44.6385400394502,27.1844006986013,23.9135343939661,55.6004334355076,19.6640529052456
344,344,738084.501552102,0.12,0.17,62.2103172200109,31.4817768864134,36.5250467885894,28.5734936789502,-1.10231729354438,57.6491849764869,42.4982839413695,27.1072583481287,45.7225196390904,27.2390484988647,25.0010763173707,55.6494336562086,20.7495348582881
345,345,738084.501552217,0.12,0.185,62.3446355002502,33.9267985881951,36.5604818171079,28.2837608949492,-1.07243125067181,57.6846906843778,43.5709855260345,27.1452324266098,46.7981684267283,27.2771856291748,26.0805483958115,55.681531818243,21.8270138571381
346,346,738084.501552324,0.12,0.2,62.4447785732925,36.3544082238146,36.5983572123495,27.9808752577344,-1.04357915620492,57.7031265368426,44.6330153770768,27.1665698314167,47.8631297118811,27.2986285115023,27.149587333829,55.6965550445888,22.8941313406067
347,347,738084.501552429,0.12,0.215,62.5104817913922,38.7597226333288,36.6387111556349,27.6655976270322,-1.01576334657997,57.7044211321441,45.6820827423504,27.1711937872808,48.9151063466084,27.3033000944648,28.2058877193457,55.6944394826013,23.9485861854491
348,348,738084.501552535,0.12,0.23,62.5416956228521,41.1380053347155,27.3387689258294,36.6815739651761,0.581817545467557,57.6886131313168,46.7159809921389,27.1591348228126,49.9518854481445,27.2912310059998,29.2472268292302,55.6752313226392,24.988159464309
349,349,738084.501552641,0.12,0.245,62.5385848808752,43.484714506394,27.0012993139746,36.726967701204,0.607582271163597,57.6558504049886,47.7326107664841,27.1305300144643,50.9713616129976,27.262558794308,30.2714879542413,55.6390858629536,26.0107377318901
350,350,738084.501552749,0.12,0.26,62.5015242193031,45.7955471019296,26.6541561640081,36.7749058849959,0.632343943283892,57.6063872579379,48.7300010529063,27.0856203547091,51.9715580572497,27.217525286406,31.2766816752078,55.5862646547685,27.0143342720986
351,351,738084.501552853,0.12,0.275,62.4310900653878,48.0664780916747,26.2983511720362,36.8253933352555,0.656123799100353,57.5405798289999,49.7063277079085,27.0247463378242,52.9506451949617,27.1564721580415,32.2609645986392,55.5171308271448,27.9971078149423
352,352,738084.501552957,0.12,0.29,62.3280492820517,50.2937940223741,25.934926971049,36.8784261343014,0.678946666477435,57.4588798241578,50.6599290325798,26.9483419154992,53.9069562637195,27.07983486773,33.222655156423,55.4321427511942,28.9573783280417
353,353,738084.501553069,0.12,0.305,62.1933449520324,52.474120290529,36.933991723371,25.5649436092611,-0.869956143901052,57.3618267920142,51.5893181234185,26.8569270248263,54.838999717476,26.988135158202,34.1602461849604,55.3318462543551,29.8936395979444
354,354,738084.501553184,0.12,0.32,62.02807975225,54.6044417658978,36.9920691291489,25.1894652504224,-0.84896222822762,57.2500391910359,52.4931918377315,26.751098930626,55.7454682253169,26.8819723680911,35.0724141173471,55.2168656352776,30.8045684343486
355,355,738084.501553302,0.12,0.335,61.8334974443134,56.6821166264833,37.0526293112036,24.8095474232041,-0.828836662173076,57.1242045251432,53.3704363315846,26.6315226509162,56.6252442337829,26.7620138236238,35.9580247412299,55.087893756728,31.689030449075
356,356,738084.501553401,0.12,0.35,61.6109630308767,58.7048835042583,37.1156356294028,24.4262251058636,-0.809547223293523,56.9850688379798,54.2201292411849,26.4989207480475,57.4774021635638,26.6289845938244,36.8161355883474,54.9456815073,32.5460824747614
357,357,738084.501553536,0.14,0.05,62.7397878213627,11.111231450097,36.3765950172996,29.859856224015,-1.39551355869041,57.9721285328181,33.4541257288056,27.4378109477134,36.646559823167,27.5702812920136,15.9131023928555,56.0037408094238,11.6835953031889
358,358,738084.501553642,0.14,0.065,63.1296154715223,13.4928517491536,36.3954477790408,29.6895871201663,-1.36023196196918,58.1350339047399,34.5148839962445,27.5999566784009,37.7100803329599,27.7330159929673,16.9783714029108,56.163590193998,12.7465481488316
359,359,738084.501553743,0.14,0.08,63.4930347442,15.8952040806692,36.4162312348852,29.5043068711814,-1.32549238690255,58.2844212367166,35.5832800464307,27.7489533611221,38.7812749026713,27.8825564309371,18.0515655366486,56.3098627772997,13.8174502413456
360,360,738084.501553878,0.14,0.095,63.8284010313294,18.3141501825729,36.439022592384,29.3039814044768,-1.29137499096179,58.419504765108,36.6572970264061,27.8840288990228,39.8581219076499,28.0181278069057,19.1306675362877,56.4417776218505,14.8942901025795
361,361,738084.501553984,0.14,0.11,64.1341787696024,20.7453274601192,36.4638964281873,29.0886719981019,-1.25795107494182,58.5395571590718,37.7348179997832,28.0044678151134,40.9384992898332,28.1390121400882,20.2135583470467,56.5586127127215,15.9749544723253
362,362,738084.501554089,0.14,0.125,64.4089628289189,23.1841835934029,36.4909239800288,28.8585389284553,-1.2252825716808,58.6439202264999,38.8136435618384,28.1096217392548,42.0202022102145,28.244558791713,21.2980346691704,56.6597156301395,17.0572457986875
363,363,738084.501554188,0.14,0.14,64.6514987409791,25.626015917702,36.5201724289076,28.6138434762346,-1.19342181675921,58.7320149859994,39.8915117214985,28.1989192845969,43.1009629754219,28.3341943760465,22.3818288037335,56.7445135785901,18.1389020199219
364,364,738084.501554322,0.14,0.155,64.8607012002304,28.0660148829844,36.5517041848577,28.3549481405239,-1.1624115774173,58.8033508153734,40.9661196925363,28.2718750302325,44.1784728800384,28.4074317744288,23.46263043707,56.8125224833894,19.2176182840865
365,365,738084.501554425,0.14,0.17,65.0356703008991,30.4993107295081,36.5855761901162,28.0823149754736,-1.13228530723833,58.8575334006653,42.0351471504425,28.3280973398558,45.2504055202228,28.4638779811643,24.5381099220155,56.8633548796369,20.2910701662404
366,366,738084.501554528,0.14,0.185,65.1757050091176,32.9210223640555,36.6218392568519,27.7965020079676,-1.10306758781919,58.894271236749,43.0962804397963,28.3672947721803,46.3144410622472,28.5032405361677,25.6059425414919,56.8967263456825,21.3569378703766
367,367,738084.501554667,0.14,0.2,65.2803134592392,35.3263073032085,36.6605374555226,27.4981577777757,-1.07477471451108,58.9133804699061,44.1472371643433,28.3892808771829,47.3682908968066,28.5253323376999,26.6638331863104,56.9124602730265,22.4129308495764
368,368,738084.501554772,0.14,0.215,65.3492197511704,37.7104114992962,36.7017075711191,27.1880141048639,-1.04741538666415,58.9147879233673,45.185790562439,28.3939772213526,48.4097220802336,28.5300746778526,27.7095408484497,56.9104908153003,23.4568122471635
369,369,738084.501554878,0.14,0.23,65.382367041456,40.0687178342202,36.7453786418653,26.8668772526084,-1.0209914630611,58.898532205866,46.2097930664916,28.381414542683,49.4365809596425,28.5174984011785,28.7409023259686,56.8908639182605,24.4864225563863
370,370,738084.501554983,0.14,0.245,65.3799168452109,42.396792114234,26.5356177188342,36.7915715963325,0.575297577677765,58.8647628678367,47.2171984674302,28.3517319991193,50.4468154014175,28.4877431500603,29.7558545571135,56.8537363973528,25.4997019173385
371,371,738084.501555084,0.14,0.26,65.3422445952457,44.6904254756764,26.1951589300581,36.8402989966926,0.599868540062984,58.8137376363719,48.2060821530643,28.3051745390869,51.4384950903358,28.4410547255812,30.7524550482455,56.7993730959152,26.4947105165999
372,372,738084.501555218,0.14,0.275,65.2699316277228,46.9456722605368,25.8464651542054,36.8915649029165,0.623531702345194,58.7458178246929,49.1746589597809,28.2420884859488,52.4098294373557,28.3777806560776,31.7288999301468,56.728142221644,27.469646624712
373,373,738084.501555325,0.14,0.29,65.1637538804663,49.15888257753,25.490528963348,36.9453648593409,0.646304776753303,58.6614620712125,50.1212982662065,28.1629154862854,53.3591827234367,28.298364123812,32.6835392660059,56.6405090180908,28.422861895022
374,374,738084.501555427,0.14,0.305,65.0246676887051,51.3267289719687,25.1283585837544,37.0016860070432,0.668208553514431,58.5612186140596,51.044536059782,28.0681850216921,54.2850862093099,28.2033364501884,33.6148893365758,56.5370279785194,29.3528736492846
375,375,738084.501555533,0.14,0.32,64.8537931400758,53.4462268411384,37.060507323339,24.7609654579649,-0.88153005104636,58.4457163467922,51.9430838166591,27.958505722999,55.1862470508864,28.0933083792717,34.5216417375424,56.4183338490333,30.2583739846201
376,376,738084.501555643,0.14,0.335,64.6523955089622,55.5147484454963,37.1217999766273,24.3893523220369,-0.861293250388365,58.3156549283995,52.8158341457733,27.834555752797,56.0615539706734,27.9689604264216,35.4026692348235,56.2851316949261,31.1382356468977
377,377,738084.501555742,0.14,0.35,64.4218653128698,57.5300305820276,37.1855277970685,24.0145020583551,-0.841850848402529,58.17179423485,53.6618632533794,27.6970725362883,56.9100797413136,27.8310325730736,36.2570284295092,56.1381863180101,31.9915147212945
378,378,738084.501555886,0.16,0.05,65.3741752593369,10.3295924223576,36.4337151902334,29.3503681678893,-1.41408469371701,59.100163231724,33.0911228335425,28.5782910352147,36.275320454887,28.7144961730901,15.5510735746717,57.1367691246404,11.3257164699233
379,379,738084.501555995,0.16,0.065,65.7770577037278,12.6830102984125,36.4534275558892,29.1788748213973,-1.38031583653823,59.2676337039275,34.1379179809497,28.7451121918472,37.3247923009079,28.8819196358192,16.6023487031658,57.3012466341035,12.3747318960699
380,380,738084.501556102,0.16,0.08,66.1526363954818,15.0569777940556,36.4750746618379,28.9930161919755,-1.34699938347212,59.4211709196882,35.1922686917375,28.8983563373519,38.3818594759052,29.0357194505405,17.6614608207687,57.4517307691735,13.4316061232883
381,381,738084.501556215,0.16,0.095,66.4992403901177,17.44749000218,36.4987321372965,28.7927785465871,-1.31420843383839,59.5599804283625,36.2522248133112,29.037241810479,39.4445674515215,29.1751112312535,18.7264592838847,57.587431628702,14.4943939790125
382,382,738084.501556342,0.16,0.11,66.8153100720258,19.850326156906,36.5244729051783,28.5782379708255,-1.28200911202064,59.6833273740062,37.3157402306326,29.1610448133933,40.5108653839538,29.2993686580243,19.7952958351873,57.7076193874773,15.56105269641
383,383,738084.501556445,0.16,0.125,67.0994184856961,22.2610824942063,36.5523664952624,28.3495635017668,-1.25046003135687,59.7905471407589,38.3806896028727,29.2691098545031,41.5786228829193,29.4078339563236,20.8658412815324,57.8116349115391,16.6294585352409
384,384,738084.50155655,0.16,0.14,67.350291498366,24.6752096056971,36.5824783498296,28.1070187438575,-1.219611975641,59.8810553541636,39.4448872285308,29.360859569384,42.6456489160439,29.4999277522119,21.9359043258353,57.8988997203187,17.6974255545186
385,385,738084.501556653,0.16,0.155,67.5668262280452,27.0880536378216,36.6148691354785,27.8509618255775,-1.18950778726869,59.9543569553281,40.5061077047094,29.4358036424823,43.709712513842,29.5751580250786,23.0032522209607,57.9689250129376,18.7627262063409
386,386,738084.501556756,0.16,0.17,67.748107209688,29.4949005324885,36.6495940762277,27.5818436240292,-1.16018244311236,60.0100540787559,41.5621079672299,29.493546565599,44.7685648611613,29.6331278930252,24.0656328338593,58.0213194902431,19.8231133405451
387,387,738084.501556864,0.16,0.185,67.8934198171705,31.8910223589552,36.6867023217387,27.3002042288231,-1.13166329247583,60.0478524912935,42.610650232183,29.5337939949288,45.8199622946696,29.6735419918217,25.1207976411801,58.0557957310606,20.876343142918
388,388,738084.501556968,0.16,0.2,68.0022605340342,34.2717246969978,36.7262363692138,27.0066676911889,-1.10397042928162,60.0675663883168,43.6495253109166,29.556357506047,46.861689677191,29.6962112461414,26.1665251280629,58.0721749201425,21.9201984801337
389,389,738084.50155707,0.16,0.215,68.0743437588175,36.6323939552634,36.7682315515954,26.7019351543723,-1.07711716800163,60.0691213925661,44.6765757429528,29.5611575942009,47.891583591993,29.7010558799089,27.2006440332348,58.070389774733,22.9525120959198
390,390,738084.501557177,0.16,0.23,68.1096049426697,38.968543504747,36.8127156104824,26.3867765261528,-1.05111059447553,60.052555658393,45.6897181869842,29.548224823273,48.9075547957399,29.6881065688038,28.2210558782726,58.0504855742724,23.971189097601
391,391,738084.501557282,0.16,0.245,68.1081999755987,41.2758575275756,36.8597083609557,26.0620209061035,-1.02595216381093,60.0180190469164,46.6869645300723,29.5176990880219,49.9076093887186,29.6575036994163,29.2257562379216,58.0126192605168,24.9742281909418
392,392,738084.501557387,0.16,0.26,68.0705008646423,43.5502315743863,25.7285460229044,36.9092214657535,0.569158004866065,59.9657704020026,47.6664412182354,29.4698270172288,50.8898682040774,29.6094947628171,30.2128542507046,57.957056639832,25.9597411633385
393,393,738084.501557508,0.16,0.275,67.9970878666328,45.7878089318067,25.3872669672251,36.9612583227767,0.592635197227734,59.8961730198009,48.6264063757617,29.4049576068757,51.85258398203,29.544429971978,31.1805899325767,57.8841677821512,26.9259701786736
394,394,738084.501557612,0.16,0.29,67.8887383528332,47.9850120641132,25.0391245236557,37.0158140718727,0.615287454395101,59.8096884621959,49.5652643617689,29.3235362289694,52.7941559763348,29.4627562492096,32.1273489372172,57.7944207685741,27.8713025276272
395,395,738084.501557716,0.16,0.305,67.7464127766906,50.1385685751949,24.6850734087844,37.0728757249954,0.637129682488578,59.7068689141093,50.4815775061079,29.2260972103072,53.7131417341195,29.365009778595,33.0516744999426,57.6883739889715,28.794282570415
396,396,738084.501557822,0.16,0.32,67.5712381967436,52.2455313270899,37.13242241135,24.326070712126,-0.912616894212513,59.5883483237354,51.3740748672255,29.1132552139882,54.6082658908773,29.2518073570697,33.9522764028068,57.566667229826,29.6936207091463
397,397,738084.50155792,0.16,0.335,67.3644898584925,54.3032925621025,37.1944257432906,23.9630648124811,-0.892339930495038,59.4548325919048,52.2416579563214,28.9856956832665,55.4784259244293,29.1238368046501,34.8280369004405,57.4300118193847,30.5681993287857
398,398,738084.501558057,0.16,0.35,67.1275713671002,56.3095920626735,37.258850281802,23.5969850125722,-0.872814379221745,59.3070890912872,53.0834034698987,28.8441646218109,56.3226949096768,28.9818467088565,35.6780136443885,57.279180111394,31.4170757436685
399,399,738084.501558196,0.18,0.05,67.9021301320765,9.5464918289299,28.8329030736139,36.4939633604614,0.139676449781131,60.1756222179858,32.727662650317,29.6665535403683,35.9038248187246,29.8063146870488,15.1889720859609,58.217068098345,10.9677544473667
400,400,738084.501558304,0.18,0.065,68.3162397565687,11.869883649642,28.6603228469413,36.5145757278131,0.17203165798436,60.3467946734843,33.7596644100295,29.8371896277728,36.9384189723867,29.9775635238116,16.225423372129,58.3853108860265,12.0020036025947
401,401,738084.501558411,0.18,0.08,68.7022852909567,14.2135886760016,28.4740367242657,36.5371242574105,0.204008526537768,60.5036873801698,34.7991170135829,29.993888950651,37.9805068934721,30.1348277753475,17.2696003680027,58.5392127363567,13.0439980245282
402,402,738084.501558515,0.18,0.095,69.058582038441,16.5737416552725,36.5616827785931,28.2740504593335,-1.3352557005375,60.6455033475224,35.8441401214391,30.1358664121366,39.0282042445002,30.2773196181891,18.3196221403691,58.6779809394734,14.0918619408504
403,403,738084.501558618,0.18,0.11,69.3835581323458,18.9462705685142,36.5883223528909,28.0604539718905,-1.30422929765721,60.7715059367342,36.8927618281254,30.2623956208312,40.0795347683459,30.4043101398266,19.3735146057867,58.8008836077032,15.1436264524271
404,404,738084.50155872,0.18,0.125,69.6757756164289,21.3269276971454,36.6171106108997,27.8334239983736,-1.27376349544159,60.8810293437896,37.9429344927608,30.3728191878991,41.1324461464246,30.515139671675,20.4292263070281,58.9072601316234,16.1972452572634
405,405,738084.501558827,0.18,0.14,69.9339503409399,23.7113248866964,36.6481110847929,27.5932253313038,-1.2439068171501,60.9734884335547,38.9925525545378,30.4665583960286,42.1848278484939,30.6092274916455,21.4846461985175,58.9965309784798,17.2506123814283
406,406,738084.50155893,0.18,0.155,70.1569701375699,26.0949724137966,36.6813825508705,27.3402105394491,-1.21470121269912,61.0483876513128,40.0394720226557,30.5431219719488,43.2345306631871,30.6860806270559,22.5376231324311,59.0682065597669,18.3015816097796
407,407,738084.501559035,0.18,0.17,70.3439107578341,28.473320704052,36.7169783933766,27.0748180993087,-1.1861820186038,61.105328752224,41.0815312580235,30.6021137075881,44.2793875258836,30.7453015020998,23.5859866641489,59.1218949090992,19.3479872364918
408,408,738084.501559137,0.18,0.185,70.4940491122196,30.8418040362058,36.7549460083873,26.7975689286854,-1.15837805604588,61.1440171152685,42.116572603723,30.6432387003553,45.3172352000778,30.7865941995301,24.6275687346372,59.1573079378612,20.3876656942798
409,409,738084.501559243,0.18,0.2,70.6068734158172,33.1958852597571,36.7953262595911,26.5090613585511,-1.13131184726046,61.1642664457297,43.1424643767396,30.6663080194745,46.3459363236685,30.8097691428461,25.6602257419355,59.1742660739123,21.4184775758469
410,410,738084.501559344,0.18,0.215,70.6820899363994,35.531100505475,36.8381530029645,26.2099646438269,-1.10499992957844,61.1660017176943,44.157122707989,30.6712416515983,47.3634013059833,30.8147460516922,26.6818604875209,59.1727011362166,22.4383295345755
411,411,738084.501559445,0.18,0.23,70.7196261499285,37.8431028431165,36.883452689716,25.9010111572101,-1.07945324482598,61.1492602631842,45.1585327133018,30.6580696327892,48.3676095568867,30.8015550772609,27.6904434780576,59.1526573535959,23.4451955461203
412,412,738084.501559552,0.18,0.245,70.7196302208891,40.1277038807352,36.9312440657864,25.5829874637987,-1.05467758348205,61.114190974607,46.1447684954877,30.6269313327322,49.3566295467184,30.7703360834591,28.6840330796842,59.1142904959725,24.4371370290338
413,413,738084.501559685,0.18,0.26,70.6824668467026,42.380912357151,25.2567245071588,36.9815379720436,0.540122263248623,61.0610516489745,47.1140115161361,30.5780729175212,50.3286372343563,30.7213361002975,29.6607940598161,59.0578651482373,25.4123213601329
414,414,738084.501559795,0.18,0.275,70.6087096221116,44.5989688943462,24.9230871669246,37.0343372578035,0.563356700210954,60.9902045625376,48.0645669334439,30.5118430763845,51.2819324584048,30.6549050351785,30.6190141085315,58.9837502170655,26.3690383772393
415,415,738084.501559906,0.18,0.29,70.4991301836115,46.778376217885,24.5829634627231,37.0896368040936,0.585828790523661,60.9021104198826,48.9948775756874,30.4286871520759,52.2149529599316,30.5714897823369,31.5571180045892,58.8924128162386,27.3057145345301
416,416,738084.50156004,0.18,0.305,70.3546844954808,48.9159243131366,24.237253680813,37.1474236693716,0.607548459986335,60.7973208693085,49.9035353047274,30.3291398616337,53.1262857901431,30.4716269177891,32.4736791757278,58.7844107236741,28.2209244601825
417,417,738084.501560141,0.18,0.32,70.1764967072174,51.0087101645801,23.8868596922958,37.207677342707,0.628528355185006,60.676469814289,50.7892896153757,30.2138168316128,54.0146759480024,30.3559342047029,33.3674284943827,58.6603836410979,29.1133997571723
418,418,738084.501560247,0.18,0.335,69.965841067958,53.0541519156218,37.2703701102663,23.5326747091274,-0.922012925292913,60.5402637774619,51.6510534094313,30.0834051982265,54.8790321860078,30.2251011605139,34.2372602431834,58.5210435136761,29.9820349810819
419,419,738084.50156035,0.18,0.35,69.7241224153002,55.0499974547677,37.3354675199607,23.1755736972574,-0.902465933741921,60.3894715882656,52.4879059730077,29.9386535374571,55.7184300123815,30.0798789517829,35.0822352747769,58.3671641813201,30.8258908187885
420,420,738084.501560473,0.2,0.05,70.3211769458412,8.76456348960912,28.3100940787119,36.5572293909607,0.123996764489806,61.197624149612,32.365052745367,30.7016504648569,35.5333982453931,30.8447861550187,14.8280787073176,59.2437475734001,10.6109755979678
421,421,738084.501560577,0.2,0.065,70.7447085526099,11.0563515321474,36.5787779244339,28.136588080024,-1.41576521555204,61.3716560021094,33.3815520904171,30.8752601260265,36.5524074196915,31.0190161988533,15.8489972355168,59.414912938329,11.6297502025247
422,422,738084.50156068,0.2,0.08,71.1395494241736,13.3681681147323,36.6022614694586,27.9500420370257,-1.38504777711104,61.5311295185264,34.4053777078193,31.0346407969808,37.5787886112267,31.17896848283,16.8775097895395,59.5714579853828,12.6561362053451
423,423,738084.501560783,0.2,0.095,71.504012939341,15.6962922288167,36.6277518647326,27.7504799860376,-1.35470749338211,61.6752509005432,35.4347213260366,31.1790096731791,38.6107299073917,31.323857493197,17.9118073897051,59.7125929379096,13.6883294796647
424,424,738084.5015609,0.2,0.11,71.8365260588899,18.036805643149,36.6553181346267,27.5380044493604,-1.32480026421597,61.8032870648955,36.4676876961051,31.3076431061962,39.6463320658933,31.4529570792326,18.9499925652172,59.8375891920996,14.7244374344189
425,425,738084.501561002,0.2,0.125,72.1356499664619,20.3856221482082,36.6850258523704,27.3127986229455,-1.29537715273383,61.914575874224,37.5023095020975,31.4198866649996,40.6836234486277,31.5656105494568,19.9900942153688,59.9457895236211,15.7624938274329
426,426,738084.501561109,0.2,0.14,72.4000995285478,22.7385207040893,36.7169365037113,27.0751272709062,-1.2664840229167,62.0085357191315,38.5365641110204,31.5151645680027,41.7205768013787,31.6612401363588,21.0300843327601,60.036617637312,16.8004754386964
427,427,738084.501561218,0.2,0.155,72.6287610547477,25.0911819351828,36.7511068593629,26.825336230556,-1.2381613049871,62.0846741899441,39.5683918753937,31.5929882290213,42.755127592231,31.7393555718552,22.0678963036698,60.1095867987062,17.8363203199658
428,428,738084.501561319,0.2,0.17,72.8207078727416,27.4392272923025,36.7875883779571,26.5638504767427,-1.21044388457366,62.1425955906841,40.5957156364162,31.65296367382,43.7851935560853,31.7995615293299,23.1014444347662,60.1643073004883,18.8679472709954
429,429,738084.501561417,0.2,0.185,72.9752132655452,29.7782600788388,36.8264266423974,26.2911707396283,-1.18336110660834,62.1820070730634,41.6164610209412,31.6947976084782,44.8086950377387,31.841563712714,24.1286442998274,60.200492542506,19.8932761373049
430,430,738084.501561546,0.2,0.2,73.0917604042196,32.1039074523466,36.867660853637,26.0078687164242,-1.15693688111898,62.2027232042574,42.6285770851266,31.7183019559069,45.823575685476,31.8651734083285,25.147433459061,60.2179635401907,20.9102484832196
431,431,738084.501561651,0.2,0.215,73.1700489808894,34.4118624668579,36.9113233912151,25.714580969255,-1.1311898770007,62.2046688273977,43.630056834299,31.7233967209555,46.8278230236355,31.8703103594352,26.1557920793329,60.2166517215969,21.9168481696809
432,432,738084.501561762,0.2,0.23,73.2099983550878,36.6979251937317,36.9574394500414,25.4120016453065,-1.10613378727739,62.1878801260631,44.6189571441355,31.7101110957899,47.8194884280669,31.857003874893,27.1517629784584,60.1965999257714,22.9111213609737
433,433,738084.501561866,0.2,0.245,73.2117471353724,38.9580419964378,37.0060267711185,25.1008741962793,-1.08177765049844,62.1525038609816,45.593417623471,31.6785827729666,48.7967060435471,31.8253921392664,28.1334706311203,60.1579615722215,23.8911954988412
434,434,738084.501561984,0.2,0.26,73.175649228612,41.1883420835072,37.0570954699305,24.7819823084109,-1.05812621211532,62.0987948056833,46.5516779931785,31.6290554910238,49.7577102163261,31.7757197492792,29.099138707441,60.1009980297595,24.8552968157309
435,435,738084.501562085,0.2,0.275,73.1022665043849,43.3851705664836,24.4561402752818,37.1106479705976,0.535616015034845,62.027111464866,47.4920936068685,31.5618748933879,50.700851066352,31.7083335577658,30.047105766161,60.0260742700665,25.8017660095647
436,436,738084.501562192,0.2,0.29,72.992358320932,45.5451173753033,24.1241830607942,37.166679051496,0.557859043313566,61.9379102119152,48.4131488048543,31.4774828331412,51.6246078894803,31.623676958097,30.975838789581,59.9336529438266,26.7290717675037
437,437,738084.501562297,0.2,0.305,72.8468682524932,47.6650415242553,23.7869563012478,37.2251759968631,0.57940496909635,61.8317380275362,49.3134678689413,31.3764103009972,52.5276001562403,31.5222827871039,31.8839443235336,59.8242870627169,27.6358219019588
438,438,738084.501562406,0.2,0.32,72.6669084265071,49.7420903939984,23.445306485519,37.2861188605014,0.600262270824677,61.7092240579474,50.1918234281148,31.2592691897912,53.4085959563954,31.4047650605452,32.7701770680945,59.6986115067772,28.5207719443753
439,439,738084.501562513,0.2,0.335,72.4537419341281,51.7737138500578,37.3494808297483,23.1000715369499,-0.950354570997555,61.5710702369543,51.0471422494807,31.1267431343917,54.2665178230247,31.2718097808808,33.63344584929,59.5573336023721,29.3828311266404
440,440,738084.501562623,0.2,0.35,72.2087638093975,53.7576731865387,37.4152286844601,22.7520719911832,-0.930840126626214,61.4180412309302,51.8785084306639,30.9795776805939,55.1004459519212,-1,-1,59.4012230303709,30.2210657619507
