frame_no,target_no,time_stamp,target_x,target_y,pupil_x,pupil_y,ellipse_min_axis,ellipse_max_axis,ellipse_angle,glint_1_x,glint_1_y,glint_2_x,glint_2_y,glint_3_x,glint_3_y,glint_4_x,glint_4_y
0,0,738084.766963384,-0.2,0.05,-61.0707981855312,-28.8454236682143,32.455861356915,23.844680460693,-1.1295306843551,-34.0339094359327,-5.10349987761716,-58.5432234891912,-3.59456788186199,-58.814193758507,-24.5401820117803,-34.0772018210611,-24.1279255854716
1,1,738084.766963482,-0.2,0.065,-61.5119486643633,-26.7139630278352,32.4384105145617,23.9679957385291,-1.16108418987508,-34.2429500177929,-4.15839042387519,-58.756603312418,-2.65295456821755,-59.0236965315969,-23.6017220980405,-34.2854303910729,-23.1850745535058
2,2,738084.766963579,-0.2,0.08,-61.9178064612879,-24.5443822719996,32.4220735490303,24.084615895958,-1.19339495922807,-34.4356883989222,-3.1952721767613,-58.953535778854,-1.69343828912491,-59.2166794232385,-22.6451652333897,-34.4773460674698,-22.2240765834027
3,3,738084.766963679,-0.2,0.095,-62.2864450079555,-22.3396504597081,32.4068882100228,24.194052457773,-1.22642759711007,-34.6111970524551,-2.21551426336094,-59.1330800446777,-0.717384265145489,-59.3922074470142,-21.6718642746194,-34.6520227076619,-21.246292048184
4,4,738084.766963776,-0.2,0.11,-62.6160800195169,-20.1030213228215,32.3928886897981,24.2958425720502,-1.26013934015389,-34.7686151207996,-1.2206225080144,-59.2943623954745,0.273706286882482,-59.5494133171745,-20.6833088372748,-34.8086009378226,-20.2532185596767
5,5,738084.766963872,-0.2,0.125,-62.9050938811627,-17.8380147176226,32.3801052788808,24.3895552465271,-1.29447998781892,-34.907160262912,-0.212230758255183,-59.4365882454305,1.27820481478259,-59.6875094093114,-19.6811167881997,-34.9462999896519,-19.2464824025949
6,6,738084.766963969,-0.2,0.14,-63.1520585737763,-15.5483930238027,32.3685640560398,24.4747973635567,-1.32939200158794,-35.0261398148366,0.807910239108906,-59.5590534472961,2.29436653017446,-59.8057990213101,-18.6670232925532,-35.0644288484387,-18.2278275135562
7,7,738084.766964097,-0.2,0.155,-63.3557565237905,-13.2381327493174,32.3582866207737,24.5512193162594,-1.36481079061099,-35.1249609622418,1.83794629246588,-59.6611546081903,3.32034382640808,-59.9036866302211,-17.6428675308496,-35.1623964113427,-17.1991021216327
8,8,738084.766964222,-0.2,0.17,-63.5151987894994,-10.911391753977,24.6185201018825,32.3492898720067,0.170131133270006,-35.2031396376873,2.87593535035671,-59.7423981202984,4.35420181550855,-59.9806868549894,-16.6105772820729,-35.2397203688696,-16.162243247878
9,9,738084.766964317,-0.2,0.185,-63.6296400536759,-8.57247267413677,24.6764517298648,32.3415858388358,0.133918168231025,-35.2603078823531,3.91986493941599,-59.8024076426603,5.39393570728105,-60.0364318625068,-15.5721516463006,-35.2960345495882,-15.1192593389435
10,10,738084.766964416,-0.2,0.2,-63.6985899745812,-6.22578326677103,24.7248228097378,32.3351815673059,0.0974287135655125,-35.2962194512872,4.96767110797265,-59.8409298098747,6.43748968428392,-60.0706769943342,-14.5296422501569,-35.3310945075296,-14.0722113800223
11,11,738084.766964514,-0.2,0.215,-63.7218205490172,-3.87579451196651,24.7635012129657,32.3300790649978,0.0607488225835782,-35.3107534914387,6.01725846983453,-59.8578379941765,7.48277686856835,-60.0833044423433,-13.4851333368341,-35.3447811818973,-13.0231928909417
12,12,738084.766964613,-0.2,0.23,-63.6993692625083,-1.52699739980931,24.7924157302127,32.3262753045792,0.0239673488493868,-35.3039161805335,7.06652089984555,-59.8531340067186,8.52769993344867,-60.074324861094,-12.440721185776,-35.3371025176248,-11.9743092526729
13,13,738084.766964708,-0.2,0.245,-63.6315379352003,0.816140620800123,24.8115566771127,32.3237622865618,-0.0128253362742592,-35.275840279314,8.11336240767446,-59.8269476890465,9.57017188866821,-60.0438768699683,-11.3984933328092,-35.3081929996806,-10.9276568371983
14,14,738084.766964804,-0.2,0.26,-63.5188873046319,3.14921854529359,24.8209754386685,32.3225271580324,-0.0495386822926597,-35.2267826165138,9.15571771053516,-59.7795344133008,10.6081365617294,-59.9922244657306,-10.3605080679547,-35.2583111209607,-9.88530242004817
15,15,738084.766964904,-0.2,0.275,-63.362227528852,5.46794310500915,24.8207829782259,32.3225523865432,-0.0860833056524949,-35.157119591577,10.1915720394625,-59.7112705761548,11.6395883121464,-59.9197524324736,-9.32877467498761,-35.1878348691204,-8.84926334145936
16,16,738084.766965036,-0.2,0.29,-63.1626049085383,7.76816756272145,24.8111473672608,32.3238159831111,-0.122372292327368,-35.0673408411987,11.2189797464023,-59.6226472332747,12.6625905479934,-59.8269598976365,-8.30523484498922,-35.0972553787957,-7.82148885003746
17,17,738084.766965132,-0.2,0.305,-62.9212852408054,10.0459272136577,32.3262917691158,24.7922904245027,1.41247391564978,-34.9580412692033,12.2360813285987,-59.5142620752697,13.6752926632539,-59.7144522366656,-7.29174564770817,-34.9871689490066,-6.80384301406524
18,18,738084.766965231,-0.2,0.32,-62.6397343093127,12.2974709381567,32.3299496828899,24.7644835808048,1.37694113086927,-34.8299116825814,13.2411185495101,-59.3868099900024,14.6759450770255,-59.5829315725514,-6.29006438256124,-34.8582676687662,-5.79808952325906
19,19,738084.766965327,-0.2,0.335,-62.3195960708859,14.5192882888829,32.3347561171626,24.7280431018024,1.34189846218182,-34.683728307996,14.2324474079144,-59.2410724881662,15.6629121278355,-59.4331861481535,-5.30183555935701,-34.7113289253646,-4.8058786316455
20,20,738084.766965421,-0.2,0.35,-61.9626691444574,16.7081317627023,32.3406742818577,24.6833248138451,1.30741227387459,-34.5203414818373,15.2085487848573,-59.0779062881437,16.6346826540109,-59.2660788680096,-4.32858018139368,-34.5472040884571,-3.82873641443459
21,21,738084.76696561,-0.18,0.05,-58.8868563123699,-29.1000245664376,32.3901915566073,24.3155535957875,-1.11182485791875,-33.1061374971639,-5.23427920938408,-57.6239990794631,-3.72571737379378,-57.8957649453551,-24.6763377232748,-33.1497928054603,-24.2664899170145
22,22,738084.766965716,-0.18,0.065,-59.3231291961904,-26.9557593992259,32.3726037440395,24.4448915889607,-1.1442987565441,-33.3131835353061,-4.28206849758133,-57.8355046967797,-2.77703237008596,-58.1033660505759,-23.7308961815555,-33.3560220682632,-23.3166302428105
23,23,738084.766965814,-0.18,0.08,-59.7246547837287,-24.7723276505069,32.3561543191191,24.5671360675429,-1.17761763806772,-33.5041453835847,-3.31132230377289,-58.0307740578752,-1.80992000798878,-58.2946560831232,-22.7668272226006,-33.5461559525893,-22.3480902840462
24,24,738084.766965931,-0.18,0.095,-60.0894904143896,-22.5527545927061,32.3408819368082,24.6817587629194,-1.21174561878013,-33.6780861594252,-2.32343881567959,-58.2088561933939,-0.825774486511936,-58.4686900486435,-21.7855120237975,-33.7192589853922,-21.3622588725438
25,25,738084.766966038,-0.18,0.11,-60.4158351866909,-20.3003636842523,32.3268215793819,24.7882589242586,-1.2466381313604,-33.8341355495637,-1.31995965568716,-58.3688671915874,0.173867292361537,-58.624590610544,-20.7884752610066,-33.8744623681627,-20.360668849657
26,26,738084.766966135,-0.18,0.125,-60.7020550459164,-18.0187575462574,32.314004201422,24.8861702219506,-1.28224174313325,-33.9715020169729,-0.302560962218175,-58.5100025696635,1.18733462916472,-58.7615604218065,-19.7773763681079,-34.0109761730554,-19.3449882657353
27,27,738084.766966232,-0.18,0.14,-60.9467064101905,-15.7117935388539,32.3024564100774,24.9750674132607,-1.31849418052161,-34.0894843196641,0.726958150568954,-58.6315489543996,2.21283454168769,-58.878893754829,-18.7539981796472,-34.1281008487792,-18.3170089523779
28,28,738084.766966382,-0.18,0.155,-61.1485576893408,-13.3835542011479,32.292200188896,25.0545725919778,-1.35532458780127,-34.1874820245503,1.76668963276033,-58.7328947511852,3.24846576685404,-58.9759871090336,-17.7202330744671,-34.2252377196226,-17.2786325864417
29,29,738084.766966477,-0.18,0.17,-61.3066080789053,-11.0383129921456,32.2832526710602,25.1243608401533,-1.39265403850997,-34.2650047135102,2.8146328281476,-58.8135394945342,4.29223503981046,-59.0523484902408,-16.6780668261437,-34.3018981750303,-16.2318544530901
30,30,738084.766966571,-0.18,0.185,-61.4201030696987,-8.68049594573038,25.1841651150804,32.275625966577,0.140400020374355,-34.3216796067266,3.86871279807954,-58.8731016012465,5.34207535583916,-59.1076050842909,-15.6295604508476,-34.3577112751011,-15.1787452002751
31,31,738084.766966666,-0.18,0.2,-61.4885461970414,-6.31464000752278,25.2337802202425,32.2693270475135,0.10233743814878,-34.3572573695009,4.92680026792488,-58.9113242888115,6.39586584441142,-59.1415090891746,-14.576830420031,-34.3924295386481,-14.1214309541124
32,32,738084.766966761,-0.18,0.215,-61.5117066677035,-3.94534895692107,25.2730657432456,32.2643576935241,0.0640520676101306,-34.3716159217579,5.98673276035606,-58.9280794751926,7.45145282107659,-59.1539415237178,-13.5220276696433,-34.4059327334299,-13.0620722290812
33,33,738084.766966889,-0.18,0.23,-61.4896226214127,-1.57724790531368,25.3019478650033,32.2607144987554,0.0256450121862386,-34.3647621316292,7.04633643230634,-58.9233695389049,8.50667153585129,-59.1449138938555,-12.4673158853968,-34.3982295504131,-12.0028421149097
34,34,738084.766966985,-0.18,0.245,-61.4225999324194,0.785062573906699,25.3204199940777,32.2583889397054,-0.0127806349697715,-34.336831342943,8.10344810474479,-58.8973268875564,9.55936810930602,-59.114567666907,-11.4148495719561,-34.36945711237,-10.9459042503564
35,35,738084.76696708,-0.18,0.26,-61.3112065967129,3.13705162008031,25.328542212897,32.2573675018971,-0.0511214592468192,-34.2880847573809,9.15593696803146,-58.8502113547124,10.6074211413565,-59.0631715759362,-10.3667524210503,-34.3198783379924,-9.8933911011239
36,36,738084.766967176,-0.18,0.275,-61.1562628939535,5.47430153257723,25.3264395657689,32.2576318623852,-0.0892754064138729,-34.2189047616785,10.2017254609683,-58.782405515505,11.6487624931738,-58.9911168468236,-9.32509647903235,-34.2498772523547,-8.84738304447453
37,37,738084.766967273,-0.18,0.29,-60.9588276454578,7.79254853128617,25.3142992564278,32.2591591234957,-0.127143409703505,-34.129788354982,11.2388088576244,-58.6944080769576,12.6813967785816,-58.8989105059665,-8.29188257930991,-34.1599523991777,-7.80988872774344
38,38,738084.766967369,-0.18,0.305,-60.720181004371,10.0877199840397,32.2619220923155,25.292366857343,1.40616542858673,-34.0213388877919,12.2652731502296,-58.5868255560948,13.7034191553952,-58.7871669834745,-7.26902245177527,-34.0507085666539,-6.78282711430955
39,39,738084.766967466,-0.18,0.32,-60.4418043063529,12.3559673946251,32.2658895997389,25.2609416622016,1.36914719572157,-33.894256369439,13.2793108854042,-58.46036250513,14.7130310759381,-58.6565982725705,-6.25832285320066,-33.922847083972,-5.76801156203648
40,40,738084.766967587,-0.18,0.335,-60.1253575761911,14.5936946092052,32.2710268518799,25.2203713334916,1.33268001221611,-33.7493266336294,14.2792346904533,-58.315810576195,15.7085537351502,-58.5080029387406,-5.26147198386673,-33.7771549782733,-4.76713620008388
41,41,738084.766967697,-0.18,0.35,-59.772655325502,16.7975808747782,32.2772958068242,25.1710460144863,1.29683785342761,-33.5874096706596,15.2634883117905,-58.1540367375037,16.6884390397222,-58.3422542912383,-4.28002837095889,-33.6144933006746,-3.78176478485817
42,42,738084.766967817,-0.16,0.05,-56.6084317640058,-29.3341149320979,32.3275124364415,24.7830039888379,-1.09270016900856,-32.1317307663933,-5.35563895734061,-56.6579546541098,-3.84755991804939,-56.9304866183615,-24.8028813654856,-32.1757539024007,-24.3954862291194
43,43,738084.766967915,-0.16,0.065,-57.038161263823,-27.1787188831317,32.3098137726569,24.918353536914,-1.12612433602331,-32.3359660260048,-4.39709679359992,-56.8667658270618,-2.89257114722847,-57.1353692354382,-23.8512213372875,-32.3791685036591,-23.4393858445957
44,44,738084.766968014,-0.16,0.08,-57.433818499783,-24.9831845500794,32.2932756083416,25.04621154916,-1.16049387933594,-32.5243979819012,-3.41952769479383,-57.0596148547764,-1.91866561875824,-57.3242127373173,-22.8804387603686,-32.5667681307854,-22.464107196569
45,45,738084.76696811,-0.16,0.095,-57.7934561396455,-22.7505875293061,32.2779373534646,25.1660094623868,-1.19577314614371,-32.6960859814531,-2.42435618912094,-57.2355462416701,-0.927263792614291,-57.496067708075,-21.8919404392292,-32.7376135619903,-21.4710648599671
46,46,738084.766968205,-0.16,0.11,-58.1152673265805,-20.4843144152785,32.2638346422332,25.2772081298986,-1.23191623653199,-32.8501554753564,-1.41315664446537,-57.393671111564,0.0800647920461258,-57.6500519788626,-20.8872830842622,-32.890831789564,-20.4618238569753
47,47,738084.7669683,-0.16,0.125,-58.3976112892997,-18.1880433571916,32.2509989681553,25.3793054088653,-1.26886665251536,-32.9858104973241,-0.387644132047755,-57.5331798642831,1.10161064006396,-57.7853632440706,-19.8681643649391,-33.0256284885322,-19.4380906488148
48,48,738084.766968395,-0.16,0.14,-58.6390375012607,-15.8657188838918,32.2394573567645,25.4718434986742,-1.30655719913654,-33.1023454589914,0.650337498129653,-57.6533541447636,2.13553619851175,-57.9012909780718,-18.8364111800096,-33.141299798265,-18.4017013334491
49,49,738084.766968517,-0.16,0.155,-58.8383077156712,-13.5215212586336,32.2292320837194,25.5544158219341,-1.34491017986603,-33.1991559300868,1.6988302060139,-57.7535777903017,3.17989040579085,-57.9972273187206,-17.7939652642824,-33.2372430872885,-17.3546071699133
50,50,738084.766968614,-0.16,0.17,-58.9944152348846,-11.1598308250132,32.2203404432226,25.6266732539058,-1.3838379184228,-33.2757480876785,2.75577879477979,-57.8333464352689,4.23262567225093,-58.0726765979404,-16.7428663468602,-33.3129663853851,-16.2988576456566
51,51,738084.76696871,-0.16,0.185,-59.1066008253151,-8.78518798516761,25.6883295020521,32.212794573098,0.147552704404892,-33.3317465468999,3.81905007677576,-57.8922754813884,5.29161698119004,-58.1272632288829,-15.685233167848,-33.3680961957286,-15.236581395791
52,52,738084.766968805,-0.16,0.2,-59.1743647844856,-6.40224963059104,25.7391654744316,32.2066013395821,0.107773740875045,-33.3669003282642,4.88645377668838,-57.9301061847459,6.35468271595036,-58.1607377025793,-14.6232427442238,-33.4023834425859,-14.1699653671167
53,53,738084.766968934,-0.16,0.215,-59.1974747759662,-4.0157429828434,25.7790324975158,32.2017622842541,0.0677326203486398,-33.3810867719802,5.9557647065992,-57.9467096665498,7.41960674938645,-58.1729805031509,-13.5591083457543,-33.4157073654547,-13.1012326901814
54,54,738084.766969028,-0.16,0.23,-59.1759691805783,-1.63041790775944,25.8078542812636,32.1982736350741,0.0275450585732161,-33.3743132749042,7.02474569586202,-57.9420887205772,8.4841612805593,-58.1640038167896,-12.495056694108,-33.4080772357565,-12.0326197750317
55,55,738084.766969123,-0.16,0.245,-59.1101558660112,0.749001169349877,25.8256275813941,32.1961263782478,-0.0126705990775169,-33.3467167975677,8.09117072837718,-57.9163773629376,9.54612987346049,-58.1339509825242,-11.4333049293612,-33.3796318440324,-10.9663531773524
56,56,738084.766969251,-0.16,0.26,-59.0006064171729,3.11786261108711,25.8324215380119,32.1953063926655,-0.052795477719049,-33.298561163262,9.15284773286311,-57.8698381452192,10.6033301457564,-58.0830937082328,-10.3760378959205,-33.3306367800985,-9.90462678942379
57,57,738084.766969346,-0.16,0.275,-58.8481460308479,5.47163307058906,25.8283757323374,32.1957946402634,-0.0927122973021181,-33.2302322443197,10.2076404884703,-57.8028573262038,11.6536355723781,-58.0118271494414,-9.32538628407188,-33.2614796017483,-8.8495798943051
58,58,738084.766969441,-0.16,0.29,-58.6538394092021,7.80594012738472,32.1975674092236,25.8136970364958,1.43848890010518,-33.1422311985077,11.2534891473974,-57.7159380660963,12.6949959080609,-57.9206630169592,-8.28340612504669,-33.1726630553211,-7.80327658304181
59,59,738084.766969538,-0.16,0.305,-58.4189731091481,10.1166111526034,32.2005966040897,25.7886553737471,1.39932354835875,-33.0351659774071,12.2884289353365,-57.6096918669932,13.7254557919716,-57.8102209389596,-7.25206007929606,-33.0647965703222,-6.76768697612424
60,60,738084.766969664,-0.16,0.32,-58.1450349000829,12.3997076560072,32.2048500758859,25.7535785378049,1.36068885829018,-32.9097413758401,13.3106066657653,-57.4848285313064,14.7431711725306,-57.6812183507528,-6.23320088339163,-32.9385862974168,-5.7446706157385
61,61,738084.766969765,-0.16,0.335,-57.833690752733,14.6515545436283,32.2102919846789,25.7088462473271,1.32267714394698,-32.7667479250293,14.3182947905629,-57.3421449440682,15.7464232766961,-57.5344592193128,-5.22855723531802,-32.7948239926228,-4.73596230926012
62,62,738084.76696986,-0.16,0.35,-57.4867601144818,16.8687639024325,32.2168831892614,25.6548836160281,1.28537111192045,-32.6070499512291,15.3099028020079,-57.1825130045467,16.7336299401933,-57.3708219287154,-4.23972230600871,-32.6343750695326,-3.74316061207216
63,63,738084.766969983,-0.14,0.05,-54.2379486529368,-29.5457118551455,32.2679326889663,25.2447906298535,-1.07199859858387,-31.1115983720152,-5.46658091043306,-55.6459563843634,-3.95910213261176,-55.9192203401145,-24.9187833314778,-31.1559931528157,-24.5138781184055
64,64,738084.76697008,-0.14,0.065,-54.6594284116727,-27.380964793724,32.2501511543588,25.386079216881,-1.1063988912624,-31.3121835624284,-4.50253236246306,-55.8512285551288,-2.99863262093717,-56.1205435575194,-23.961721965972,-31.3557547328438,-23.5523592387672
65,65,738084.766970177,-0.14,0.08,-55.0476414886383,-25.1751959533968,32.2335496404247,25.5194823080992,-1.14185963900345,-31.4973099787252,-3.5190073940655,-56.0408765353328,-2.01879864484587,-56.306163628056,-22.9850850217534,-31.5400454059753,-22.5712062805652
66,66,738084.766970301,-0.14,0.095,-55.4006481736583,-22.9315248089627,32.2181681477575,25.6443910998293,-1.17834647820339,-31.6660392343113,-2.51745386832741,-56.2139463642504,-1.02104392248351,-56.4751327611582,-21.9903019624294,-31.7079282334759,-21.5718565696179
67,67,738084.766970399,-0.14,0.11,-55.7166471729637,-20.6533937137369,32.2040428108397,25.76022808603,-1.21581294777778,-31.8174982043995,-1.49947544701316,-56.3695498861744,-0.00696718378524759,-56.6265696245627,-20.978958119087,-31.8585316543965,-20.5559038697054
68,68,738084.766970496,-0.14,0.125,-55.9940015391691,-18.3445481016427,32.1912055256268,25.8664553403003,-1.25419988873091,-31.9508916788553,-0.466822265429516,-56.5068775924009,1.02168714143364,-56.7596721451414,-19.9527855656358,-31.9910621271953,-19.5250891954879
69,69,738084.766970592,-0.14,0.14,-56.231263170352,-16.0090106383465,32.1796836170702,25.9625825320112,-1.29343514795865,-32.0655143383239,0.578621338639994,-56.6252107837236,2.06304116746159,-56.8737296176066,-18.913651053873,-32.1048160922493,-18.481288673329
70,70,738084.766970688,-0.14,0.155,-56.4271951843388,-13.6510495906912,32.1694995537023,26.0481744501719,-1.3334336515824,-32.1607617135067,1.63485191648309,-56.7239327084625,3.11509860313335,-56.9681337766987,-17.8635411289163,-32.1991909153114,-17.4264985718063
71,71,738084.766970815,-0.14,0.17,-56.5807915076594,-11.2751418877143,32.1606707123823,26.1228578164777,-1.37409790021063,-32.2361398009064,2.69976459232585,-56.8025383444741,4.17576238085036,-57.0423885023395,-16.8045446480337,-32.2736944855301,-16.3628177265193
72,72,738084.766970939,-0.14,0.185,-56.6912930679305,-8.88593154920752,32.1532092031607,26.1863271657947,-1.41531891786212,-32.2912730373458,3.77117301196317,-56.8606425227545,5.2428545373972,-57.0961178568011,-15.7388330251866,-32.3279531706904,-15.2924276834679
73,73,738084.766971034,-0.14,0.2,-56.7582000803078,-6.48818434421312,26.2383496152874,32.147121754545,0.113818666524632,-32.3259103794618,4.84683113833211,-56.8979861345309,6.31413792998157,-57.1290721976637,-14.6686386139689,-32.3617178763148,-14.2175709759744
74,74,738084.766971132,-0.14,0.215,-56.781280028513,-4.08673969359327,26.2787683658446,32.1424096626765,0.0718494701354536,-32.3399292915005,5.92445640063917,-56.9144402214813,7.38733929579655,-57.1411321683379,-13.5962317175475,-32.3748680124457,-13.1405280262758
75,75,738084.766971228,-0.14,0.23,-56.7605710816163,-1.68646094583545,26.3075048253991,32.1390688053274,0.0297031004287088,-32.3333375123555,7.00175364757042,-56.9100078171047,8.46017310770084,-57.1323104366153,-12.5238967708561,-32.3674132395534,-12.0635932196883
76,76,738084.766971323,-0.14,0.245,-56.6963808396512,0.707814778264883,26.3245592910993,32.1370897197913,-0.012483654134211,-32.3062725473851,8.07643932221919,-56.8848234828193,9.5303656460165,-57.1027511273426,-11.4539082739583,-32.3394929396561,-10.9890507329306
77,77,738084.766971446,-0.14,0.26,-56.5892804590618,3.09132596098014,26.3300101789279,32.1364577424307,-0.054573170607404,-32.258998908006,9.14626526875167,-56.8391505608156,10.5956786990241,-57.0527269738226,-10.3885070640288,-32.2913734361347,-9.91915070661639
78,78,738084.766971547,-0.14,0.275,-56.4400943638312,5.45943411057604,26.3240118403749,32.1371532066318,-0.0964297068238604,-32.1919031980201,10.2090415989647,-56.7733762427652,11.6539323229366,-56.9826342895028,-9.32987749631112,-32.2234430617099,-8.85608633461829
79,79,738084.766971683,-0.14,0.29,-56.2498858914737,7.80766814380589,26.3067910550009,32.1391516939062,-0.137922024916858,-32.1054872159947,11.2626580894229,-56.6880046248246,12.7030261346459,-56.8929859326659,-8.28012606292784,-32.1362052442875,-7.80197240122756
80,80,738084.766971809,-0.14,0.305,-56.019939346867,10.1317647748592,32.1424243323089,26.2786423309044,1.39187052833511,-32.000359303917,12.3051036438682,-56.5836479812721,13.7409586743882,-56.7844024984404,-7.24126191550063,-32.0302698412628,-6.75882573369685
81,81,738084.766971901,-0.14,0.32,-55.7517390358653,12.4277041199242,32.1469381357311,26.2399221806511,1.35147062982481,-31.8772242209141,13.3344834368255,-56.4610165385138,14.7658444564483,-56.6576020214881,-6.21517967728249,-31.9063430013281,-5.72854795708054
82,82,738084.766972022,-0.14,0.335,-55.4469459200658,14.6917399200788,32.152656376405,26.1910425669719,1.31177925726714,-31.736871855113,14.3490334475482,-56.3209070661021,15.7759284189319,-56.513388507194,-5.20364483815534,-31.7652158670108,-4.71291084544227
83,83,738084.766972111,-0.14,0.35,-55.1073725726452,16.9204239877354,32.1595389829988,26.1324637283325,1.27288914586211,-31.5801651055993,15.3471321930561,-56.1641906208105,16.7695975828443,-56.3526396281796,-4.20828192695257,-31.6077524500076,-3.71354446414779
84,84,738084.766972219,-0.12,0.05,-51.7788581781486,-29.7329329394594,32.2115449018018,25.6985702936294,-1.04954150741277,-30.0471591262266,-5.56615263333158,-54.5893798515658,-4.05939551329904,-54.8633371610349,-25.0230601652235,-30.09192818093,-24.6206745453859
85,85,738084.766972313,-0.12,0.065,-52.1903683778532,-27.5607109280173,32.1937099836911,25.8456592584722,-1.08493756644785,-30.2432452848813,-4.59747341600139,-54.7902574982315,-3.09431877642466,-55.0602493076933,-24.0614640121257,-30.2871887506353,-23.6546090165834
86,86,738084.766972402,-0.12,0.08,-52.5695469451594,-25.3466849066854,32.1770718509616,25.9844767587794,-1.12152613020129,-30.4242806379452,-3.60891682104009,-54.9759126150446,-2.10947808992824,-55.2418581773256,-23.0798879472487,-30.4673859446595,-22.6685023845028
87,87,738084.766972492,-0.12,0.095,-52.9144747258689,-23.0940112861597,32.1616709190954,26.1143744283341,-1.15927565159119,-30.5893354357,-2.60195078250226,-55.1453991839738,-1.10633716915192,-55.4072239972983,-22.0797808781905,-30.6315914735725,-21.6638114848854
88,88,738084.766972581,-0.12,0.11,-53.2233681464038,-20.8061800791309,32.1475436603935,26.2347370425712,-1.19814031377703,-30.7375439707637,-1.57820443195199,-55.2978357987276,-0.0865201166165899,-55.5554722832532,-21.0627529817681,-30.7789412110804,-20.6421550205816
89,89,738084.766972687,-0.12,0.125,-53.4946052389578,-18.4869948092381,32.1347222285599,26.3449914866065,-1.238059064207,-30.8681172937907,-0.539458614980627,-55.4324185813504,0.948198048121875,-55.6858067139678,-20.0305664313167,-30.908647898372,-19.6053042257497
90,90,738084.766972776,-0.12,0.14,-53.7267502670812,-16.1405460819673,32.1232341225126,26.4446154477038,-1.27895501092284,-30.9803552651043,0.512366683443062,-55.5484334318988,1.99590393528684,-55.7975213260314,-18.985123038882,-31.0200131818824,-18.5551704324401
91,91,738084.766972864,-0.12,0.155,-53.918576242957,-13.7711790829714,32.1131018982049,26.5331455798629,-1.32073527970875,-31.0736575954305,1.57522787850372,-55.6452672591253,3.05456128190269,-55.8900116768674,-17.9284489334545,-31.1124386378257,-17.4937896618619
92,92,738084.766972952,-0.12,0.17,-54.0690846589718,-11.3834554916414,32.1043429340735,26.6101848930644,-1.36329141719384,-31.1475335418733,2.6469760543032,-55.7224178530839,4.12202916365098,-55.9627846380385,-16.8626765054175,-31.1854354499518,-16.4233044721212
93,93,738084.76697304,-0.12,0.185,-54.1775218144961,-8.98211051649145,26.6754091341051,32.0969692556008,0.164295927829585,-31.2016099544872,3.72537762007171,-55.7795020898878,5.19608258059639,-56.0154665106247,-15.7900239533737,-31.2386324362297,-15.345943400639
94,94,738084.766973128,-0.12,0.2,-54.2433912112433,-6.57200595290703,26.7285719528678,32.090987422325,0.120570061065676,-31.235637413309,4.80813691548515,-55.8162622038906,6.27443497975344,-56.0478091998503,-14.7127728662085,-31.2717821648166,-14.2639984364807
95,95,738084.766973217,-0.12,0.215,-54.2664616098294,-4.15808033047294,26.7695086847304,32.0863984798634,0.076473961834928,-31.2494942541847,5.89292024576617,-55.8325699216028,7.35476219695121,-56.059694245565,-13.633244354595,-31.2847649581086,-13.1798010394638
96,96,738084.766973306,-0.12,0.23,-54.2467704815214,-1.7452973385426,26.7981386271027,32.0831979775571,0.0321622006047979,-31.2431883509544,6.97738076708052,-55.8284283217928,8.43472724070442,-56.0511345755666,-12.5537743069281,-31.2775906530258,-12.0956972838192
97,97,738084.766973393,-0.12,0.245,-54.1846227451302,0.661406209019286,26.8144657416073,32.0813760509113,-0.0122059235308949,-31.2168565981744,8.05918360739325,-55.8039713638517,9.51200530574854,-56.0222739265384,-11.4766883808677,-31.2503980622429,-11.0140227403938
98,98,738084.766973514,-0.12,0.26,-54.0805848420433,3.05717159328574,26.8185777693632,32.0809175663547,-0.056469827384371,-31.1707621181077,9.13603059974353,-55.759461107154,10.5843083959079,-55.9733839580016,-10.4042773508602,-31.2034521606426,-9.93707772049479
99,99,738084.766973604,-0.12,0.275,-53.9354743596057,5.43726735532815,26.8106438057931,32.0818023250074,-0.100471158934986,-31.1052892937293,10.205684024305,-55.6952827233411,11.6494089554435,-55.9048591638584,-9.33877341373318,-31.1371390992415,-8.86710348594115
100,100,738084.766973724,-0.12,0.29,-53.7503455613071,7.7971352649811,26.7909104337989,32.0840053200349,-0.144057192521181,-31.020936801588,11.2659888011798,-55.6119374766577,12.7051619535738,-55.8172097590255,-8.28232801002209,-31.0519592208835,-7.80625998515653
101,101,738084.766973814,-0.12,0.305,-53.526471308469,10.1324320867842,32.0874970415061,26.7596965627688,1.38371240279759,-30.9183088807047,12.3148926444421,-55.5100339108495,13.7495249352614,-55.7110527817623,-7.2369916512771,-30.9485183142248,-6.75660560729192
102,102,738084.766973928,-0.12,0.32,-53.2653219576024,12.4390663189514,32.0922438224937,26.7173871606206,1.34137761032813,-30.798105123097,13.3504637748376,-55.3902775314607,14.7805756379836,-55.5871017022094,-6.20469615775897,-30.8275173918994,-5.72007936006473
103,103,738084.766974039,-0.12,0.335,-52.9685418896629,14.7132292812023,32.0982082183459,26.6644260933539,1.29985393837321,-30.6611091060852,14.3709058881649,-55.2534593075874,15.7965268734676,-55.4461548624722,-5.18723961225687,-30.6897413131671,-4.69848577781622
104,104,738084.766974138,-0.12,0.35,-52.637924363507,16.9514201462755,32.1053494116405,26.6013083054128,1.25924564142705,-30.5081762052259,15.3745701825205,-55.1004433363746,16.7957384791138,-55.2890830922951,-4.18627423033843,-30.5360465899933,-3.69348276037079
105,105,738084.766974248,-0.1,0.05,-49.2356672227482,-29.8940399589035,32.1584237163372,26.1419371844108,-1.02512708099091,-28.9403589493898,-5.65346932361298,-53.4901282644683,-4.14755813813985,-53.7647359296297,-25.1147970387166,-28.9855036324023,-24.714952387805
106,106,738084.76697435,-0.1,0.065,-49.6355046895521,-27.7163031221725,32.1405660068036,26.2946184145529,-1.06152936115249,-29.1311023795156,-4.68108010912984,-53.6857598428957,-3.17879249290758,-53.9563894884715,-24.1495763986145,-29.1754205016395,-23.7452559840738
107,107,738084.766974469,-0.1,0.08,-50.0040718525538,-25.496093584747,32.1239189547979,26.4386542998263,-1.09927571746589,-29.3072651659692,-3.68846727834671,-53.8666330798177,-2.18991779634367,-54.1332023901314,-23.1640264356625,-29.3507437503908,-22.7551664993075
108,108,738084.766974562,-0.1,0.095,-50.3394834017356,-23.2365973251543,32.1085232063739,26.573358263214,-1.13833959278006,-29.4679327606277,-2.67711534680235,-54.0318165138873,-1.18241427466204,-54.2942494777424,-22.1596120719377,-29.5105602984374,-21.7461568225817
109,109,738084.76697465,-0.1,0.11,-50.6399860080767,-20.9413432669808,32.0944154037456,26.6980786515065,-1.17867764146899,-29.6122530652995,-1.64867475569539,-54.1804417280807,-0.157927249395829,-54.4386693356886,-21.1379642302344,-29.654019640609,-20.7198664667608
110,110,738084.766974741,-0.1,0.125,-50.9039842069857,-18.6141829639685,32.0816278075491,26.8122083737486,-1.22022823377385,-29.7394490920593,-0.604952261438166,-54.3117162219387,0.881742459517568,-54.565677119689,-20.1008704438294,-29.7803464957017,-19.6780921148446
111,111,738084.766974829,-0.1,0.14,-51.1300649190341,-16.2592636890146,32.0701879602386,26.9151942492395,-1.26291037973847,-29.8488309765282,0.452101895045493,-54.4249356338092,1.93465133585885,-54.6745767230651,-19.0502622524184,-29.8888528057075,-18.622774939346
112,112,738084.766974917,-0.1,0.155,-51.3170198960502,-13.8809951919066,32.0601183982131,27.0065457931642,-1.30662322165462,-29.9398069943984,1.5204099126858,-54.5194949578071,2.99872904765268,-54.7647719244943,-17.9881995053732,-29.9789487358488,-17.5559848170065
113,113,738084.766975006,-0.1,0.17,-51.4638654078748,-11.4840106277287,32.0514364186331,27.0858431688967,-1.35124623094929,-30.0118932440291,2.59778520629916,-54.5948984126814,4.07179716440008,-54.8357761755212,-16.9168518085073,-30.0501523385406,-16.4799016766775
114,114,738084.766975095,-0.1,0.185,-51.5698585449728,-9.07312238492382,32.0441539055384,27.1527440527774,-1.39664021524783,-30.0647216869319,3.68195368008236,-54.6507676489992,5.15159035765567,-54.8872207158021,-15.8384774626028,-30.1020975735046,-15.3967943307242
115,115,738084.766975184,-0.1,0.2,-51.6345096031994,-6.65327374976545,27.2069891858776,32.038277220017,0.128147135275181,-30.0980462828052,4.77057704206589,-54.6868480263112,6.23577962982586,-54.9188607497614,-14.7554003443828,-30.1345404211495,-14.3089972431008
116,116,738084.766975273,-0.1,0.215,-51.6575901384569,-4.22948752091973,27.2484064280666,32.0338071552782,0.0816932115753031,-30.1117470146945,5.8612776171087,-54.7030127516267,7.32199703064493,-54.9305794783758,-13.6699852669217,-30.1473628853291,-13.2188857738534
117,117,738084.76697536,-0.1,0.23,-51.6391364210371,-1.80681281590855,27.2769131816147,32.0307389582073,0.0349749464280235,-30.1058316700829,6.95166405212012,-54.6992647416758,8.40786125731079,-54.9223898512053,-12.5846124210658,-30.1405747518469,-12.1288505045315
118,118,738084.766975449,-0.1,0.245,-51.5794481792359,0.609728612108618,27.292517109463,32.0290624154178,-0.0118206036525087,-30.0804353213184,8.0393572695957,-54.6757361501353,9.49100349699124,-54.8944339826541,-11.5016515379098,-30.1143130467135,-11.0412712875114
119,119,738084.766975545,-0.1,0.26,-51.4790826835878,3.015195209245,27.2953151368539,32.0287620030109,-0.0585044286349789,-30.0358175295469,9.12201601677934,-54.6326855829539,10.5690928618576,-54.8469802584534,-10.4234364222342,-30.068839218864,-9.95849167198071
120,120,738084.766975634,-0.1,0.275,-51.3388443872704,5.40477631509355,27.2854907869352,32.0298170940447,-0.104890182071205,-29.9723573754055,10.1973613783279,-54.5704931052871,11.6398607874278,-54.7804182385575,-9.35224048744815,-30.0045341511392,-8.88279433975036
121,121,738084.766975723,-0.1,0.29,-51.1597704839095,7.77383951826057,27.2633099609097,32.0322022203252,-0.150798637701095,-29.8905464928172,11.2631996686868,-54.4896532177885,12.701123813307,-54.6952515367601,-8.2902538754699,-29.9218911763265,-7.81637813660177
122,122,738084.766975811,-0.1,0.305,-50.9431128734079,10.1179736275799,27.2291153253624,32.0358873819045,-0.196061723777687,-29.7909803451642,12.3174431930807,-54.3907660441089,13.7508042379136,-54.5920889210202,-7.2395626735269,-29.8215073379243,-6.76133721299495
123,123,738084.766975901,-0.1,0.32,-50.6903171273623,12.4330263985291,32.0408383973364,27.1833195118642,1.33027040810889,-29.6743480329013,13.358128458076,-54.2745270221747,14.7869482305517,-54.4716339288548,-6.20213064891786,-29.7040731849747,-5.71964269653128
124,124,738084.766975989,-0.1,0.335,-50.4029991154647,14.7151363704166,32.0470172868501,27.1263973653607,1.28674146887881,-29.5414209561838,14.3834315180334,-54.1417154270516,15.8077410891669,-54.3346733268891,-5.17978381841092,-29.5703614247211,-4.69312721365919
125,125,738084.766976077,-0.1,0.35,-50.0829199911193,16.9607583995353,32.0543826814556,27.058877495637,1.24426524837805,-29.3930406743389,15.3916802558928,-53.9931820720229,16.8115194438168,-54.1820647620097,-4.17419805760731,-29.4212147750031,-3.68347246624623
126,126,738084.766976191,-0.08,0.05,-46.6139392562814,-30.0274823472487,32.1086243559698,26.5724685132036,-0.998527702898476,-27.7936744972531,-5.727735647673,-52.3506369356158,-4.22279636756869,-52.6258478650533,-25.1931702344858,-27.8391948190746,-24.7958790273715
127,127,738084.766976315,-0.08,0.065,-47.0004496131336,-27.846260812325,32.0907751129127,26.7304629690174,-1.03593349392512,-27.9782527827929,-4.75259537295414,-52.5401909350379,-3.25129824237397,-52.8114154960107,-24.2252725414082,-28.0229466011065,-23.823504774916
128,128,738084.766976434,-0.08,0.08,-47.3568719174339,-25.6220225138741,32.074147404911,26.879454452475,-1.0748572218424,-28.1487804576595,-3.75694557797021,-52.7155110524424,-2.25940593932737,-52.9826656077121,-23.2367566862251,-28.1926344248236,-22.8304461916123
129,129,738084.766976523,-0.08,0.095,-47.6813680210574,-23.3579752829349,32.0587819209114,27.0187202291745,-1.11528037540138,-28.3043647727565,-2.74228368214155,-52.8756870419985,-1.24861252136413,-53.138694301032,-22.2290999985836,-28.3473670116819,-21.8181885851327
130,130,738084.766976611,-0.08,0.11,-47.9722274246528,-21.0576776559496,32.0447153009737,27.1475741904855,-1.15716479277432,-28.4441734760492,-1.71027698554454,-53.0198697728558,-0.22058008561334,-53.2786595058394,-21.2039497677496,-28.486313709047,-20.7883878682974
131,131,738084.766976699,-0.08,0.125,-48.2278927706589,-18.7250184026864,32.0319797598227,27.2653771253616,-1.20045040480533,-28.5674472948706,-0.662752963300169,-53.1472839333466,0.822869928402944,-53.4017936427921,-20.1631137655433,-28.6087169610833,-19.7428610186331
132,132,738084.766976789,-0.08,0.14,-48.4469840198593,-16.3641892398937,32.0206027522115,27.3715466900647,-1.24505344249839,-28.6735117921782,0.398313769768465,-53.257240106108,1.87976974478419,-53.5074156417414,-19.1085474462729,-28.7139041508485,-18.6835732012421
133,133,738084.766976877,-0.08,0.155,-48.6283206033959,-13.9796509951567,32.0106066873552,27.4655667813962,-1.29086533097922,-28.7617882483773,1.47081769772265,-53.3491458598135,2.94802144477308,-53.5949419630572,-18.0423379444472,-28.8012984654265,-17.6126216769068
134,134,738084.766976966,-0.08,0.17,-48.7709408670033,-11.5760937321918,32.0020086986477,27.5469960219441,-1.33775248670105,-28.8318032323128,2.55254159827656,-53.4225155151757,4.02541610101605,-53.6638962806017,-16.9666851112284,-28.8704284479951,-16.5322167380509
135,135,738084.766977054,-0.08,0.185,-48.8741181836612,-9.15839158503164,31.9948204740496,27.6154750824176,-1.38555720129394,-28.8831965535774,3.64117832920068,-53.4769782715872,5.10965548891266,-53.7139175143622,-15.8838799479149,-28.9209359293731,-15.4446600329915
136,136,738084.766977143,-0.08,0.2,-48.9373732020345,-6.7315532710013,31.9890481490259,27.6707325970725,-1.43409972873243,-28.9157273328098,4.7343547345689,-53.512284425823,6.19837590468361,-53.7447659462085,-14.7962809021303,-28.9525820762173,-14.352320746694
137,137,738084.76697723,-0.08,0.215,-48.9604818172561,-4.30066943153772,27.712589473583,31.9846922659204,0.0876147286316541,-28.9292779854666,5.82965710884762,-53.5283094737762,7.2891735301112,-53.7563272122415,-13.7062885830434,-28.9652513518716,-13.2576101971974
138,138,738084.766977318,-0.08,0.23,-48.9434785944844,-1.87085809002936,27.7409614534452,31.9817477988476,0.0382062686552273,-28.9238559847149,6.92465758965665,-53.5250559573573,8.37963071718047,-53.7486140365942,-12.6163195197986,-28.9589532561347,-12.1629554749164
139,139,738084.766977406,-0.08,0.245,-48.8866555336161,0.552790405455457,27.7558598433051,31.9802042438677,-0.0113071111342838,-28.8995933468328,8.01694081048686,-53.5026529976147,9.46734252663502,-53.7217656506491,-11.5287796278518,-28.9338217879072,-11.0707727925688
140,140,738084.766977531,-0.08,0.26,-48.7905562278232,2.96526756767335,27.7573904056217,31.9800457709416,-0.0607007784969583,-28.8567438633185,9.10413013534657,-53.4613535372278,10.5499428453671,-53.6760449237871,-10.4460380583539,-28.8901126555267,-9.98344122384986
141,141,738084.76697762,-0.08,0.275,-48.6559656294894,5.36169873998659,27.7457504650294,31.9812514350804,-0.109753300259484,-28.795678183149,10.1839128188539,-53.4015293960973,11.6251294292027,-53.6118333122017,-9.3704020854392,-28.8281983387789,-8.90327748843304
142,142,738084.766977708,-0.08,0.29,-48.4838957864408,7.73739161081172,31.9837954400577,27.721224351032,1.41254393985268,-28.7168769216886,11.2540634859966,-53.3236643180976,12.6906872682635,-53.5296238064621,-8.30409363689667,-28.7485611795424,-7.83251239116134
143,143,738084.766977798,-0.08,0.305,-48.2755680372984,10.0878801891322,27.6841773544428,31.987647450418,-0.206000229711556,-28.6209220355892,12.312465402033,-53.228345251121,13.744509748173,-53.430012122194,-7.24922799873483,-28.6517847408438,-6.77326944787258
144,144,738084.766977887,-0.08,0.32,-48.0323922578638,12.4089633514986,31.9927729427592,27.6350484204909,1.31797841556874,-28.5084867525658,13.3571290994921,-53.1162521530229,14.7846171765333,-53.313686428344,-6.2077951288564,-28.5385437234819,-5.72754613449093
145,145,738084.766977976,-0.08,0.335,-47.7559438165655,14.6967373000231,31.9991335907344,27.574341834991,1.27224764693351,-28.3803243790047,14.38620803957,-52.9881466510161,15.8091723540503,-53.181415941871,-5.18164390574701,-28.4095927633692,-4.69719808615394
146,146,738084.766978064,-0.08,0.35,-47.4479389355063,16.9476215063294,32.0066876752816,27.5026181788408,1.22773633020183,-28.2372563261321,15.3980111024529,-52.8448599003099,16.8164929864461,-53.0340387355166,-4.17246952167841,-28.2657544504128,-3.68392645619486
147,147,738084.766978174,-0.06,0.05,-43.920264473377,-30.1319386189025,32.0621815826238,26.9877745458935,-0.969487432505827,-26.6101013699111,-5.78826659439911,-51.1738623643214,-4.28442558730206,-51.4496257355659,-25.2574686468839,-26.6559959488151,-24.8627339816264
148,148,738084.766978282,-0.06,0.065,-44.291875142751,-27.9493167579921,32.0443722725214,27.1507328712906,-1.00787556915476,-26.7877298714155,-4.81136487777934,-51.3565438824053,-3.31118194351204,-51.6283168144028,-24.2878709957794,-26.8327990449145,-23.8886646227664
149,149,738084.766978401,-0.06,0.08,-44.634693424772,-25.7232682042838,32.0277923148131,27.3043509783019,-1.04798066028615,-26.9518942685855,-3.81373291463373,-51.5255729141583,-2.31732379398071,-51.7932707164661,-23.2974317899556,-26.9961243589982,-22.8936853158747
150,150,738084.766978493,-0.06,0.095,-44.9469413315992,-23.4570146650763,32.0124822533095,27.4478727352466,-1.08979649024329,-27.1017300669749,-2.79687720358187,-51.6800669578153,-1.30435321753767,-51.9436113115647,-22.2876370224888,-27.1451088647942,-21.8792900150092
151,151,738084.766978589,-0.06,0.11,-45.2269635021457,-21.1541345521809,31.9984785551215,27.5805802357269,-1.13329404524028,-27.2364309755565,-1.76247721575886,-51.8192023547501,-0.273944407222993,-52.0785220400742,-21.2601457425046,-27.2789478713656,-20.8471463950782
152,152,738084.766978685,-0.06,0.125,-45.4732520570499,-18.8185424185142,31.9858132372895,27.7018046527282,-1.17841817437804,-27.3552610878268,-0.712375625814825,-51.9422267012049,0.772066084527351,-52.1972582821382,-20.2167805217425,-27.3969071928429,-19.7990862554323
153,153,738084.766978781,-0.06,0.14,-45.684470189505,-16.4544614095272,31.9745135373217,27.8109367789545,-1.22508472138461,-27.4575664614563,0.351434873569674,-52.0484706554139,1.8316925012925,-52.2991591076057,-19.1595145116051,-27.4983347138963,-18.7370924997963
154,154,738084.766978876,-0.06,0.155,-45.8594737984572,-14.0663889909148,31.9646016318291,27.9074369394034,-1.27317845598654,-27.5427857537476,1.42682804758586,-52.1373587912158,2.90281631238642,-52.3836580583726,-18.0904552108205,-27.5826710083922,-17.6632828137936
155,155,738084.766978997,-0.06,0.17,-45.9973304897392,-11.6590564706874,31.9560944116225,27.9908439649741,-1.32255214659502,-27.610459581525,2.51156363482557,-52.2084191604994,3.98320566640371,-52.4502926265941,-17.0118251881613,-27.6494586801835,-16.5798902861763
156,156,738084.766979127,-0.06,0.185,-46.0973353315844,-9.2373830799209,28.0607829333878,31.9490033160247,0.197769239757724,-27.660238301928,3.60330952992162,-52.2612912549254,5.07053749699596,-52.4987121208234,-15.9259401262222,-27.6983501228866,-15.4892413419288
157,157,738084.766979236,-0.06,0.2,-46.1590228379213,-6.80642560159708,31.9433342315195,28.116971417133,-1.42439530701641,-27.6918879542366,4.69966614950944,-52.2957321015265,6.16242179856819,-52.5286836568455,-14.8351846636933,-27.7291134392835,-14.3937314672587
158,158,738084.766979335,-0.06,0.215,-46.1821747725501,-4.3713247318647,28.1592240257282,31.9390874545867,0.094372768627906,-27.7052941608203,5.79819240403195,-52.3116202855583,7.25642749643751,-52.5400960690659,-13.74198660769,-27.7416363189774,-13.2957993009558
159,159,738084.76697943,-0.06,0.23,-46.166823507342,-1.93724949405347,28.187455089797,31.9362577199715,0.0419373374029838,-27.7004638544744,6.89643262808768,-52.3089577641956,8.35010926662269,-52.532961608895,-12.6487901582814,-27.735927742187,-12.1978997373547
160,160,738084.766979525,-0.06,0.245,-46.1132508235155,0.49065888359809,28.2016794017176,31.9348342943389,-0.0106398997981961,-27.6775247762022,7.99194378083516,-52.2878694127058,9.44103461960625,-52.5074153747551,-11.5580288295332,-27.7121174543462,-11.1024767283719
161,161,738084.76697962,-0.06,0.26,-46.0219822089228,2.90734220223399,28.2020110021908,31.9348011298252,-0.0630890661733815,-27.6367227673506,9.08232221822089,-52.2486003259439,10.5268105528726,-52.4637124995624,-10.4720987623304,-27.6704532360179,-10.0119364829468
162,162,738084.766979714,-0.06,0.275,-45.8937768610053,5.30787825415583,28.1886600734748,31.9361370764864,-0.115144149426115,-27.5784169582453,10.1652293610931,-52.1915109776471,11.6051090994118,-52.4022232011053,-9.39333310327497,-27.6112960708502,-8.92862174101064
163,163,738084.766979842,-0.06,0.29,-45.7296137534079,7.68753023847062,31.9388161468931,28.1619280700035,1.40424525234195,-27.5030730275975,11.2384156358665,-52.1170704134966,12.6736911519044,-52.3234258739383,-8.32397807273224,-27.535113386314,-7.85478774752364
164,164,738084.766979938,-0.06,0.305,-45.530674249252,10.0417915158112,31.942807826998,28.122201277087,1.35372144603744,-27.4112547688712,12.2997421434901,-52.0258477170983,13.7304280212015,-52.2278984642833,-7.26617126735297,-27.4424706038546,-6.79258047392006
165,165,738084.766980033,-0.06,0.32,-45.2983218423579,12.3664247930799,31.9480774271456,28.0699430369455,1.30429079976447,-27.303614248512,13.3471996125406,-51.9185020377418,14.773320287445,-52.1163084186664,-6.22192264357328,-27.3340212836447,-5.74401753494615
166,166,738084.766980128,-0.06,0.335,-45.0340796757551,14.6574950598602,31.9545864659428,28.0056849171702,1.25613430473002,-27.1808808742195,14.3789243065728,-51.7957715029812,15.8005136160789,-51.989401530687,-5.19309851535099,-27.2104961823293,-4.71097213505691
167,167,738084.766980224,-0.06,0.35,-44.739606522301,16.911395848358,31.9622930776547,27.930017115498,1.20940154779836,-27.0438497085986,15.3932106772015,-51.6584613566952,16.8103113318518,-51.8479900274509,-4.18140877890035,-27.0726915591777,-3.6951602574869
168,168,738084.76698034,-0.04,0.05,-41.1621975459718,-30.206353703532,32.0191091314812,27.38555117684,-0.937719881384795,-25.3931260125213,-5.8345063387569,-49.9632549999763,-4.33188899324345,-50.2395167122933,-25.3071132657952,-25.4393920498566,-24.9149285411949
169,169,738084.76698044,-0.04,0.065,-41.5174502424615,-28.0244529922662,32.001370967822,27.5530565701448,-0.97704377961397,-25.5630741598895,-4.85685515467038,-50.1383221531829,-3.35790900669956,-50.41059370195,-24.3368142321531,-25.6085169302362,-23.9401682881716
170,170,738084.766980536,-0.04,0.08,-41.8453100644377,-25.7988573547441,31.9848668861408,27.7109088613938,-1.01831154464156,-25.7201967504387,-3.85832206335773,-50.3003707778836,-2.36316285919471,-50.5685667052482,-23.3455196149045,-25.7648022911892,-22.9443420472547
171,171,738084.766980662,-0.04,0.095,-42.1440715040303,-23.5327942272744,31.9696371015263,27.8583219623364,-1.06153509800992,-25.8636636790051,-2.84041871434937,-50.448552334359,-1.3491577215512,-50.7125935613024,-22.3347202313738,-25.9074194883546,-21.9289485519144
172,172,738084.766980758,-0.04,0.11,-42.4121460260565,-21.2298518435959,31.9557177413195,27.9945494866987,-1.10670028969015,-25.9927004358234,-1.80483188511259,-50.5820745378457,-0.317575026960467,-50.8418891010154,-21.3060821156605,-26.0355956070103,-20.8956624328865
173,173,738084.766980853,-0.04,0.125,-42.6480860438914,-18.8939586452622,31.9431404782647,28.11889611988,-1.1537620404637,-26.106599866979,-0.75341368006983,-50.7002133568217,0.729739315323925,-50.9557371028765,-20.2614369587441,-26.1486252112652,-19.846324596056
174,174,738084.766980947,-0.04,0.14,-42.8506076911977,-16.5293555870179,31.9319322079302,28.2307286634605,-1.20263987710208,-26.2047333611534,0.311831748304587,-50.8023244343391,1.79078816808705,-51.0535016568973,-19.2027690777891,-26.2458815166894,-18.7829291150458
175,175,738084.766981072,-0.04,0.155,-43.0186117169302,-14.1405615955636,31.9221147739543,28.3294864235575,-1.25321433729149,-26.2865611298548,1.38876483090221,-50.8878535931632,2.8634397503933,-51.1346375979883,-18.132199033943,-26.3268266537364,-17.7076067589011
176,176,738084.766981185,-0.04,0.17,-43.1512018480911,-11.7323327040898,31.9137047496649,28.4146906143867,-1.30532477728007,-26.3516412590393,2.47513031277253,-50.956346096109,3.94544730517477,-51.198699681319,-17.0519641452221,-26.3910207002059,-16.6226054031247
177,177,738084.76698128,-0.04,0.185,-43.2477000236363,-9.30961563587856,31.9067132788657,28.4859524670618,-1.35876911011207,-26.3996372368469,3.56857970537647,-51.0074543600592,5.03447147318906,-51.245350199768,-15.9643962656914,-26.438129187844,-15.530267697439
178,178,738084.766981375,-0.04,0.2,-43.3076579877901,-6.8774968447381,31.9011459787909,28.5429797688581,-1.41330590749626,-26.4303237045526,4.66669596818289,-51.0409438650004,6.12810488275012,-51.2743647869819,-14.8718973165104,-26.4679288306891,-14.4330064784524
179,179,738084.766981471,-0.04,0.215,-43.3308648457682,-4.44114821319819,28.5855816084847,31.8970029084973,0.102137220364342,-26.4435902340582,5.76701983126188,-51.0566970565486,7.22389836895979,-51.2856362070687,-13.7769131511027,-26.4803112790548,-13.3332785124426
180,180,738084.766981565,-0.04,0.23,-43.3173503221184,-2.00577075975345,28.6136711668388,31.8942786002258,0.0462710457139367,-26.4394430026477,6.86707709874705,-51.0547151088515,8.31938816484344,-51.2791760007015,-12.6819064092803,-26.4752847704758,-12.2335572262325
181,181,738084.766981659,-0.04,0.245,-43.2673836145439,0.423462212460266,28.6272664636992,31.8929621543623,-0.00978678757881772,-26.4180043104245,7.96440623063401,-51.0351174908364,9.41212336474438,-51.255113933638,-11.5893290585762,-26.4529736236796,-11.1363051276421
182,182,738084.766981753,-0.04,0.26,-43.1814678921769,2.84146106724996,28.6264890500241,31.893037394952,-0.0657080605500026,-26.3795099636825,9.05658549027985,-50.9981393579276,10.4996929504487,-51.2136952728824,-10.5015953323983,-26.4136155994199,-10.0439466282481
183,183,738084.766981847,-0.04,0.275,-43.0603306443816,5.24327347897223,31.8944830812704,28.6115607112681,1.44962708139263,-26.3243046236022,10.1412589677696,-50.9441268690631,11.5797516933972,-51.155275993281,-9.42105575318243,-26.3575572281839,-8.95884195954388
184,184,738084.766981941,-0.04,0.29,-42.9049102268291,7.62413446763582,31.897273171085,28.5827983206951,1.39493363546548,-26.2528352899154,11.2161608432488,-50.8735306004095,12.6500443001907,-51.0803160886997,-8.34997287622538,-26.2852472748867,-7.88326282071093
185,185,738084.766982035,-0.04,0.305,-42.7163390749882,9.97951169029873,31.9013771285781,28.5406070452559,1.3412898694907,-26.1656431493584,12.2791373354397,-50.7868972887315,13.7084272495097,-50.9893712230808,-7.29049931013495,-26.1972285708188,-6.81937031602333
186,186,738084.766982133,-0.04,0.32,-42.4959241493852,12.305145063656,31.9067602731097,28.4854721577253,1.28894427059497,-26.0633540660185,13.3281658831848,-50.6848601856725,14.7528878708566,-50.8830830045697,-6.2446584685078,-26.0941284902432,-5.76919563802417
187,187,738084.766982256,-0.04,0.335,-42.2451252447572,14.5970800285986,31.9133841574228,28.4179497465629,1.23810664902846,-25.9466680228427,14.3613712250127,-50.5681283372743,15.7815603322504,-50.7621681984287,-5.21432839136969,-25.9766483811518,-4.73462383597786
188,188,738084.76698235,-0.04,0.35,-41.9655318255732,16.8516940258343,31.9212069716884,28.338656633773,1.18894553678323,-25.8163478400012,15.3770381660245,-50.4374751200218,16.7927383278009,-50.6274072108544,-4.2012288514969,-25.845552275927,-3.71738088508471
189,189,738084.766982466,-0.02,0.05,-38.3481631384887,-30.249970245737,27.7636327588213,31.9793996399634,0.667889362573961,-24.1466813044783,-5.86604413465929,-48.7227156435312,-4.36477344373247,-48.9994188517531,-25.3416736326712,-24.1933145854814,-24.9520223972329
190,190,738084.766982618,-0.02,0.065,-38.6857444023406,-28.0709311037338,31.9617631351269,27.9352061407145,-0.943085567621945,-24.3082879593743,-4.88866892614008,-48.8894950833096,-3.39107962658358,-49.1622127776712,-24.3716845606818,-24.3541011397675,-23.977588154235
191,191,738084.766982733,-0.02,0.08,-38.9974247017012,-25.8480758135183,31.9453623654576,28.0968416198161,-0.985465043993836,-24.4577542603829,-3.89033199466495,-49.0439371805854,-2.3965394379093,-49.3125834344173,-23.3806180452402,-24.5027331413569,-22.9820042905731
192,192,738084.766982829,-0.02,0.095,-39.2815823018745,-23.5846293142431,31.9302370414344,28.2477272171027,-1.03008337264385,-24.5942901311842,-2.87254615360663,-49.185233089452,-1.38266115849739,-49.4497283445329,-22.3699658368477,-24.638421962472,-21.9667704010556
193,193,738084.766982924,-0.02,0.11,-39.5367062238823,-21.2841794245704,31.9164227919869,28.3870919900701,-1.07694939862426,-24.7171582008249,-1.83700051020874,-49.3126273465628,-0.351128494976178,-49.5728991551218,-21.3413960747884,-24.7604318164859,-20.9335631615515
194,194,738084.766983019,-0.02,0.125,-39.7614191161345,-18.9506562915101,31.9039508069937,28.5142178372473,-1.12603588489893,-24.8256850320119,-0.785550663463593,-49.4254293427728,0.696209207052047,-49.681413067193,-20.2967437299601,-24.8680909751206,-19.8842267106774
195,195,738084.766983113,-0.02,0.14,-39.9544989896898,-16.588304667006,31.8928475230657,28.6284509661261,-1.1772727111039,-24.919271806185,0.279794610177429,-49.5230242481861,1.75735024577228,-49.7746637033608,-19.2379975427271,-24.9608024395362,-18.8207595117775
196,196,738084.766983207,-0.02,0.155,-40.1148991693235,-14.2016492713876,31.8831343576127,28.7292126798106,-1.23054088932312,-24.997404146503,1.35689005862526,-49.6048830651207,2.83015721696525,-49.8521310889539,-18.1672835741862,-25.0380537466169,-17.7452978146508
197,197,738084.766983301,-0.02,0.17,-40.2417658347158,-11.7954537652132,31.8748274984095,28.8160091396657,-1.28566821532163,-25.0596607699802,2.44347378945661,-49.6705714935774,3.91237678516067,-49.9133904322396,-17.0868456182165,-25.0994256020038,-16.6600959660387
198,198,738084.766983397,-0.02,0.185,-40.3344525789283,-9.374674107895,31.8679377514206,28.8884397801808,-1.34242743517289,-25.1057206855736,3.53718985808316,-49.7197573195313,5.00166219248868,-49.958119415752,-15.9990228480891,-25.144599057063,-15.5675039447954
199,199,738084.76698349,-0.02,0.2,-40.3925314933059,-6.94440731793973,31.8624704501566,28.9462040899312,-1.40053772804637,-25.1353686955034,4.63561311228598,-49.7522160774872,6.09559801027638,-49.9861037523498,-14.9062251874639,-25.1733609875795,-14.4699426141894
200,200,738084.766983583,-0.02,0.215,-40.4158003983293,-4.50983684929169,28.9891065241436,31.8584254274817,0.111126278270245,-25.1484990110648,5.73627569886069,-49.7678347935289,7.19172654124834,-49.9972408147785,-13.8109069938303,-25.1856076859934,-13.3698772823425
201,201,738084.766983677,-0.02,0.23,-40.4042859697248,-2.07617594388205,29.0170593822612,31.8557970517078,0.0513398877378384,-25.145116858716,6.83669456517707,-49.7666136807513,8.2875752077034,-49.99154121358,-12.7155397161882,-25.1813464435701,-12.2697902357915
202,202,738084.76698377,-0.02,0.245,-40.3582426581585,0.351389586588763,29.0300835577234,31.8545743214692,-0.00870654132983887,-25.1253380239806,7.93439924529163,-49.7486657320999,9.38068421823078,-49.9691282714235,-11.6225842330026,-25.1606950707052,-11.1721529554507
203,203,738084.766983866,-0.02,0.26,-40.2781474483558,2.76775768026994,29.0283071489315,31.854741021809,-0.0686082601584787,-25.0893863553545,9.02695920988249,-49.7142142317006,10.4686337953882,-49.9302354180688,-10.5344635880919,-25.1238793781344,-10.0793987358164
204,204,738084.766983961,-0.02,0.275,-40.1646906548548,5.16796401977737,29.0119620020019,31.8562759336601,-0.127966231224389,-25.0375893235183,10.1120100823177,-49.6635882804247,11.5490702698702,-49.8752016047207,-9.45353682049562,-25.0712287149653,-8.99389640640307
205,205,738084.766984054,-0.02,0.29,-40.0187630871626,7.5472323884756,31.8591530935324,28.981378330366,1.38439333912756,-24.9703717985146,11.1872780778173,-49.597216500233,12.6197304012641,-49.8044649050681,-8.3820745311598,-25.0031697266974,-7.91792580085168
206,206,738084.766984147,-0.02,0.305,-39.8414400343185,9.9010202411748,31.8633420977291,28.9369776235388,1.3272199406657,-24.8882482653095,12.2506021049138,-49.5156191409257,13.6784633675291,-49.7185545290431,-7.32223674846971,-24.9202185540614,-6.85365553785098
207,207,738084.766984241,-0.02,0.32,-39.6339626104924,12.2250585540633,31.8688084438148,28.8792641115764,1.27160623787926,-24.7918137433774,13.29995307246,-49.4193988592784,14.7232499690117,-49.6180815211992,-6.27605355190592,-24.8229717386721,-5.80312357474857
208,208,738084.766984335,-0.02,0.335,-39.3977170655317,14.5153852617781,31.8755139032956,28.8088150885228,1.21779617554046,-24.6817337067714,14.3334500642121,-49.3092304722166,15.7522187111766,-49.5037284467767,-5.24540879544621,-24.7120961321335,-4.76822087646456
209,209,738084.766984429,-0.02,0.35,-39.1342126963916,16.7683718433385,31.8834169184065,28.7262704200132,1.16597866722027,-24.5587333166628,15.3493731689771,-49.1858500017984,16.7636585556514,-49.3762383840812,-4.23202714725671,-24.5883181207008,-3.75067841667338
210,210,738084.766984554,0,0.05,-35.487331249801,-30.2623521263292,28.1200427035697,31.9430250693678,0.706097069472572,-22.8750868067601,-5.8826263638129,-47.4565364181857,-4.38282150991322,-47.7336221340284,-25.3608803674242,-22.9220817277863,-24.9737363510728
211,211,738084.766984671,0,0.065,-35.8060995972358,-28.0883151518693,28.2951500808772,31.925519616186,0.665190862838226,-23.0277739781667,-4.90655679661047,-47.6144372319291,-3.41044047694648,-47.8875464434342,-24.3922163250799,-23.0739529688794,-24.0006486050924
212,212,738084.76698484,0,0.08,-36.1005382003488,-25.8704906638173,31.9092485239981,28.4600661895964,-0.949000620268561,-23.1690464330516,-3.90951909252579,-47.7607229403868,-2.41720586276166,-48.0297695583156,-23.4024667272206,-23.2143951099221,-23.0064016120152
213,213,738084.766984936,0,0.095,-36.369119047525,-23.6120928898915,31.894250834287,28.6139577662938,-0.994959314110854,-23.2981591094339,-2.89302322810247,-47.8946294760686,-1.40462306326563,-48.1595337517726,-22.3931203577557,-23.3426645205323,-21.9924919024858
214,214,738084.766985051,0,0.11,-36.6104181809122,-21.316698951751,31.8805615305891,28.7560337590775,-1.04352477742707,-23.4144165160901,-1.85875562012756,-48.015443034643,-0.374373049007981,-48.2761323028811,-21.3658425425695,-23.458067277591,-20.9605932490577
215,215,738084.766985153,0,0.125,-36.8231372656482,-18.9882284129921,31.8682111916226,28.8855574731149,-1.09469914514796,-23.5171833291094,-0.808569352513709,-48.1225109185082,0.671697391991622,-48.3789202982931,-20.3224656234693,-23.5599697509208,-19.9125470803742
216,216,738084.766985248,0,0.14,-37.0061240918722,-16.63091564582,31.8572256884757,29.001858369715,-1.14843330145714,-23.6058944779874,0.255529114915638,-48.2152518663782,1.73158891324545,-48.4673249047737,-19.26497592119,-23.6478086756091,-18.8503493695617
217,217,738084.766985342,0,0.155,-37.1583913994527,-14.2492752752241,31.8476259279712,29.1043431619675,-1.20461721208725,-23.6800644200029,1.33139663197537,-48.2931655608984,2.80316624665532,-48.5408548052574,-18.195497304911,-23.7211004098882,-17.7761341153234
218,218,738084.766985435,0,0.17,-37.2791334330046,-11.8480612174578,31.8394276521497,29.1925058546665,-1.26307196418347,-23.7392953110896,2.41677318443764,-48.3558410157337,3.88417796404219,-48.5991085009256,-17.1162716150975,-23.7794490870765,-16.6921536641443
219,219,738084.766985528,0,0.185,-37.3677396868513,-9.43222009243155,31.8326412937478,29.2659363944904,-1.32354495856758,-23.7832838054791,3.50930448061048,-48.4029635678456,4.97227898381661,-48.6417812067383,-16.0296363132799,-23.8225533942633,-15.6007562493404
220,220,738084.766985622,0,0.2,-37.4238053756876,-7.00684002324317,31.8272718917094,29.3243276354874,-1.38570971169279,-23.8118262546552,4.60656680134742,-48.4343202395367,6.06505532753649,-48.6686701071228,-14.9379998488573,-23.8502117487651,-14.5043612396354
221,221,738084.766985716,0,0.215,-37.4471382706373,-4.57709603794864,31.8233190685677,29.3674803785886,-1.44917142082616,-23.8248221270471,5.70609351852521,-48.4498032866141,7.16005053351832,-48.6796777907681,-13.8438153316459,-23.8623256943266,-13.4054326889227
222,222,738084.766985811,0,0.23,-37.4377616649935,-2.14819343703364,29.3953063135962,31.8207770674242,0.057317540884213,-23.8222755309474,6.80540261371756,-48.4494118112026,8.25479306181298,-48.6748137459733,-12.7495531730065,-23.8589014001934,-12.3064518532261
223,223,738084.766985904,0,0.245,-37.3959133709595,0.274689423518121,29.4078287685141,31.8196348497765,-0.00734530751296315,-23.8042947908899,7.90202448538978,-48.4332513869223,9.34682398181729,-48.6541938673224,-11.6576734028683,-23.8400492139052,-11.209889385433
224,224,738084.766985998,0,0.26,-37.3220407926171,2.68645745456914,29.4051812560547,31.8198762481485,-0.0718565247034606,-23.7710900983317,8.99352932239591,-48.4015317161462,10.4337242234546,-48.6180379965474,-10.5705983818005,-23.8059812892677,-10.1181779301364
225,225,738084.766986091,0,0.275,-37.2167922591603,5.08215283962384,31.8214801735482,29.3876038899711,1.43508038414346,-23.722969326559,10.0775533445631,-48.35456240977,11.5131406959337,-48.5666655910081,-9.49068660570498,-23.7570073800338,-9.03368581913915
226,226,738084.766986196,0,0.29,-37.0810049339861,7.45700540326863,31.824420869949,29.3554378217462,1.37234290189749,-23.6603321634332,11.1518232658599,-48.2927470450254,12.5828106327283,-48.5004896780928,-8.42020824746277,-23.6935289534096,-7.9586925145678
227,227,738084.76698629,0,0.305,-36.9156897231186,9.80647819620075,31.828668211121,29.3091179183672,1.31114776763594,-23.5836627701833,12.2141784180619,-48.2165757128304,13.6405836036002,-48.4200093094423,-7.36132299889412,-23.6160318320103,-6.89536636511697
228,228,738084.766986384,0,0.32,-36.7220136953975,12.1263073563997,31.8341880351809,29.2491639545326,1.25185126864802,-23.4935212171684,13.2625900771165,-48.1266163100613,14.6844407384338,-48.3258007723064,-6.31606067340953,-23.5250776155633,-5.84574513742851
229,229,738084.766986478,0,0.335,-36.5012805839037,14.4125355565068,31.8409425078628,29.1761706343637,1.19473735720895,-23.3905339766496,14.2951776534885,-48.0235048620529,15.7125108262898,-48.2185078447633,-5.28630491177842,-23.4212941625573,-4.81171966606959
230,230,738084.766986572,0,0.35,-36.2549099692343,16.6615385957012,31.8488905098394,29.090796777339,1.14001551571184,-23.2753837672812,15.3102215340358,-47.9079351759431,16.7230830788339,-48.0988313962825,-4.27378020806484,-23.3053654266887,-3.79502083961239
231,231,738084.766986694,0.02,0.05,-32.5894663660799,-30.24339883161,28.4530393672121,31.9099375900827,0.748077277469253,-21.5829756082003,-5.88416405143595,-46.169328214657,-4.38593903687047,-46.4467359584409,-25.3646330525329,-21.6303252301402,-24.979960384823
232,232,738084.76698682,0.02,0.065,-32.8884747686164,-28.0764858688227,28.631101147324,31.8925910872401,0.70663106296553,-21.7262598722964,-4.91042462881696,-46.3178535559495,-3.41589213569199,-46.5912981091919,-24.3983036656418,-21.7727987030148,-24.0092339794422
233,233,738084.766986918,0.02,0.08,-33.1647895452209,-25.8659641284342,28.7987526127466,31.8764746287684,0.662378080390487,-21.8588885865811,-3.91578432466012,-46.4555202103202,-2.42505771829506,-46.7249156296485,-23.4109546437677,-21.9046021111464,-23.0174130075897
234,234,738084.766987014,0.02,0.095,-33.4169847459981,-23.6150290140563,28.9551442533627,31.8616264374532,0.615193418920174,-21.9801659002735,-2.90174630910481,-46.5816131892586,-1.4149343328315,-46.846879826958,-22.4040679382332,-22.025041013994,-22.0059870457106
235,235,738084.766987132,0.02,0.11,-33.6437313750931,-21.3272367615985,31.8480807180394,29.0994697695271,-1.00581251496557,-22.0894421956404,-1.86998931381842,-46.6954644422946,-0.387195230700446,-46.9565296855555,-21.3793011711186,-22.133467340462,-20.9766220443434
236,236,738084.766987231,0.02,0.125,-33.8438174885862,-19.0064841449903,31.8358673239788,29.2309784564639,-1.05909538588083,-22.1861239685563,-0.82235791733608,-46.7964629862869,0.656321331402139,-47.0532619549386,-20.3384781679641,-22.2292892588507,-19.9311508026922
237,237,738084.766987329,0.02,0.14,-34.0161672992855,-16.6569810514257,31.8250114647446,29.3489872318608,-1.11544007190224,-22.2696832332163,0.239150665106164,-46.8840645551766,1.71362526879539,-47.136540742945,-19.2835760019843,-22.3119805680851,-18.871559939884
238,238,738084.766987426,0.02,0.155,-34.1598587183697,-14.2832161791028,31.8155334640816,29.4528919430166,-1.17476012621719,-22.339666170462,1.31240316437548,-46.9578004829003,2.78259120243435,-47.2059063277511,-18.2167086663558,-22.3810893298305,-17.7999734804562
239,239,738084.76698752,0.02,0.17,-34.274138786472,-11.8899163731648,31.8074485664998,29.5421775942425,-1.23688019744737,-22.3957007480063,2.39514996121909,-47.0172855409298,3.86097809757428,-47.2609829111565,-17.1401076194921,-22.4362454700912,-16.7186333005369
240,240,738084.766987613,0.02,0.185,-34.35843648748,-9.48200036961794,31.8007668030924,29.6164271541942,-1.3015257621845,-22.4375030632553,3.48504753339188,-47.0622244745597,4.94645163085178,-47.3014850589212,-16.056099574031,-22.4771671013651,-15.6298768075236
241,241,738084.766987708,0.02,0.2,-34.4123725149252,-7.06452795430701,31.7954929130169,29.6753286434275,-1.3683191068809,-22.4648821950379,4.57968315307239,-47.0924170182576,6.0366087943077,-47.3272226106055,-14.9670820158715,-22.5036653521374,-14.5361123421375
242,242,738084.766987802,0.02,0.215,-34.435765654331,-4.64264574042473,31.7916263254492,29.7186802570415,-1.43678393020895,-22.4777433978874,5.67660124410161,-47.1077612186256,7.12900414800974,-47.33810389003,-13.8754970374906,-22.5156475379417,-13.4397928899917
243,243,738084.766987928,0.02,0.23,-34.4286355629756,-2.22153091744137,29.7463933464182,31.7891611996065,0.0644363448889823,-22.4760895293448,6.77333073577585,-47.1082549515072,8.22117706059128,-47.3341371057501,-12.7838041433936,-22.5131185650207,-12.3433887636618
244,244,738084.766988022,0.02,0.245,-34.3912018542714,0.193665587672193,29.7584931659704,31.7880865206367,-0.00563119430602853,-22.4600206637965,7.86741270675534,-47.0939955841994,9.3106792341905,-47.3154298955819,-11.694452729796,-22.4961805207709,-11.249359960591
245,245,738084.766988116,0.02,0.26,-34.3238795279359,2.59787507448717,29.7551173726079,31.7883862521961,-0.0755430742529317,-22.4297319120371,8.95642760206638,-47.0651778008801,10.3951017999083,-47.282187036372,-10.6098549525105,-22.4650304707279,-10.1601289139769
246,246,738084.766988211,0.02,0.275,-34.2272709176571,4.98616474033092,31.7900395374017,29.7365123549699,1.42613580558954,-22.3855095300595,10.0380213288542,-47.0220896752685,11.4721012926351,-47.2347064060199,-9.53235967576195,-22.4199565462212,-9.07805433232968
247,247,738084.766988325,0.02,0.29,-34.1021544486497,7.35378775202408,31.7930209476114,29.703027544123,1.35840854754642,-22.3277254598577,11.1099295906523,-46.9651071352465,12.5394238681305,-47.1733733452339,-8.46422814201309,-22.3613324659662,-8.00540677041066
248,248,738084.76698842,0.02,0.305,-33.9494705992775,9.69622857621179,31.7973007714201,29.6551079318475,1.29259525665731,-22.256830495852,12.1699999015762,-46.8946870163994,13.594927206636,-47.0986536183641,-7.40761192268006,-22.2896106856544,-6.94434649361037
249,249,738084.766988532,0.02,0.32,-33.7703055430598,12.0092426368117,29.593285076118,31.8028453377361,-0.341668668223297,-22.1733463103728,13.2162108251642,-46.8113589423828,14.6365996502858,-47.0110852131495,-6.36453360761316,-22.2053144093013,-5.89690409528769
250,250,738084.766988641,0.02,0.335,-33.5658730002368,14.2888896082374,29.518166913496,31.809617369848,-0.402460818389556,-22.0778565987944,14.246688100657,-46.715716298027,15.66257623919,-46.911269246699,-5.33687057426817,-22.1090287231567,-4.86496420907175
251,251,738084.766988735,0.02,0.35,-33.3374948582873,16.5315599078662,31.8175763604697,29.4304267213041,1.11044622323414,-21.9709976186047,15.2597174447298,-46.6084065754382,16.6711514357905,-46.7998602588421,-4.32634205316178,-22.0013911265822,-3.85025253321288
252,252,738084.766988849,0.04,0.05,-29.664756129007,-30.1933497912471,28.7611549334407,31.8800708814708,0.794228712140732,-20.2752105845523,-5.87073540787631,-44.8659373957195,-4.37419777373242,-45.1436058787782,-25.3530030145705,-20.3229067110937,-24.9707566250562
253,253,738084.766988996,0.04,0.065,-29.9432687766073,-28.0356452766545,28.9415568130315,31.8629094131315,0.752508006405642,-20.4087116812246,-4.90033617093969,-45.0046933079222,-3.40749180375555,-45.2784161228642,-24.390003396182,-20.4556030792011,-24.0033916355523
254,254,738084.766989147,0.04,0.08,-30.2007734402111,-25.8346584411918,29.1113659859739,31.846970848376,0.707638231105547,-20.5323425119798,-3.90917594072872,-45.1333737456036,-2.42013663410274,-45.4030654000104,-23.4061230719032,-20.5784145892226,-23.0150700540844
255,255,738084.766989242,0.04,0.095,-30.4359527562249,-23.5935579394632,29.2697220346998,31.8322924582827,0.659426949311998,-20.6454597430131,-2.89874718599412,-45.2513162108262,-1.41362007783166,-45.516897446511,-22.4028333694025,-20.6906992921522,-22.0072706898331
256,256,738084.766989336,0.04,0.11,-30.6475789097718,-21.3158691620395,31.818907551606,29.4158085610276,-0.963086373318709,-20.7474627771916,-1.87071605259876,-45.3579016571063,-0.389602778914818,-45.6193001814947,-21.3817794107407,-20.7918581111287,-20.981646848837
257,257,738084.76698943,0.04,0.125,-30.8345321287553,-19.0054541568817,31.8068451559859,29.5488657013385,-1.01842755828774,-20.8378028522946,-0.826912736080589,-45.4525638361144,0.650091397666145,-45.7097150127006,-20.3447707307728,-20.8813439293808,-19.9400168961281
258,258,738084.766989525,0.04,0.14,-30.9958182620835,-16.6664845258299,29.6682022740868,31.7961297389807,0.493351641330532,-20.9159916994704,0.230681590824008,-45.5347982007106,1.7034884049673,-45.7876456838395,-19.2937684573009,-20.9586702355305,-18.8843513649282
259,259,738084.766989619,0.04,0.155,-31.1305849169305,-14.3034075472048,29.7732071954964,31.7867809782931,0.430696909737073,-20.9816095045233,1.2999511737592,-45.604170100228,2.76848036018431,-45.8526663999864,-18.230869168661,-21.0234190690675,-17.8167567295274
260,260,738084.766989718,0.04,0.17,-31.2381356559816,-11.9209060318869,29.8633597989277,31.7788135795053,0.364556491497936,-21.0343119228257,2.37866514703658,-45.6603220119944,3.84284494983375,-45.9044289760691,-17.1582856704688,-21.0752480170323,-16.7394560850554
261,261,738084.766989815,0.04,0.185,-31.3179417876282,-9.52385267117278,29.9382387184087,31.7722371504592,0.295215950713058,-21.0738359192933,3.46449970660013,-45.702979573979,4.92426752299188,-45.9426687749523,-16.0783250567173,-21.1138960337417,-15.6547671013639
262,262,738084.766989909,0.04,0.2,-31.3696513574323,-7.11725986616243,29.9975290317472,31.7670561302174,0.223106568327637,-21.1000042374733,4.55506250035649,-45.7319562166994,6.01036538886126,-45.967209235337,-14.9933645339027,-21.1391878880679,-14.5650777321641
263,263,738084.766990035,0.04,0.215,-31.3930950300324,-4.70622622380095,30.0410274199582,31.7632697744712,0.148804648123338,-21.1127283452163,5.64791865498341,-45.7471562367653,7.09871373988433,-45.9779648343968,-13.905825582909,-21.1510370862802,-13.4728202569904
264,264,738084.76699013,0.04,0.23,-31.3882886626493,-2.29588104710083,30.0686451640888,31.7608721978351,0.0730144848344138,-21.1120097564241,6.74061778684469,-45.7485762076767,8.1868725505878,-45.9749423835596,-12.8181471056743,-21.1494471705384,-12.3804443060892
265,265,738084.766990225,0.04,0.245,-31.355432484387,0.108671761812351,30.0804088856917,31.759852468911,-0.00346578945695385,-21.0979396860721,7.83072130221225,-45.736304682543,9.27241376024496,-45.9582406151167,-11.7327582471628,-21.1345113508441,-11.2903895619342
266,266,738084.766990318,0.04,0.26,-31.2949069170285,2.50240894866639,30.0764590211995,31.7601947589311,-0.0797924051175497,-21.0706970558647,8.91582928147893,-45.7105202050261,10.3529480371231,-45.9280480790096,-10.6520515949549,-21.1064104884155,-10.2050588428088
267,267,738084.766990463,0.04,0.275,-31.2072651972484,4.88044090883921,30.0570461026537,31.7618785385639,-0.155131422654487,-21.0305449267597,9.99360626412136,-45.6714877052677,11.42615044422,-45.8846394294826,-9.57835743810849,-21.0654095072897,-9.12679225304051
268,268,738084.766990602,0.04,0.29,-31.0932230642401,7.23806115789082,30.022525004801,31.7648788163729,-0.22871261875527,-20.977825488936,11.0618053040744,-45.6195534133179,12.4897843792033,-45.8283702368311,-8.51391971548254,-21.0118523652385,-8.05784303269703
269,269,738084.766990697,0.04,0.305,-30.9536458752241,9.57079114489388,29.9733473798088,31.7691664201257,-0.299873398844321,-20.9129537863515,12.1182897450695,-45.5551384705672,13.5417232409302,-45.7596705071022,-7.46087420525944,-20.9461557615773,-7.00035566064697
270,270,738084.766990824,0.04,0.32,-30.7895335840849,11.8744194914958,29.9100525658315,31.7747083073952,-0.368087133312191,-20.8364103896787,13.1610522667174,-45.4787314573876,14.5799693758025,-45.6790371298486,-6.4212294074511,-20.8688017959689,-5.95634666443986
271,271,738084.766990922,0.04,0.335,-30.6020040682201,14.1450349714989,29.8332572885693,31.7814679074221,-0.432974239875058,-20.7487332563237,14.1882308678431,-45.3908800810571,15.602669972515,-45.5870254994225,-5.39685045656895,-20.7803298171718,-4.92768847528364
272,272,738084.766991018,0.04,0.35,-30.3922753150327,16.3790527974593,29.7436445039249,31.7894054828701,-0.494297932132436,-20.6505090290567,15.1981215764608,-45.2921822813536,16.6081296961153,-45.4842405680605,-4.38944627962176,-20.6813277133482,-3.91609654382006
273,273,738084.766991153,0.06,0.05,-26.7236265659828,-30.1127783885862,29.0432254014046,31.8533417782747,0.844957584909902,-18.9567935687014,-5.84258324557761,-43.5513552378499,-4.34783291873816,-43.8292230544693,-25.3262308411732,-19.0048268469885,-24.9463570296251
274,274,738084.766991257,0.06,0.065,-26.9811291989985,-27.9663114112928,29.2253303501565,31.8363893563291,0.803325780282001,-19.0802398115302,-4.87651077995577,-43.6800562984983,-3.38545115979924,-43.9540000446175,-24.3675328282909,-19.1274752933895,-23.9833299528261
275,275,738084.766991414,0.06,0.08,-27.2193430706232,-25.7770313667791,29.3966985739092,31.8206500207672,0.758189589509988,-19.1946194646475,-3.88988754115953,-43.7994841806557,-2.40262848784169,-44.0694191111605,-23.3881637530656,-19.2410425346895,-22.9995552639073
276,276,738084.766991512,0.06,0.095,-27.4370639869217,-23.5480725054573,29.5564642463309,31.8061599759724,0.709268614847803,-19.2993440610098,-2.88419151785412,-43.909031332098,-1.40083821074361,-44.1748788589445,-22.3895806427141,-19.3449414595161,-21.9964973083058
277,277,738084.766991607,0.06,0.11,-27.6331696867883,-21.2829197722254,29.7038061681041,31.792951534966,0.656300912184002,-19.3938642614376,-1.86107152904912,-44.0081300500938,-0.381723637138376,-44.2698184617154,-21.3734114805095,-19.4386242181177,-20.9757920849306
278,278,738084.766991734,0.06,0.125,-27.806636640395,-18.985388999881,29.8379603013107,31.7810528151541,0.599064728358055,-19.4776781238087,-0.82233771200111,-44.0962609968014,0.652911417297322,-44.3537261373027,-20.3414459362262,-19.5215904816034,-19.9392379223839
279,279,738084.76699189,0.06,0.14,-27.9565560085393,-16.6596002356401,29.9582319280638,31.7704874749501,0.537406956218832,-19.550338969585,0.230051358088415,-44.1729613079738,1.70111547622936,-44.4261472016733,-19.2956227348539,-19.5933952957296,-18.8887827790274
280,280,738084.766991986,0.06,0.155,-28.0821482921084,-14.3099444506715,30.0640070678791,31.7612744958818,0.471277775241719,-19.6114626151208,1.29400479563815,-44.2378320557455,2.76080548067194,-44.4866914632026,-18.2380137783958,-19.653656296849,-17.8265082825758
281,281,738084.766992083,0.06,0.17,-28.1827762174191,-11.9410441284615,30.1547627939713,31.7534280127759,0.400769076148053,-19.6607337428037,2.3673185356982,-44.2905448338907,3.82978585523462,-44.5350397265664,-17.170805258012,-19.7020600653293,-16.7546107479184
282,282,738084.766992195,0.06,0.185,-28.2579554391673,-9.55770847571033,30.2300761083082,31.7469571962392,0.326151703299762,-19.6979112057328,3.44769710452734,-44.3308472528271,4.90577019974807,-44.5709491951162,-16.096276113715,-19.7383674105192,-15.6753795323081
283,283,738084.766992348,0.06,0.2,-28.3073627060385,-7.16488421841581,30.2896310749234,31.7418661886518,0.24790382705406,-19.7228320891785,4.53277755593977,-44.3585671617645,5.98640513403236,-44.594257591159,-15.0167743089094,-19.7624174109457,-14.5911731976019
284,284,738084.766992441,0.06,0.215,-28.330841209503,-4.76760313941298,30.3332239685746,31.7381540939764,0.166721056416919,-19.7354143911929,5.62015500686552,-44.3736154553955,7.06929573133212,-44.6048858540186,-13.9346914803192,-19.7741300726343,-13.5043940428421
285,285,738084.766992532,0.06,0.23,-28.3284029363253,-2.37092765323409,30.3607662613063,31.7358150208484,0.0834997614365663,-19.7356582315902,6.70740913620732,-44.3759873705474,8.15203190700002,-44.6028393240093,-12.8524365939971,-19.7735075153678,-12.4174616408625
286,286,738084.766992627,0.06,0.245,-28.300227946332,0.0201042030369394,30.3722853555303,31.7348381760114,-0.000710390010291402,-19.7236455505412,7.79213096982913,-44.365762231541,9.23221508808444,-44.5882073740043,-11.7724092803997,-19.7606336486834,-11.3327860549972
287,287,738084.766992716,0.06,0.26,-28.2466606080584,2.40053296054625,30.3679230513517,31.7352080098246,-0.0847809484801255,-19.6995383121226,8.87194926418138,-44.3431016586083,10.307484479339,-44.5611615059111,-10.6969735330964,-19.7356723535636,-10.2527414235113
288,288,738084.766992808,0.06,0.275,-28.1682029353641,4.76552972996157,30.3479318237357,31.7369044043319,-0.167594226077995,-19.663575281257,9.94455582230132,-44.3082463082833,11.3755422624484,-44.5219519838344,-9.6284324358165,-19.6988642388118,-9.17964057934342
289,289,738084.766992897,0.06,0.29,-28.0655052620554,7.11044478046869,30.3126690645284,31.7399029056596,-0.248130751919449,-19.6160674914256,11.0077291270217,-44.261511265111,12.4341771162702,-44.4709031258941,-8.56900453286986,-19.6505220899764,-8.11571132275543
290,290,738084.766993014,0.06,0.305,-27.9393545802778,9.43085158633223,30.2625895152309,31.7441749910114,-0.325538249821579,-19.5573925625919,12.0593557535235,-44.2032802473812,13.4812855229785,-44.4084074197407,-7.52080238204893,-19.5910251707127,-7.06307488816564
291,291,738084.766993105,0.06,0.32,-27.790660936432,11.7225854403011,30.1982361674006,31.7496883691557,-0.399171904860701,-19.4879880619196,13.0974491213976,-44.1339988238406,14.514890422673,-44.3349186605387,-6.4858137323606,-19.520812569451,-6.02372704916739
292,292,738084.766993195,0.06,0.335,-27.6204423186336,13.9817759640501,30.1202299564528,31.7564073074788,-0.468604176615209,-19.4083441225061,14.1201652586102,-44.0541668618773,15.5331568908282,-44.2509443333435,-5.46588565779799,-19.4403758068583,-4.99952219407027
293,293,738084.766993283,0.06,0.35,-27.429808501227,16.2048730875524,30.0292585877124,31.7642929781245,-0.5336095542586,-19.3189955471638,15.1258153690271,-43.9643304399928,16.5344046317324,-44.1570374735056,-4.46271185994288,-19.3502509312002,-3.9921605853237
294,294,738084.766993393,0.08,0.05,-23.7765517549149,-30.0025759594023,31.8296521847374,29.2984103414127,-0.670140985807559,-17.6327713548286,-5.80010742600315,-42.2306240226722,-4.3072357280567,-42.5086303301882,-25.2847187849639,-17.6811313951888,-24.9071559418907
295,295,738084.766993482,0.08,0.065,-24.0127552335061,-27.8693034400996,29.4815711341164,31.8129305573767,0.859594692600339,-17.746001683463,-4.83931638255318,-42.3490956278645,-3.35012948598174,-42.6232033696201,-24.3312626811573,-17.7935716675314,-23.9494114004921
296,296,738084.766993599,0.08,0.08,-24.2314066517731,-25.6938226219836,29.6538906202169,31.7974096951489,0.814681913129545,-17.8509796555148,-3.85825164197322,-42.4591076024601,-2.37285713723311,-42.7292330632388,-23.3574123985851,-17.897744997607,-22.9711957579774
297,297,738084.766993691,0.08,0.095,-24.4314175811277,-23.4792260414521,29.8145030759165,31.7831246401628,0.765526457891693,-17.9471730396891,-2.85837308977947,-42.5601088113214,-1.37687387098545,-42.8261743409834,-22.364607138593,-17.9931204773886,-21.9739553534416
298,298,738084.766993782,0.08,0.11,-24.6117737956462,-21.2289490770674,29.962587801648,31.7701066275206,0.711736496518775,-18.0340850581893,-1.84130769788833,-42.6515842982094,-0.363801154025621,-42.9135190153234,-21.3544533232383,-18.0792027836562,-20.9593044350594
299,299,738084.766993871,0.08,0.125,-24.7715503223176,-18.9467504687668,30.0973815671725,31.7583827965,0.652943426808861,-18.1112618003702,-0.808840155305851,-42.7330629415325,0.664582619322147,-42.9908033975799,-20.3287154635513,-18.1555395820629,-19.9290159763185
300,300,738084.766993988,0.08,0.14,-24.9099257329337,-16.6366861764656,30.2181906716034,31.747975942998,0.588837829618343,-18.1782992714701,0.237099768442321,-42.8041247409453,1.70635472947155,-43.057615531129,-19.2893037666262,-18.2217285635828,-18.8850092170142
301,301,738084.766994077,0.08,0.155,-25.0261952568509,-14.3030768285987,30.3244022588909,31.7389043147304,0.519218218743874,-18.2348498697009,1.29445300730784,-42.8644075215975,2.75946386615052,-43.1136018288203,-18.2382585954095,-18.2774239067664,-17.8293340437065
302,302,738084.766994167,0.08,0.17,-25.1197823110923,-11.9504692399559,30.4154945378926,31.7311814529121,0.444051417560147,-18.2806280918567,2.36104989213645,-42.913612849687,3.82174875773092,-43.1584729092433,-17.1777320128384,-18.3223419662238,-16.764152442645
303,303,738084.766994256,0.08,0.185,-25.1902480811584,-9.58359272284596,30.4910455659967,31.7248160839949,0.363538881682886,-18.3154152843498,3.43463140014461,-42.9515109699813,4.89095934296114,-43.1920084440459,-16.1099667572149,-18.3562660045847,-15.691717373902
304,304,738084.766994375,0.08,0.2,-25.2372988312258,-7.20731112439267,30.5507403086316,31.7198120615032,0.278177090885986,-18.339063282831,4.51287250156771,-42.9779446027501,5.96478002775436,-43.2140608557375,-15.0372731014153,-18.3790498115224,-14.6143495215937
305,305,738084.766994465,0.08,0.215,-25.2607907018816,-4.82657170485763,30.5943757301918,31.7161683598187,0.188794173083904,-18.3514968182595,5.59340705558672,-42.9928314732088,7.04085448116577,-43.2245577413915,-13.9620041379975,-18.3906200882077,-13.5344124648988
306,306,738084.766994559,0.08,0.23,-25.2607318316005,-2.44635211083277,30.6218637471351,31.7138791181951,0.0965430040001377,-18.352714608794,6.67385364107501,-42.9961654891072,8.11681135852361,-43.2235029405623,-12.8865300996231,-18.3909775171332,-12.4542868821638
307,307,738084.766994648,0.08,0.245,-25.2372817349545,-0.0716067738735241,30.6332319501312,31.7129337326441,0.00283733340099454,-18.3427891029412,7.75184166805174,-42.9880165294883,9.19029030034238,-43.2109762132535,-11.8132123648605,-18.380196483276,-11.3763444411397
308,308,738084.766994766,0.08,0.26,-25.1907479653014,2.29278590933578,30.6286220855052,31.713316994516,-0.0907668950330339,-18.3218648872369,8.82503710569754,-42.9685288569586,10.2589675457727,-43.187131543123,-10.7443778106745,-18.3584234604768,-10.3029220396264
309,309,738084.766994857,0.08,0.275,-25.121580186061,4.64207430357453,30.6082863693639,31.7150092736181,-0.182723222946261,-18.2901558188077,9.89116718295208,-42.937918214265,11.3205805195654,-43.152194129495,-9.68229415408107,-18.3258741239056,-9.23629704179028
310,310,738084.766994948,0.08,0.29,-25.0303618627939,6.97168095238631,30.572581786957,31.7179867391192,-0.2716440987415,-18.247940986478,10.94804346651,-42.8964677107651,12.3729508002217,-43.1064561763196,-8.62914687800475,-18.2828292927676,-8.17866410770121
311,311,738084.766995039,0.08,0.305,-24.9177998636649,9.27724562207544,30.521962597298,31.7222216146465,-0.356413739841851,-18.1955596415062,11.9935827949665,-42.8445226430492,13.4140049507249,-43.0502716245524,-7.58701826378672,-18.2296298447373,-7.13211414066443
312,312,738084.766995131,0.08,0.32,-24.7847123132967,11.5546630989788,30.4569713186213,31.727682466269,-0.436244881145315,-18.1334052684756,13.0258256417589,-42.7824844244915,14.4417927868152,-42.9840500045743,-6.55786896011714,-18.1666707729744,-6.09861578376194
313,313,738084.766995219,0.08,0.335,-24.6320150912756,13.8001150819659,30.3782285104925,31.7343345131921,-0.51067950288707,-18.0619189872338,14.0429515871891,-42.7108038197469,15.4545027649925,-42.9082496059896,-5.54352241157682,-18.0943945768272,-5.07999978992976
314,314,738084.766995308,0.08,0.35,-24.4607073817867,16.0100957524825,30.2864216901552,31.7421399598894,-0.579548270394831,-17.9815824874377,15.0432916943923,-42.6299736914067,16.4504742865466,-42.8233701728874,-4.54565235622966,-18.0132841879224,-4.07794647560893
315,315,738084.766995416,0.1,0.05,-20.8338660196924,-29.863926678381,31.8088911711035,29.5262017388897,-0.609131220430786,-16.3081425822277,-5.74385278128397,-40.9087438247369,-4.25294162539386,-41.1868289914966,-25.2290185045883,-16.3568180928778,-24.8536979565616
316,316,738084.766995536,0.1,0.065,-21.0487032021087,-27.7457180287157,31.7924196981375,29.7097734681577,-0.649000762304973,-16.411105286817,-4.78925809670966,-41.0169211338177,-3.30202247996133,-41.2911369478701,-24.2817055060859,-16.4589992220598,-23.90214109613
317,317,738084.766995624,0.1,0.08,-21.2477266455649,-25.5860319952121,29.8824391359784,31.7771343567409,0.877766583509153,-16.5066326791941,-3.81472913072741,-41.1174558592668,-2.33127406803194,-41.3877198996528,-23.3143379321221,-16.5537305339801,-22.9304526515747
318,318,738084.766995716,0.1,0.095,-21.4299643276192,-23.3879125063847,30.0433385011723,31.7630689514466,0.829057170440311,-16.5942491668721,-2.82170423473259,-41.2098537831733,-1.34213003948903,-41.4760895882516,-22.3283338185637,-16.6405377241969,-21.9400576014578
319,319,738084.766995818,0.1,0.11,-21.5945106786034,-21.154736840872,30.1916565291758,31.7502535744683,0.775111237851376,-16.6735109173313,-1.81178428922906,-41.2936531736376,-0.336185789106753,-41.5557909254664,-21.3252738732279,-16.7189783764233,-20.9325442718965
320,320,738084.766995906,0.1,0.125,-21.7405398728933,-18.8901965240818,30.3266356415652,31.7387143352743,0.71536051440315,-16.7440124094404,-0.786723503995877,-41.36843157242,0.684810723228335,-41.6264087426228,-20.3068925071226,-16.7886485047465,-19.9096553180726
321,321,738084.766995994,0.1,0.14,-21.8673184403651,-16.5982718146942,30.4475875755296,31.7284731282966,0.649264620406,-16.8053926579864,0.251582926813234,-41.4338122513014,1.71897128287522,-41.6875741949827,-19.2750657262605,-16.8491887663674,-18.8732755527084
322,322,738084.766996083,0.1,0.155,-21.9742168319425,-14.2832000285945,30.5539045002853,31.7195474408427,0.576373911799653,-16.857340930549,1.30111419612837,-41.4894701501342,2.76428274284171,-41.7389706349153,-18.2317959968081,-16.9002901642355,-17.8254167350508
323,323,738084.766996172,0.1,0.17,-22.0607195877332,-11.9494381644369,30.645069047807,31.7119502066752,0.496418608111654,-16.8996017822411,2.35974205090939,-41.5351371157983,3.81862512764175,-41.7803387740319,-17.1791943085322,-16.9416990653203,-16.7681995466094
324,324,738084.766996259,0.1,0.185,-22.1264337826035,-9.60162053030736,30.7206629317554,31.705689707203,0.409421358514456,-16.9319792485196,3.42525141383583,-41.5706062762921,4.87979217886371,-41.8114809699499,-16.1194597710786,-16.9732213750771,-15.7038330899259
325,325,738084.766996347,0.1,0.2,-22.1710954777222,-7.24451226477969,30.7803738694236,31.7007695179397,0.315818252211002,-16.9543400593139,4.49536301874965,-41.5957354077004,5.94551390295782,-41.8322644973516,-15.0548571780354,-16.9947257317485,-14.6345923475138
326,326,738084.766996436,0.1,0.215,-22.1945739598179,-4.88295982328628,30.8240005730846,31.6971885072846,0.216556903976455,-16.9666157679339,5.56775753436867,-41.6104491829001,7.01348059772986,-41.8426236944225,-13.987693058685,-17.0061456144408,-13.5627941233723
327,327,738084.766996523,0.1,0.23,-22.196873629484,-2.52183963114046,30.8514556459617,31.6949408790159,0.113127303204612,-16.9688037243786,6.64010058759903,-41.6147402280565,8.08136777119566,-41.8425609132679,-12.9202908012815,-17.0074802951326,-12.4907720536631
328,328,738084.766996615,0.1,0.245,-22.1781334782042,-0.166006174712255,30.862766291836,31.6940162625812,0.00748498844856394,-16.9609668626733,7.71006806006473,-41.6086689542406,9.14686132904935,-41.8321462443298,-11.8549654703552,-16.9987946047591,-11.420851311899
329,329,738084.766996703,0.1,0.26,-22.1386241779116,2.17975916747558,30.8580728293007,31.6943998467152,-0.0981432315882015,-16.943232313518,8.77537102183887,-41.5923621745015,10.2076823975105,-41.8115160278711,-10.7939989513399,-16.9802175252328,-10.3553236447897
330,330,738084.76699679,0.1,0.275,-22.0787428911703,4.51079730142687,30.8376250822987,31.6960725524273,-0.20153152369047,-16.9157888944156,9.83377968527121,-41.566010559058,11.261611167264,-41.7808702078222,-9.73961603817106,-16.9519396600533,-9.29642335707293
331,331,738084.766996879,0.1,0.29,-21.9990059845431,6.8226174297781,30.8017767930611,31.6990112456748,-0.300726992659751,-16.8788835672216,10.8831458078984,-41.5298650203437,12.3065091902171,-41.7404686222019,-8.69396203471945,-16.9142096739373,-8.24630481863408
332,332,738084.766996995,0.1,0.305,-21.9000398967205,9.1109388821585,30.7509782727785,31.7031889783055,-0.394243268029686,-16.8328169856951,11.9214230433419,-41.4842321535536,13.3403396304991,-41.6906263578666,-7.65908237227824,-16.8673298244179,-7.20702199819404
333,333,738084.766997088,0.1,0.32,-21.7825704599901,11.3717279179856,30.6857675557387,31.7085752629428,-0.481136545481413,-16.7779382814182,12.9466848280832,-41.4294688851672,14.3611850597964,-41.6317083238522,-6.63690465752018,-16.8116507341387,-6.18051043960502
334,334,738084.766997176,0.1,0.335,-21.6474110171726,13.6012288653689,30.6067603652176,31.7151363670818,-0.560974146825403,-16.7146392544857,13.9571394941381,-41.3659765007376,15.3672624888722,-41.5641232158794,-5.62922346420022,-16.7475655704046,-5.16857199516963
335,335,738084.766997265,0.1,0.35,-21.4954496872694,15.7959891875065,30.5146392182989,31.7228356290315,-0.633736145224131,-16.6433481448895,14.9511424066114,-41.294194233348,16.3569354356121,-41.488317054282,-4.6376880737366,-16.6755038080889,-4.1728625217452
336,336,738084.766997369,0.12,0.05,-17.9055863627948,-29.6982747362288,29.7264219407701,31.7909371692142,1.02823493966233,-14.9877693601348,-5.67449320297408,-39.5905838684714,-4.18561449576949,-39.8686900716104,-25.159814848442,-15.0367482923676,-24.7866617984668
337,337,738084.766997473,0.12,0.065,-18.0992027456565,-27.5968982985405,29.9097739671697,31.7747327592198,0.990325265351576,-15.0805176974645,-4.72696317765364,-39.6885076203114,-3.24174740764262,-39.9627771669763,-24.2195003038475,-15.1287242045491,-23.8421515274261
338,338,738084.766997597,0.12,0.08,-18.278730094205,-25.454890428788,30.0821947278795,31.7596977434567,0.948036779223397,-15.1666431110491,-3.75989523936973,-39.7796018500348,-2.27844457441283,-40.0499538559133,-23.2595281104913,-15.2140628167303,-22.8779067893202
339,339,738084.766997686,0.12,0.095,-18.4433115858223,-23.2752400329096,30.2428345815869,31.7458646303106,0.900706441135061,-15.2457261357367,-2.77470299952822,-39.8634288352457,-1.29711491189029,-40.1297882569641,-22.2812920162646,-15.2923459142197,-21.8953280677119
340,340,738084.766997775,0.12,0.11,-18.592149171771,-21.0612584355009,30.3908890582422,31.7332623219908,0.847585141222558,-15.3173753984171,-1.77295732654507,-39.939579669106,-0.299323836530165,-40.2018779663339,-21.2863431771223,-15.3631834988326,-20.8959739137037
341,341,738084.766997875,0.12,0.125,-18.7245151345484,-18.8165607034216,30.5256108178632,31.7219158621757,0.787850021349622,-15.3812333190195,-0.756377341271028,-40.0076801901467,0.713215718332112,-40.2658559501887,-20.2763813757382,-15.4262194810951,-19.881552117225
342,342,738084.766997983,0.12,0.14,-18.839763045945,-16.5450408476446,30.6463212128945,31.7118462172781,0.720638346874963,-15.4369815225175,0.27318159256898,-40.0673966185262,1.73865527739906,-40.3213961305656,-19.2532432403147,-15.4811370809882,-18.8539078654143
343,343,738084.766998072,0.12,0.155,-18.9373378083738,-14.2508411435937,30.7524211159758,31.7030700984459,0.645115859499518,-15.4843458066321,1.31374276599279,-40.1184407374353,2.77502567256462,-40.3682185041194,-18.2188875750016,-15.5276637820322,-17.8150090002731
344,344,738084.76699816,0.12,0.17,-19.0167844801836,-11.9383160206195,30.8434006807899,31.695599827547,0.56059437501153,-15.5231005155571,2.36322568734254,-40.1605744639658,3.82025454371168,-40.4060936389249,-17.1753780191888,-15.5655756892788,-16.7669285940666
345,345,738084.766998248,0.12,0.185,-19.077755607286,-9.61199118851432,30.9188477250319,31.6894432437375,0.466708818112064,-15.5530721827795,3.41946598348704,-40.1936136668013,4.87218616579044,-40.4348464081183,-16.1248633561172,-15.5947011545855,-15.7118251645579
346,346,738084.766998367,0.12,0.2,-19.1200168249101,-7.27651885374293,30.9784544592297,31.6846036601594,0.36364563515088,-15.5741423258652,4.48023721905285,-40.2174311083864,5.9286031830418,-40.4543588398016,-15.0695558856681,-15.614923552424,-14.6519209469817
347,347,738084.7669985,0.12,0.215,-19.1434505487207,-4.93663004408825,31.0220223401638,31.6810798602836,0.25237720842653,-15.5862493019668,5.54327413370527,-40.2319584159094,6.98724975227093,-40.4645719897139,-14.011708356009,-15.6261831154297,-13.5894787198145
348,348,738084.766998588,0.12,0.23,-19.1480576306749,-2.59708518105096,31.0494648878843,31.6788661439822,0.134809149917376,-15.5893891636653,6.60629673814895,-40.2371870173829,8.04585553806994,-40.4654867753209,-12.9535900088421,-15.6284777698156,-12.5267777416772
349,349,738084.766998675,0.12,0.245,-19.1339569311054,-0.262624110357015,31.060808381256,31.6779524141121,0.013724689522115,-15.5836154889624,7.66703467403998,-40.23316801438,9.10215996768653,-40.4571637454648,-11.8974623293709,-15.6218629449473,-11.4660893931996
350,350,738084.76699877,0.12,0.26,-19.1013828265242,2.06208317629192,31.0561904226402,31.6783243025349,-0.107538187033433,-15.5690381947183,8.72325123381762,-40.2200109998855,10.1539361441839,-40.4397217965985,-10.8455551023957,-15.6064503669137,-10.4096531279507
351,351,738084.766998882,0.12,0.275,-19.0506807432816,4.3724839363748,31.0358564394343,31.6799633358851,-0.225611044879191,-15.5458213777828,9.77276645402668,-40.197881865928,11.1990138341433,-40.4133358827853,-9.80004335955739,-15.5824058808269,-9.35965332003509
352,352,738084.76699897,0.12,0.29,-18.9823008737785,6.66418707423055,31.0001542630831,31.6828471370211,-0.337631046786657,-15.5141802603476,10.813478738731,-40.1669996792414,12.2353009891004,-40.3782338000647,-8.76302576096911,-15.5499463788129,-8.31819755391891
353,353,738084.766999058,0.12,0.305,-18.8967902893608,8.9330035701476,30.94952699147,31.6869496534911,-0.44159129965489,-15.4743773440126,11.8433845350812,-40.1276327323673,13.2608033251587,-40.3346921546033,-7.73650489022197,-15.5093359385795,-7.28729683746921
354,354,738084.766999146,0.12,0.32,-18.7947837048729,11.1749821326222,30.8845043901891,31.6922414157239,-0.536423874577611,-15.4267178993343,12.8605956664795,-40.0800939008434,14.2736415683246,-40.2830316469782,-6.72236985946395,-15.4608812996205,-6.26884813649503
355,355,738084.766999234,0.12,0.335,-18.6769931863449,13.386439459564,30.8056931272092,31.6986898184972,-0.621868892865434,-15.3715449331727,13.8633540247795,-40.0247354534768,15.2720660687177,-40.2236118208635,-5.72238152623242,-15.4049268196092,-5.26461953359689
356,356,738084.766999322,0.12,0.35,-18.5441971076809,15.5639847101272,30.7137661582954,31.706259416397,-0.698244210767757,-15.3092337847596,14.8500434254988,-39.9619434718296,16.2544685889387,-40.1568254330305,-4.73816052193585,-15.3418490619871,-4.27623821188209
357,357,738084.766999453,0.14,0.05,-15.0012519059642,-29.5072855758584,29.8992113794888,31.7756601848277,1.10045810994363,-13.6762970338175,-5.5928127737538,-38.280801875213,-4.10602802978875,-38.5588736333345,-25.077906576569,-13.72556673297,-24.7068411074069
358,358,738084.766999545,0.14,0.065,-15.1739908007053,-27.424397078802,30.0817382367218,31.7597372918297,1.06542105043209,-13.7589821166308,-4.65316313008307,-38.3686114508148,-3.17002542886704,-38.6428824852233,-24.1453941980068,-13.8074891364272,-23.770184297537
359,359,738084.766999634,0.14,0.08,-15.3343374726211,-25.301825678856,30.2533472647341,31.7449651682986,1.02593536936524,-13.8358449889053,-3.69442283070816,-38.450393534172,-2.21503125869841,-38.7207847146774,-23.1936723424939,-13.8835751266116,-22.8142416456763
360,360,738084.766999723,0.14,0.095,-15.4815474140079,-23.1424993782293,30.4132041608447,31.7313749866702,0.981203501010965,-13.9065209692212,-2.7179777952581,-38.5257656355786,-1.24242676084077,-38.7922035431811,-22.2241075921895,-13.9534612330716,-21.8403862532217
361,361,738084.766999813,0.14,0.11,-15.6149273670593,-20.9496564481333,30.5605195437874,31.7189944285155,0.930274769251598,-13.9706698679687,-1.72536532233633,-38.5943704749905,-0.253743830060128,-38.8567880391475,-21.2382180669343,-14.0168085973973,-20.8501433996386
362,362,738084.766999901,0.14,0.125,-15.7338452093841,-18.7268272269701,30.6945605349047,31.7078474480861,0.872032870200124,-14.0279808661872,-0.718265304804854,-38.6558810809264,0.749343748911359,-38.9142181803844,-20.237664853777,-14.0733078436822,-19.8451819270154
363,363,738084.766999991,0.14,0.14,-15.8377393127939,-16.4778101141051,30.8146619397659,31.6979540703355,0.805202472158745,-14.0781771427258,0.301511405553335,-38.7100056329866,1.7650319021262,-38.9642096480338,-19.2242405904967,-14.1226836949767,-18.8273027661684
364,364,738084.767000078,0.14,0.155,-15.9261271170674,-14.2066419905196,30.9202367075901,31.6893302251683,0.728396352568002,-14.1210201188139,1.33203736899552,-38.7564919113923,2.79140058973791,-39.0065182158594,-18.1998553129319,-14.1646992048988,-17.7984247147829
365,365,738084.767000166,0.14,0.17,-15.9986126595443,-11.9175635047384,31.0107853515331,31.6819876224266,0.640237027260245,-14.1563131940531,2.37128545019816,-38.7951312219043,3.82643063817965,-39.0409436041335,-17.1665197748367,-14.1991594786682,-16.7605676774305
366,366,738084.767000254,0.14,0.185,-16.0548928321799,-9.614979852008,31.0859040331854,31.6759336701464,0.539596738963197,-14.1839048587306,3.4171479215707,-38.8257616755957,4.8680227716874,-39.0673326789343,-16.1263265451772,-14.2259147687245,-15.7158336739175
367,367,738084.767000343,0.14,0.2,-16.0947621657226,-7.30341786110395,31.1452910510734,31.6711714326307,0.425989664596383,-14.2036910840385,4.46745737926702,-38.8482707201576,5.91401844633234,-39.0855818951987,-15.0814292757081,-14.244862846894,-14.6663860107246
368,368,738084.767000435,0.14,0.215,-16.1181159895098,-4.98748034464289,31.1887515206576,31.6676996322987,0.300088488809128,-14.2156169135266,5.52000899984085,-38.8625968419171,6.96222201629266,-39.0956389047623,-14.0340206059133,-14.2559505768302,-13.6144270848331
369,369,738084.767000523,0.14,0.23,-16.1249518629902,-2.67179879063561,31.2162000952502,31.6655126925867,0.164201607767704,-14.2196772049796,6.57258361025925,-38.8687303845827,8.01042370720591,-39.0975032776246,-12.9863092282637,-14.2591746364075,-12.5621753453398
370,370,738084.767000611,0.14,0.245,-16.1153692368179,-0.360985532958505,31.2276616455112,31.6646008221368,0.0223963327565133,-14.2159165004808,7.62297101098526,-38.8667134604009,9.05642283866538,-39.0912263145351,-11.9404966706194,-14.2545813682787,-11.511841972231
371,371,738084.767000703,0.14,0.26,-16.089567360229,1.94041343713654,31.2232698889055,31.6649501348242,-0.120021077931603,-14.204428032148,8.66899298313915,-38.856638960387,10.0980507293627,-39.0769099600055,-10.8987543623117,-14.2422657666073,-10.4656078413975
372,372,738084.767000791,0.14,0.275,-16.0478415089217,4.22796389444096,31.2032640332069,31.6665428063746,-0.257606207957978,-14.1853519002594,9.70852542690122,-38.8386487007251,11.1331927345575,-39.0547048551912,-9.86320153540868,-14.2223696371062,-9.4256013298342
373,373,738084.767000879,0.14,0.29,-15.9905776649285,6.49738598576724,31.1679835667337,31.6693572637251,-0.385947822306709,-14.1588724875453,10.7395191180703,-38.8129307707698,12.1598089052184,-39.0248075982889,-8.83588447406956,-14.1950789946268,-8.39387747614802
374,374,738084.767000967,0.14,0.305,-15.9182458252227,8.74459310235639,31.1178613899548,31.6733684022395,-0.502339437535996,-14.1252151969728,11.7600186303176,-38.7797161726498,13.1759528186246,-38.9874573043832,-7.81875756539368,-14.1606207859389,-7.37239895169018
375,375,738084.767001056,0.14,0.32,-15.8313921560975,10.9657262435417,31.053415531538,31.6785478283454,-0.605780827417205,-14.0846426191368,12.7681790480968,-38.739274862294,14.1797882073473,-38.9429315761293,-6.81366652879917,-14.1192590441569,-6.36301922088933
376,376,738084.767001144,0.14,0.335,-15.7306302345526,13.1571832934879,30.9752397286045,31.684864122464,-0.696548532923151,-14.0374502486921,13.7622801844214,-38.6919113156893,15.1696031024539,-38.8915420103464,-5.82233411260654,-14.0712905944163,-5.36746818057116
377,377,738084.767001232,0.14,0.35,-15.6166316337297,15.3156428157563,30.8839931719087,31.6922831222646,-0.775667895382949,-13.9839618767479,14.7407381133723,-38.637959752195,16.143821302016,-38.833629373108,-4.84634845158824,-14.0170404378737,-4.38734047270345
378,378,738084.767001345,0.16,0.05,-12.1297857312722,-29.2928031810251,30.045007305272,31.762923961291,1.1782047898384,-12.3780848141876,-5.49968492435314,-36.9837741503195,-4.01504509136008,-37.26175877993,-24.9841850271529,-12.4276321717982,-24.6151231351429
379,379,738084.767001435,0.16,0.065,-12.2821689967981,-27.2299363686016,30.2261381777538,31.7472946305029,1.14706632227769,-12.4509462762927,-4.56867393158279,-37.0616983795066,-3.08766203157299,-37.3359211915054,-24.0602221352346,-12.4997412211154,-23.6870698643349
380,380,738084.767001556,0.16,0.08,-12.4238159261186,-25.1284243671478,30.3964018054506,31.7327957789827,1.11162841874732,-12.5187681372783,-3.61906389408814,-37.1343796509433,-2.14177573658647,-37.4047634597572,-23.1175426292973,-12.5667966808797,-22.7402243133611
381,381,738084.767001649,0.16,0.095,-12.5540899779754,-22.9911289733835,30.5549834938695,31.7194572191494,1.07099803976713,-12.5812384299772,-2.65221036638495,-37.2014887086992,-1.1787371122742,-37.4679619001435,-22.157483316179,-12.6284877539346,-21.7759295849006
382,382,738084.767001742,0.16,0.11,-12.6723985730049,-20.821209117135,30.7011130099358,31.7073053958376,1.02405587903675,-12.6380661850201,-1.66961391264132,-37.2627180037911,-0.200041381188303,-37.5252151454202,-21.1815261779521,-12.6845247564969,-20.7956745756432
383,383,738084.767001833,0.16,0.125,-12.778201390111,-18.6221031805175,30.8340757133508,31.6963631645957,0.969402709884081,-12.6889855295489,-0.672911564930273,-37.31778600309,0.792680437173982,-37.5762484192872,-20.1912900345088,-12.7346432089234,-19.8010855963061
384,384,738084.767001922,0.16,0.14,-12.8710182141002,-16.3975058475498,30.953223285933,31.6866496054777,0.905307518150906,-12.7337595706186,0.336134404222456,-37.3664412781115,1.79767271945838,-37.6208175784706,-19.1885195245203,-12.7786077089539,-18.7939152982422
385,385,738084.767002011,0.16,0.155,-12.9504361184499,-14.1513397137671,31.057983756154,31.6781798684161,0.829680078863393,-12.7721839551559,1.35565028233592,-37.4084662602175,2.81306899233355,-37.6587128102549,-18.1750715125691,-12.8162154794165,-17.77602901507
386,386,738084.7670021,0.16,0.17,-13.0161157711004,-11.8877220707684,31.1478705179956,31.6709650615148,0.740119099832922,-12.8040900026403,2.38366708596448,-37.4436805530709,3.83690804311987,-37.6897618771448,-17.1528991218684,-12.8472994867351,-16.7493887197725
387,387,738084.767002219,0.16,0.185,-13.0677966756389,-9.61092746409607,31.2224900673164,31.6650121721967,0.634134638058028,-12.8293473157108,3.41813880466637,-37.4719437024954,4.8671520945908,-37.7138328100595,-16.1240336808777,-12.8717310357544,-15.7160348870164
388,388,738084.767002308,0.16,0.2,-13.1053011825992,-7.3253467831321,31.2815482081506,31.6603240341303,0.50969669763208,-12.847865787738,4.45696234551837,-37.4931573381804,5.90170667084734,-37.7308359660841,-15.0905649532232,-12.8894217602052,-14.6780666318643
389,389,738084.767002406,0.16,0.215,-13.1285371464413,-5.03544378624391,31.3248545319795,31.6568993282498,0.366244968954484,-12.859596944236,5.49799873570819,-37.5072666202657,6.93844171349058,-37.7407253856882,-14.0546200887388,-12.9003249461174,-13.6376205647829
390,390,738084.7670025,0.16,0.23,-13.1374991423682,-2.74571006465403,31.3523250264623,31.6547326270251,0.206032251540896,-12.8645345762134,6.53909508988457,-37.5142609458912,7.97521345676797,-37.7434994066213,-13.0183417849213,-12.9044361466865,-12.5968488544923
391,391,738084.767002589,0.16,0.245,-13.1322682110869,-0.460619507313972,31.3639827380374,31.653814471347,0.0350610220255688,-12.8627146469578,7.57810681848078,-37.5141738952995,9.00988654011353,-37.739200516295,-11.9838661793399,-12.9017930705361,-11.5578970215914
392,392,738084.767002678,0.16,0.26,-13.1130101384125,1.81541664006871,31.3599564775522,31.6541314881214,-0.137569457580589,-12.8542144780471,8.61291954510505,-37.5070824225027,10.0403558285096,-37.7279144499377,-10.9533010026047,-12.8924747496329,-10.52288199494
393,393,738084.767002767,0.16,0.275,-13.0799723369505,4.07809307938874,31.3404776313782,31.6556665346006,-0.302230136285262,-12.8391512443723,9.64147021575848,-37.493105320633,11.0645674257751,-37.7097685668612,-9.92870450786888,-12.8766000170493,-9.49387094906686
394,394,738084.767002856,0.16,0.29,-13.033479431857,6.32325113365878,31.3058751995069,31.6583988789031,-0.451700827564583,-12.8176798301224,10.661766919021,-37.4724010154651,12.0805384021912,-37.6849295603694,-8.91206565752314,-12.8543253469503,-8.47286140535803
395,395,738084.767002977,0.16,0.305,-12.9739276978922,8.54691593486274,31.2565692451097,31.6623044015838,-0.582520123296606,-12.7899901171275,11.6719069919401,-37.4451647609884,13.0863748132958,-37.6536005770223,-7.90528599319529,-12.8258421285041,-7.46176302495624
396,396,738084.767003097,0.16,0.32,-12.901778524436,10.7453293894411,31.1930629814966,31.6673558256095,-0.694456767572682,-12.7563037924566,12.670093057538,-37.4116253273761,14.0802876575917,-37.6160178370914,-6.91016354495589,-12.7913734609363,-6.46238145075152
397,397,738084.767003185,0.16,0.335,-12.8175511057183,12.9149783754083,31.1159337612706,31.6735229636847,-0.789184297243272,-12.7168707733981,13.6546467220895,-37.3720412835357,15.0606065028465,-37.5724468595644,-5.92837905423919,-12.7511705680117,-5.47640447406301
398,398,738084.767003273,0.16,0.35,-12.721814570887,15.052617787299,31.0258232508744,31.680772981177,-0.869121017041519,-12.6719653542984,14.6240197487011,-37.326696983342,16.0257905986587,-37.5231784015622,-4.96148469728437,-12.7055089365869,-4.5053907135012
399,399,738084.767003383,0.18,0.05,-9.29938287646361,-29.0568054570541,30.1645151841096,31.7525880335762,1.26105576029641,-11.0971491780248,-5.39605062416116,-35.7035383495925,-3.91359610888335,-35.9813863382246,-24.8796117626397,-11.1469607809476,-24.5124663910127
400,400,738084.767003475,0.18,0.065,-9.43208837361907,-27.0153649759379,30.3437216843049,31.7372619886352,1.23488971255634,-11.1605041910905,-4.47437533707068,-35.7718846349856,-2.9955265358017,-36.0460124107162,-23.964885610969,-11.2095740943118,-23.593706273073
401,401,738084.767003564,0.18,0.08,-9.55566092883542,-24.9363922944634,30.5121466690382,31.7230446885988,1.20485482911565,-11.2195783832033,-3.53463016974541,-35.8357492339735,-2.0594794589132,-36.1060817181645,-23.0319735763093,-11.2678928490552,-22.6566855304759
402,402,738084.767003653,0.18,0.095,-9.66956640702641,-22.8226783161349,30.6689987823217,31.7099645785125,1.17004225414202,-11.2741098283101,-2.57813793591843,-35.8948535108539,-1.10677308470991,-36.1613210477558,-22.0821803674416,-11.3216562471273,-21.7027149397702
403,403,738084.767003741,0.18,0.11,-9.77330764859582,-20.677297192324,30.8135304713671,31.6980468621377,1.12925988567183,-11.3238542444567,-1.60635971443098,-35.9489371715636,-0.138863226235745,-36.2114761101772,-21.1169491297469,-11.3706212451762,-20.7332443092089
404,404,738084.767003829,0.18,0.125,-9.8664312862644,-18.5035892022801,30.9450486065663,31.6873132983924,1.08092945124029,-11.3685883652843,-0.620886571704955,-35.9977618346516,0.842664952022904,-36.2563150765582,-20.1378533614019,-11.414565918514,-19.7498543547595
405,405,738084.767003917,0.18,0.14,-9.94853418713381,-16.3051385139302,31.0629247020294,31.6777820276053,1.02294905805478,-11.4081131311821,0.376571229691318,-36.0411144170286,1.83610769159876,-36.2956319195024,-19.146586319218,-11.4532926426808,-18.7542460546755
406,406,738084.767004006,0.18,0.155,-10.0192693421472,-14.0857460498775,31.1666044510098,31.6694674308588,0.952522975719211,-11.4422566128822,1.38419742649604,-36.0788102423142,2.83965579010123,-36.3292494664578,-18.1449480194838,-11.4866310054856,-17.7482275885762
407,407,738084.767004094,0.18,0.17,-10.0783510382325,-11.8493978505399,31.2556162970064,31.6623800253504,0.865990601966643,-11.4708765838307,2.40008515994402,-36.11069578314,3.85140995010666,-36.3570220776194,-17.1348300233188,-11.5144403660244,-16.7336990514947
408,408,738084.767004183,0.18,0.185,-10.1255591548887,-9.60022949896382,31.3295787803895,31.6565263949766,0.758772839102275,-11.4938626650818,3.42225431493785,-36.1366509565084,4.86939805201882,-36.3788378686079,-16.1181982774812,-11.5366119847126,-15.7126352151656
409,409,738084.767004271,0.18,0.2,-10.1607424585233,-7.3424873153756,31.3882064317377,31.6519091593457,0.625754919470762,-11.5111379776277,4.44867044345181,-36.1565909028361,5.89159400242237,-36.3946204100319,-15.0970743557147,-11.5530706594974,-14.6870666832791
410,410,738084.76700436,0.18,0.215,-10.1838207931313,-5.08048715881527,31.4313140273413,31.6485269786119,0.462749842838255,-11.5226602513763,5.47726486030672,-36.1704671943234,6.91593774765507,-36.4043298513318,-14.0735155082075,-11.563775817879,-13.6590598501818
411,411,738084.767004448,0.18,0.23,-10.1947860975528,-2.81857177288009,31.4588190746279,31.6463745922024,0.269734099279697,-11.5284223569736,6.50595545303233,-36.1782684361058,7.94035599617506,-36.4079634343163,-13.049593973708,-11.568722031285,-12.6306961196744
412,412,738084.767004536,0.18,0.245,-10.1937022210652,-0.561067659340163,31.4707424548503,31.6454428982509,0.0549851372456069,-11.5284522453842,7.53266771968188,-36.1800202432919,8.96278316564788,-36.4055553815352,-12.0273760374274,-11.5679389371514,-11.6040508692403
413,413,738084.767004624,0.18,0.26,-10.1807035498557,1.68775750911322,31.4672072159523,31.645719056459,-0.164285896408999,-11.5228122995318,8.55535554093578,-36.1757845974642,9.9811820632414,-36.3971761652319,-11.0089013262544,-11.5614905734232,-10.5811726534436
414,414,738084.767004712,0.18,0.275,-10.1559924877171,3.92373596002904,31.4484355687677,31.6471866305675,-0.368681318164068,-11.5115981215062,9.5720212060253,-36.1656586064766,10.9935638208463,-36.3829311826912,-9.99616282054313,-11.5494741493877,-9.56406312790238
415,415,738084.7670048,0.18,0.29,-10.1198358793687,6.14283846468388,31.4147442031539,31.6498257541473,-0.545557750284108,-11.4949367966283,10.5807342449736,-36.1497727101915,11.9980066398143,-36.3629588825857,-8.99108802976722,-11.5320182944758,-8.55465814308964
416,416,738084.767004893,0.18,0.305,-10.0725604921536,8.34120973990304,31.3665380919572,31.6536133189433,-0.691649000088827,-11.4729846912461,11.5796486701843,-36.1282883913679,12.9926729501849,-36.3374284032182,-7.99552172975399,-11.5092808422633,-7.55481040739209
417,417,738084.767005019,0.18,0.32,-10.0145476930851,10.5151999313506,31.3043029942844,31.6585231928827,-0.809780003295451,-11.4459248537797,12.5670182952375,-36.101395464349,13.9758246539636,-36.3065367967014,-7.01121059527157,-11.4814462194235,-6.56627405461754
418,418,738084.767005126,0.18,0.335,-9.94622748618339,12.6613916534102,31.2285969042498,31.6645264481555,-0.904925194003861,-11.4139640976423,13.541209873859,-36.0693090239603,14.9458361968317,-36.2705059226082,-6.03978998742561,-11.4487225184697,-5.59069137645944
419,419,738084.767005215,0.18,0.35,-9.8680720773579,14.7766222198494,31.1400407089177,31.671591610741,-0.981998109894312,-11.3773298500554,14.5007138829932,-36.0322661428851,15.9012052932853,-36.229579100099,-5.08277307499075,-11.4113383384284,-4.6295818997292
420,420,738084.767005319,0.2,0.05,-6.51742649179543,-28.8013596550919,30.2586746639705,31.7445096291112,1.34825547965098,-9.83712107994381,-5.28289656608098,-34.4437500000133,-3.80265744340485,-34.7214152929802,-24.7651961828722,-9.88718335268186,-24.3998782265322
421,421,738084.767005413,0.2,0.065,-6.63126347205473,-26.7826162072361,30.4354767637941,31.729494391621,1.32808171049555,-9.89135232250006,-4.3711901868972,-34.5028923581138,-2.8945315831419,-34.7768814600793,-23.8603313717288,-9.94068398262712,-23.4910378365712
422,422,738084.767005502,0.2,0.08,-6.73750846514711,-24.7275147909458,30.6016157888953,31.7155649408964,1.30478366028312,-9.94203275168535,-3.44197377603771,-34.5582860467099,-1.96898451724611,-34.828526119746,-22.9378423812631,-9.99062034421476,-22.5644996536296
423,423,738084.76700559,0.2,0.095,-6.83572323260941,-22.6387713686296,30.7563268738345,31.7027483566108,1.27755368018765,-9.98894733584801,-2.49653534208996,-34.6096999519027,-1.02729970025736,-34.8761234251478,-21.9989997998177,-10.0367784911421,-21.6215401031614
424,424,738084.767005678,0.2,0.11,-6.92549988532337,-20.5193707449646,30.8988881112506,31.6910686103775,1.24529118510929,-10.0318955031623,-1.53629415249641,-34.6569181028283,-0.0708912225098198,-34.9194632247648,-21.0452056508774,-10.0789590423058,-20.6635676155944
425,425,738084.767005766,0.2,0.125,-7.00646634562682,-18.3725500447905,31.0286306159404,31.6805463753562,1.2064657035529,-10.0706938465715,-0.562792739262178,-34.6997425647668,0.898704161490392,-34.9583539227657,-20.0779855814154,-10.1169798796459,-19.6921147768321
426,426,738084.767005854,0.2,0.14,-7.07829150342869,-16.2017774286565,31.1449481927484,31.6711988661429,1.15890334016226,-10.1051786816825,0.422313434022345,-34.7379961802726,1.87983733262398,-34.9926251774682,-19.0989787145963,-10.1506786970114,-18.7088281327575
427,427,738084.767005942,0.2,0.155,-7.14068992644488,-14.0107262633033,31.2473063437021,31.6630397103836,1.09945156898732,-10.1352083890327,1.41726853717314,-34.7715250851762,2.87075932815787,-35.0221303651596,-18.1099252693095,-10.1799153315729,-17.7154557507402
428,428,738084.76700603,0.2,0.17,-7.19342599605938,-11.8032451195444,31.3352503558768,31.6560788518636,1.02346107072482,-10.1606654751815,2.42023098689442,-34.8002009293371,3.8696359011662,-35.0467487399229,-17.1126521256668,-10.2045738123999,-16.7138327181774
429,429,738084.767006118,0.2,0.185,-7.23631734524199,-9.58332412171913,31.4084122295487,31.6503224873526,0.924042569739199,-10.1814582928936,3.42928985116858,-34.8239227380908,4.87456386165581,-35.0663872265003,-16.1090565896188,-10.2245640666951,-15.705864832425
430,430,738084.767006205,0.2,0.2,-7.269237499292,-7.35505830673174,31.4665162347426,31.6457730414995,0.791266467973531,-10.1975223694486,4.44248271991259,-34.8426183595449,5.88358887594076,-35.0809817926896,-15.1010886770481,-10.2398232330027,-14.6935108039933
431,431,738084.767006294,0.2,0.215,-7.29211763958754,-5.1226087710129,31.5093829278068,31.6424291684116,0.612392308131153,-10.2088213032888,5.45781466101265,-34.8562454546284,6.89472434486629,-35.0904983598384,-14.0907322942894,-10.2503165419427,-13.6787633517052
432,432,738084.767006382,0.2,0.23,-7.30494743653009,-2.89016246191478,31.5369315031263,31.6402857951617,0.376746029096805,-10.2153472024352,6.47327783881867,-34.8647920008033,7.90597093968777,-35.0949332240823,-13.0799857345619,-10.2560377382494,-12.6636296112407
433,433,738084.767006469,0.2,0.245,-7.30777493131439,-0.661891527781897,31.5491804168395,31.639334189127,0.0903271408916563,-10.2171206526029,7.48687134695132,-34.8682762957304,8.91533634935167,-35.0943129765732,-12.0708419356935,-10.2570090324292,-11.6501113044697
434,434,738084.76700656,0.2,0.26,-7.30070546958612,1.55808684241415,31.5462462701633,31.6395620615193,-0.210261585503935,-10.2141902180867,8.4966208003337,-34.8667464632553,9.92085478608652,-35.0886939269782,-11.0652689522424,-10.253280585498,-10.6401851247297
435,435,738084.767006647,0.2,0.275,-7.28389972724598,3.7657491951801,31.5283410069585,31.6409536967202,-0.477152011450305,-10.2066314933525,9.50059724312872,-34.8602794799528,10.9206058079865,-35.0781610503824,-10.0651910842034,-10.2449295450914,-9.63578378221681
436,436,738084.767006735,0.2,0.29,-7.25757089369656,5.9572023500126,31.4957675265284,31.6434901066654,-0.687311306449396,-10.1945457371743,10.4969349588752,-34.8489797552955,11.912732046812,-35.0628264924194,-9.07247107577917,-10.2320586651484,-8.63877812479506
437,437,738084.767006823,0.2,0.305,-7.22198109841609,8.12871695447765,31.4489138692821,31.6471492118719,-0.844397663624744,-10.1780581333738,11.4838478146353,-34.8329773116138,12.8954554746079,-35.0428276803928,-8.08889375303921,-10.2147945534962,-7.65096070466365
438,438,738084.767006911,0.2,0.32,-7.17743719622785,10.2767574201849,31.3882461694475,31.6519060365691,-0.961135197032091,-10.1573157321466,12.4596438295209,-34.8124256207033,13.8670919010735,-35.0183250985237,-7.11615141156142,-10.1932856015968,-6.6740311033057
439,439,738084.767006998,0.2,0.335,-7.12428602952884,12.3980077446477,31.3143005997227,31.6577329303737,-1.0492390137471,-10.1324851332512,13.422737725987,-34.7874991618147,14.8260634613794,-34.9894997931364,-6.15583119784656,-10.1676996579035,-5.70958325953387
440,440,738084.767007086,0.2,0.35,-7.06290930418866,14.4893928783033,31.2276745547018,31.6645997956907,-1.11723597731832,-10.1037499767736,14.3716612958326,-34.7583907706318,15.7709089273674,-34.9565506780607,-5.20940465532404,-10.1382215106693,-4.75909497212914
