frame_no,target_no,time_stamp,target_x,target_y,pupil_x,pupil_y,ellipse_min_axis,ellipse_max_axis,ellipse_angle,glint_1_x,glint_1_y,glint_2_x,glint_2_y,glint_3_x,glint_3_y,glint_4_x,glint_4_y
0,0,738084.768666729,-0.2,0.05,-109.422513105117,-48.8947720669493,47.3913591530963,25.2513791649259,-1.15057019310601,-1,-1,-103.587965907587,-10.5328305084982,-105.699589682182,-42.0890721429355,-72.1975086921592,-44.7350704176644
1,1,738084.768666832,-0.2,0.065,-110.160314476805,-45.9190514278121,47.3412231247757,25.4767374507467,-1.17585887007469,-71.9443369765104,-16.1807544344243,-103.957304094899,-9.26028279820977,-106.059866790685,-40.8260342500977,-72.5547219210487,-43.4595843423386
2,2,738084.768666931,-0.2,0.08,-110.836551073376,-42.8872528617284,47.2926017107486,25.6989431419994,-1.20159778201257,-72.2779730850414,-14.872876623702,-104.299383731911,-7.9615139569178,-106.392720253598,-39.5365264736402,-72.8847119687785,-42.1574288862259
3,3,738084.768667029,-0.2,0.095,-111.447979564986,-39.8035115944588,47.2455625231758,25.917445132449,-1.22776712035238,-72.5828385007829,-13.5402655361833,-104.612611276856,-6.63830098386816,-106.696570421798,-38.2222986808779,-73.1859114334732,-40.8303734640835
4,4,738084.768667126,-0.2,0.11,-111.991608477136,-36.6723731279226,47.2001680617196,26.1316916565776,-1.25434427089283,-72.8574690517476,-12.1849022927374,-104.895503040076,-5.29261426330894,-106.96994882478,-36.8852948005229,-73.4568632758789,-39.4803831968095
5,5,738084.768667223,-0.2,0.125,-112.464739426961,-33.4987679788161,47.1564751004046,26.3411360812507,-1.28130382059108,-73.1005305820248,-10.8089526891623,-105.146705369399,-3.92660695382499,-107.211518263669,-35.5276425123152,-73.6962407580869,-38.1096084639966
6,6,738084.768667321,-0.2,0.14,-112.865005724734,-30.2879792155053,47.114534127015,26.5452429305016,-1.30861760496309,-73.3108378345976,-9.41475312527594,-105.365013731674,-2.54260096506439,-107.420091775806,-34.1516395228038,-73.9028662621599,-36.7203710118811
7,7,738084.768667448,-0.2,0.155,-113.190407299554,-27.0456031274646,47.0743888545874,26.7434940063234,-1.33625479883018,-73.4873717146891,-8.00479322014782,-105.549390179468,-1.14306965256389,-107.594649961261,-32.7597365508781,-74.0757284829351,-35.3151467424934
8,8,738084.768667555,-0.2,0.17,-113.439340959996,-23.7775035891831,47.0360758120473,26.9353944649687,-1.36418205218666,-73.6292944488372,-6.58169535598501,-105.698978713534,0.269382527066123,-107.734356184074,-31.3545172580356,-74.2139975115649,-33.8965454221939
9,9,738084.768667652,-0.2,0.185,-113.610625103001,-20.4897609104045,46.9996240262308,27.1204786949549,-1.392363671548,-73.7359621987946,-5.14819150264848,-105.8131180954,1.69204304992611,-107.838569205487,-29.9386754669671,-74.3170373704714,-32.4672876573804
10,10,738084.768667749,-0.2,0.2,-113.703518125043,-17.1886161651343,46.9650548014862,27.2983158466202,-1.42076184600259,-73.8069347539426,-3.7070977751863,-105.891351728907,3.12211659751654,-107.906852871699,-28.5149901118602,-74.3844156251424,-31.0301795857904
11,11,738084.768667846,-0.2,0.215,-113.717729967379,-13.8804121660099,27.4685148692349,46.9323816017178,0.121459411269885,-73.8419820089849,-2.26128726240696,-105.933434312853,4.55675203361308,-107.938982562532,-27.0862984492583,-74.4159097814713,-29.5880858179197
12,12,738084.768667942,-0.2,0.23,-113.653426432545,-10.5715323794043,27.6307289279462,46.9016100348814,0.092748649181804,-73.8410870315162,-0.81366173025431,-105.939335065021,5.9930704857312,-107.934948205951,-25.6554681242055,-74.4115102750464,-28.1439012294434
13,13,738084.768668064,-0.2,0.245,-113.511226141628,-7.26833915370429,27.7846590827163,46.8727379418384,0.0639445997356377,-73.8044456315635,0.63287715431079,-105.909237425996,7.42819389035705,-107.894953771742,-24.2253687288807,-74.3714199664165,-26.7005222481536
14,14,738084.768668167,-0.2,0.26,-113.29219022708,-3.97711265759369,27.9300571458358,46.8457555833478,0.0350905046459177,-73.7324624572396,2.07545641764965,-105.843535263902,8.85927334605899,-107.819413270367,-22.7988435074125,-74.2960501681558,-25.2608182953875
15,15,738084.768668267,-0.2,0.275,-112.997805088369,-0.70399189074322,28.0667276557035,46.8206459201533,0.00623005714426885,-73.625743750963,3.5112595422984,-105.742825712306,10.2835166304417,-107.708943394015,-21.378681850174,-74.1860133397094,-23.8276040311783
16,16,738084.768668414,-0.2,0.29,-112.629958746942,2.54508096036492,28.1945289369821,46.7973849750805,-0.0225929933243595,-73.485087003677,4.93755278648353,-105.607898877491,11.6982142748246,-107.564353040402,-19.9675931844619,-74.0421126887528,-22.4036130154223
17,17,738084.76866852,-0.2,0.305,-112.190911520639,5.76441167963814,28.3133732463368,46.7759422723864,-0.051335237833753,-73.3114678351133,6.35170950997568,-105.439724742794,13.1007636518587,-107.386630050809,-18.5681828085405,-73.8653290080234,-20.9914733366502
18,18,738084.768668617,-0.2,0.32,-111.683261886848,8.94859973692334,28.4232260326618,46.7562813347733,-0.0799539972101587,-73.1060245019053,7.75123203725149,-105.239437672394,14.4886906121822,-107.176925567932,-17.1829301364061,-73.6568051501296,-19.5936856794663
19,19,738084.768668714,-0.2,0.335,-111.109908506424,12.092577803196,28.5241043693418,46.7383602331796,-0.108407694971306,-72.8700404896228,9.13377068493778,-105.008318972057,15.8596683016446,-106.936536473383,-15.814169726305,-73.4178285966424,-18.2126042063427
20,20,738084.76866881,-0.2,0.35,-110.474009447896,15.1916445335166,46.7221321677527,28.6160746352581,1.43414012061477,-72.6049256776866,10.4971396856287,-104.747777997932,17.2115328949974,-106.666886397513,-14.4640753624616,-73.1498126104132,-16.850420524841
21,21,738084.768668945,-0.18,0.05,-107.075164246522,-49.7868075567159,47.2218872097756,26.0287638455312,-1.13556279521372,-70.6894910046694,-17.9002216774973,-102.711565389564,-10.9646976855064,-104.827991073483,-42.5343350082375,-71.3061255802004,-45.1897415761245
22,22,738084.768669052,-0.18,0.065,-107.814045958608,-46.7990945427698,47.1726764737734,26.263098983869,-1.161266495032,-71.051494374589,-16.6109498226859,-103.082292609787,-9.68426263883113,-105.189609157329,-41.2636345526593,-71.6644901426301,-43.9065359453287
23,23,738084.768669155,-0.18,0.08,-108.491657135479,-43.7535238297705,47.1250286512292,26.4938853922561,-1.1874575714615,-71.3863023066843,-15.2942546212914,-103.425752725502,-8.37671267509997,-105.523788048428,-39.9655594975259,-71.9956301715324,-42.5957454119053
24,24,738084.768669254,-0.18,0.095,-109.104684768975,-40.6542789725599,47.0790117420055,26.7205185819351,-1.21411634696957,-71.69230317895,-13.951950471019,-103.7403135614,-7.0438534375443,-105.828909661954,-38.641886915932,-72.2979409560321,-41.2591668317207
25,25,738084.768669352,-0.18,0.11,-109.650069144381,-37.5059741180925,47.0346883429177,26.9423942282935,-1.24122002185969,-71.9679966986866,-12.5860572388537,-104.024454120698,-5.68769402108986,-106.103468493402,-37.2945980464714,-72.5699294815635,-39.8988029762621
26,26,738084.768669449,-0.18,0.125,-110.125046804583,-34.3136284956159,46.992115015759,27.158914740946,-1.26874265597164,-72.212014788182,-11.1987894790098,-104.276785678248,-4.31043620260047,-106.34609261798,-35.9258678470261,-72.8102352571682,-38.5168519476715
27,27,738084.768669545,-0.18,0.14,-110.527190860367,-31.0826332110699,46.9513417186718,27.3694960822253,-1.29665519612361,-72.4231413415239,-9.79254195998842,-104.496071754073,-2.91446001369253,-106.555563544021,-34.538050890029,-73.0176500058681,-37.1156929020256
28,28,738084.768669642,-0.18,0.155,-110.854447535628,-27.8187106713871,46.9124113109233,27.573574682991,-1.32492555314114,-72.6003303122148,-8.36987162890041,-104.681246422328,-1.50230578520214,-106.730834376711,-33.1336637204309,-73.1911356788835,-35.6978682042783
29,29,738084.768669738,-0.18,0.17,-111.105167899601,-24.5278672187463,46.8753591465335,27.7706142803432,-1.3535187314949,-72.7427216133956,-6.93347626422221,-104.831430432366,-0.0766529142941408,-106.871045771139,-31.7153639193675,-73.3298402769284,-34.2660622612101
30,30,738084.768669857,-0.18,0.185,-111.27813382922,-21.2163398039162,46.8402127622312,27.960112510779,-1.38239701272157,-72.8496543584331,-5.48617018837587,-104.945944664359,1.3597042756876,-106.975539200153,-30.2859262357794,-73.4331110080399,-32.8230773990142
31,31,738084.768669954,-0.18,0.2,-111.372577406591,-17.8905377507299,46.80699167045,28.1416070774248,-1.41152019255816,-72.9206770381749,-4.0308575221563,-105.024320510413,2.80388310303295,-107.04386713191,-28.8482162582378,-73.5005043801208,-31.371807263141
32,32,738084.768670051,-0.18,0.215,-111.388193136858,-14.5569808556526,28.3146813304696,46.7757072593483,0.129950457190504,-72.9555543201359,-2.57050355777192,-105.066306861259,4.25294094989146,-107.075799801757,-27.4051621937464,-73.5317929154469,-29.9152083132507
33,33,738084.768670162,-0.18,0.23,-111.325142597976,-11.222235209209,28.4789691098506,46.7463628019186,0.1004665451837,-72.9542702596617,-1.10810490026728,-105.071873483907,5.7039048936184,-107.071328368801,-25.9597253934698,-73.5269682792635,-28.4562700598241
34,34,738084.76867026,-0.18,0.245,-111.184051374231,-7.89284821486959,28.6341587242509,46.7189535726964,0.0708701431976044,-72.9170278290199,0.353340926089697,-105.041210692152,7.15380185592196,-107.030664364376,-24.5148703127598,-73.4862407303877,-26.997984736657
35,35,738084.768670358,-0.18,0.26,-110.965998375143,-4.57528430648802,28.7799959697129,46.6934670649273,0.0412080665257271,-72.8442447908226,1.81086569210294,-104.974725333034,8.59968856129385,-106.954235460808,-23.0735346116419,-73.4100349220912,-25.5433171221647
36,36,738084.768670486,-0.18,0.275,-110.672497886372,-1.27586283569184,28.9162861220239,46.6698833072338,0.0115277629331306,-72.7365460608611,3.26155979649059,-104.873033232177,10.0386806087658,-106.842677708509,-21.6386000910143,-73.2989822000204,-24.0951752112199
37,37,738084.768670604,-0.18,0.29,-110.305474923045,1.9993005024785,29.0428948770512,46.6481752614943,-0.0181231403997759,-72.5947528162064,4.70260005643129,-104.736948352502,11.4679800023496,-106.696824500651,-20.2128651201618,-73.1539096543446,-22.6563823989578
38,38,738084.768670702,-0.18,0.305,-109.867234655397,5.24434747829538,29.1597482425213,46.6283092970176,-0.0476972945718121,-72.4198687012153,6.131275362353,-104.567469018827,12.884900552737,-106.517692622027,-18.799019145553,-72.9758262798381,-21.2296517715436
39,39,738084.768670807,-0.18,0.32,-109.360426831615,8.45372534078458,29.2668314238017,46.6102457264917,-0.0771480802034998,-72.2130635627474,7.54500969265629,-104.365761640496,14.2868906515325,-106.306465817648,-17.3996197836089,-72.7659066758977,-19.8175630106064
40,40,738084.768670972,-0.18,0.335,-108.788006232989,11.6222282260137,29.3641867768915,46.5939393888362,-0.10643004152973,-71.9756552029319,8.9413820892811,-104.133142422147,15.6715530238403,-106.064476373733,-16.0170728967332,-72.5254727751084,-18.4225423135249
41,41,738084.768671065,-0.18,0.35,-108.153190265835,14.7450313999176,29.4519109227887,46.5793402669414,-0.13549929351529,-71.7090896716997,10.318143310061,-103.871057587407,17.0366611792942,-105.793185237508,-14.6536159385603,-72.255974122568,-17.0468456172551
42,42,738084.768671178,-0.16,0.05,-104.588666269499,-50.6503942716199,47.0605688062969,26.8124079191715,-1.11980211047756,-69.7277234524431,-18.3268518953013,-101.767439314987,-11.38529246357,-103.888663764812,-42.9679418430683,-70.3470657066746,-45.6328407537592
43,43,738084.768671282,-0.16,0.065,-105.326334260116,-47.6531984427093,47.012270966444,27.0559831803427,-1.14592025724496,-70.0897482883608,-17.0307632628645,-102.13840245679,-10.0980596209141,-104.250478889909,-41.6906589016317,-70.7054368840348,-44.3430092320171
44,44,738084.768671394,-0.16,0.08,-106.003212488285,-44.5964617144857,46.9655807557991,27.295593021274,-1.17256615284936,-70.4246666951506,-15.7063919840341,-102.482177607585,-8.78286254933173,-104.584927168172,-40.3851413978814,-71.0366701003253,-43.0247221817957
45,45,738084.768671487,-0.16,0.095,-106.615933681766,-41.4844064455981,46.9205662993255,27.5305773693667,-1.19972047842661,-70.7308371207551,-14.3555768867676,-102.797101455104,-7.44153141163514,-104.890359536035,-39.0531895223041,-71.3391308123958,-41.6797997480687
46,46,738084.76867158,-0.16,0.11,-107.161384192074,-38.321704962697,46.8772900407794,27.7602772510256,-1.22736044615185,-71.0067301494996,-12.9803720079125,-103.081622692993,-6.07610946523494,-105.1652404103,-37.6968173104285,-71.6112970050947,-40.3102777741213
47,47,738084.768671692,-0.16,0.125,-107.636748455611,-35.11345391366,46.8358080997729,27.9840421879563,-1.25545974786917,-71.2509501680127,-11.5830357026713,-103.334323912068,-4.68884217949802,-105.408169484824,-36.3182421068094,-71.8517807975179,-38.9183971259564
48,48,738084.76867179,-0.16,0.14,-108.039550798346,-31.8651404452364,46.7961696993712,28.2012378593757,-1.28398855504226,-71.4622558926809,-10.166015822938,-103.553942362856,-3.28216245760709,-105.617902370294,-34.9198701325542,-72.059348902064,-37.5065890845794
49,49,738084.768671882,-0.16,0.155,-108.367693409993,-28.5826005174304,46.7584166684722,28.4112538562987,-1.31291357503061,-71.6395791875824,-8.73193108953918,-103.73938901317,-1.85867208907256,-105.793369502112,-33.5042782739883,-72.2329413664017,-36.0774569259111
50,50,738084.768671973,-0.16,0.17,-108.619489378742,-25.271969955631,46.7225830408712,28.6135113281301,-1.3421981685111,-71.782041623837,-7.28354891684393,-103.889765345995,-0.421119691293631,-105.933692764033,-32.0741923420956,-72.3716880508294,-34.6337539413978
51,51,738084.768672089,-0.16,0.185,-108.793689775358,-21.9396290990692,46.6886947544192,28.807470324541,-1.37180253043441,-71.8889682791023,-5.82376007908945,-104.004377390518,1.0276244717421,-106.038199323634,-30.6324621822191,-72.4749223414769,-33.1783582833977
52,52,738084.768672184,-0.16,0.2,-108.889503936427,-18.5921421556874,46.6567694592465,28.9926366318883,-1.40168393536377,-71.9598983480726,-4.35555072875395,-104.082746551213,2.48459628583194,-106.106432248632,-29.1820341337998,-72.5421916722441,-31.7142451407444
53,53,738084.768672275,-0.16,0.215,-108.906612294864,-15.2361925806969,29.168567915996,46.6268164385598,0.138999281079841,-71.9945922290801,-2.88197238118257,-104.124616894459,3.94676758750529,-106.138157568383,-27.72592144354,-72.5732645226613,-30.2444568543754
54,54,738084.768672366,-0.16,0.23,-108.845171340269,-11.8785159552816,29.3348790025641,46.5988366430657,0.108702047712304,-71.9930348634127,-1.4061105600522,-104.129958664145,5.41107727972205,-106.133367557378,-26.2671733160061,-72.5681336705188,-28.7720716640688
55,55,738084.768672484,-0.16,0.245,-108.705810548887,-8.52583193843116,29.4912461544219,46.5728228342919,0.0782700983319553,-71.955435227466,0.0689471498944856,-104.098967921992,6.87446302155679,-106.092280142103,-24.8088433381645,-72.5270156015049,-27.3001718301283
56,56,738084.768672575,-0.16,0.26,-108.489621386083,-5.18477690229846,29.6374102384419,46.5487598362621,0.0477541999356283,-71.8822220062515,1.54014287633309,-104.032062337652,8.33389273162628,-106.015334462035,-23.3539580355779,-72.4503461063582,-25.831811895048
57,57,738084.768672667,-0.16,0.275,-108.198138749407,-1.86183881987849,29.7731787161545,46.5266248823826,0.0172059806942978,-71.7740356034455,3.00447930532932,-103.929873281436,9.78639515818322,-105.903182743118,-21.9054863066673,-72.3387722225163,-24.3699878385018
58,58,738084.768672764,-0.16,0.29,-107.833315452068,1.43670412812374,29.8984264284768,46.5063880480932,-0.0133225907060647,-71.631716760862,4.4590488906567,-103.793234491307,11.2290888134548,-105.756678760468,-20.4663104386251,-72.1931407946222,-22.9176078355779
59,59,738084.768672883,-0.16,0.305,-107.397490561047,4.7048399108433,30.0130951950456,46.4880127592727,-0.0437797348388298,-71.45629216309,5.90106079051592,-103.623167689915,12.659208642774,-105.576863270463,-19.039199337339,-72.0144840307409,-21.4774652560217
60,60,738084.768672974,-0.16,0.32,-106.893352568016,7.93687287355359,30.1171922776831,46.4714563606997,-0.0741143868830678,-71.24895748591,7.32786499263221,-103.42086561138,14.074129895519,-105.364946875605,-17.6267845087731,-71.8040025136348,-20.052214446292
61,61,738084.768673065,-0.16,0.335,-106.323898486386,11.1274669710749,30.2107878006891,46.4566707309161,-0.104276704217019,-71.0110584067151,8.73697320307776,-103.187672958227,15.4713887784963,-105.122290845253,-16.2315392168849,-71.5630461856897,-18.6443497226368
62,62,738084.768673156,-0.16,0.35,-105.692390035361,14.2716814136064,30.2940112453762,46.4436029290551,-0.134218543839315,-70.7440701297669,10.1260761990391,-102.925065844351,16.8486995964388,-104.850386449866,-14.855761120125,-71.2930938602476,-17.2561878791121
63,63,738084.768673276,-0.14,0.05,-101.963784919556,-51.4810933467535,46.9073839340624,27.6001476638684,-1.10323970127059,-68.6977544286382,-18.7397165261313,-100.755075111842,-11.7923633459923,-102.881076608819,-43.3875679034705,-69.3198761789732,-46.0620116073549
64,64,738084.768673369,-0.14,0.065,-102.697804524108,-48.4770200139641,46.8599950699201,27.8531382552045,-1.1297694500756,-69.0585797872079,-17.437966547611,-101.125047466162,-10.4994813146365,-103.241871678783,-42.1048392274792,-69.6770378545712,-44.7667050850676
65,65,738084.768673489,-0.14,0.08,-103.37170721038,-45.4118406399919,46.8142544277833,28.1017288989557,-1.1568707965981,-69.3924794624601,-16.1071302729987,-101.468002468914,-9.17784079572654,-103.575464077236,-40.7930714637521,-70.0072398798719,-43.4421280987698
66,66,738084.76867358,-0.14,0.095,-103.982088743312,-42.2898064347951,46.7702299590532,28.3452023304617,-1.1845250639891,-69.697790441651,-14.7490665628088,-101.782254152778,-7.82929209532524,-103.880182201833,-39.4540836013065,-70.3088263240848,-42.0901196968032
67,67,738084.768673672,-0.14,0.11,-104.525797686554,-39.1156366828181,46.7279836766285,28.58284342822,-1.21270972893563,-69.9729621245,-13.365858632694,-102.066228855407,-6.45590766911446,-104.154468298474,-38.0899175647939,-70.5802540844027,-40.712743815697
68,68,738084.768673796,-0.14,0.125,-104.999981083975,-35.8944930682952,46.6875710069644,28.8139474759556,-1.24139832767259,-70.2165786350564,-11.9598031010918,-102.318487774647,-5.0599711733234,-104.396900921622,-36.7028276345252,-70.8201151371946,-39.3122785606871
69,69,738084.768673887,-0.14,0.14,-105.402127495713,-32.6319453668319,46.6490402145245,29.0378287081451,-1.27056041855382,-70.4273799922394,-10.5333948772776,-102.537748392584,-3.64396239376067,-104.606216233502,-35.2952657438006,-71.0271576385323,-37.8912013255119
70,70,738084.768673978,-0.14,0.155,-105.730106164406,-29.3339288113988,46.6124319111712,29.2538289382252,-1.3001616086594,-70.6042815409958,-9.08930801057002,-102.722904164663,-2.21053817501118,-104.781327539764,-33.869862766323,-71.2003052772309,-36.4521698663892
71,71,738084.768674068,-0.14,0.17,-105.982201145228,-26.0066937364678,46.5777786629383,29.4613260468094,-1.330163650804,-70.7463910678931,-7.63037276492737,-102.873041891456,-0.762509614096644,-104.921342481479,-32.4294060484938,-71.3386743057118,-34.9979995884441
72,72,738084.768674189,-0.14,0.185,-106.15713934088,-22.6567483936616,46.5451047035125,29.6597421014383,-1.36052461544084,-70.8530230739456,-6.15954932445011,-102.987456239371,0.697184077113116,-105.025577353233,-30.9768135815303,-71.4415877234024,-33.5316374442923
73,73,738084.768674279,-0.14,0.2,-106.254111544741,-19.2907960989315,46.5144257613582,29.8485508818441,-1.39119913969046,-70.9237097529956,-4.67989866641021,-103.065660952136,2.16550450674275,-105.093568093416,-29.5151053386953,-71.5085861630122,-32.0561329759695
74,74,738084.768674369,-0.14,0.215,-106.27278580464,-15.9156680959623,46.4857490012578,30.0272845981107,-1.42213875304277,-70.9582083226015,-3.19455125131228,-103.107396393907,3.63934518939233,-105.125077592668,-28.047372415561,-71.5394351289861,-30.5746071449567
75,75,738084.768674459,-0.14,0.23,-106.213312663498,-12.538253701394,30.1955396127524,46.4590730866405,0.117504050421895,-70.9565044721386,-1.70667426720517,-103.112633183038,5.11556405208529,-105.120099085238,-26.5767446991703,-71.534128355052,-29.0902196836517
76,76,738084.768674548,-0.14,0.245,-106.076322106389,-9.1654293939476,30.3529810102278,46.4343883509007,0.0861900389534424,-70.918811822892,-0.219438222333161,-103.081571806647,6.59101657162131,-105.078855519378,-25.1063578495959,-71.4928871780297,-27.606135759583
77,77,738084.768674637,-0.14,0.26,-105.862912319657,-5.80398855920201,30.499345897701,46.4116770779193,0.0547706804618345,-70.8455674307409,1.26401629730253,-103.014638242859,8.06258873346973,-105.001794939711,-23.6393204010866,-71.416155960521,-26.1254927673746
78,78,738084.768674725,-0.14,0.275,-105.57463064117,-2.46057355908231,30.6344453684262,46.390913879934,0.0233022665364251,-70.7374234954951,2.74061090208207,-102.912475752422,9.52722901593142,-104.889582049174,-22.1786817784418,-71.3045937285276,-24.6513680515217
79,79,738084.768674814,-0.14,0.29,-105.213447336562,0.858388312371092,30.7581651024834,46.3720661621055,-0.0081583608327313,-70.5952355651985,4.20735994893922,-102.775933126816,10.9819786511127,-104.743086243056,-20.7274019784532,-71.1590623138565,-23.1867483166157
80,80,738084.76867491,-0.14,0.305,-104.781723049901,4.1467435937821,30.8704646322131,46.355094660507,-0.0395544246466476,-70.4200476316589,5.66139869065989,-102.606049789311,12.4239994927575,-104.563366516336,-19.2883235896397,-70.9806113987422,-21.7345014040562
81,81,738084.768674998,-0.14,0.32,-104.282170953227,7.39866497313534,30.9713753413837,46.3399540393404,-0.0708298270516337,-70.2130746001494,7.10000845181946,-102.404038233399,13.8505989249244,-104.351653732597,-17.8641467212596,-70.770460946518,-20.2973510109057
82,82,738084.768675088,-0.14,0.335,-103.717814739665,10.6086962477825,31.060997307467,46.3265935324668,-0.101929745676134,-69.9756826780245,8.52063838210437,-102.171264345844,15.2592513679168,-104.109330804664,-16.4574072915183,-70.5299815633161,-18.8778548041891
83,83,738084.768675177,-0.14,0.35,-103.091943671771,13.7717893010406,31.1394951290664,46.3149576144264,-0.132801196495022,-69.7093682619322,9.92092347214689,-101.909226197599,16.6476160713355,-103.83791137208,-15.0704589924734,-70.2606733705417,-17.4783862501627
84,84,738084.768675291,-0.12,0.05,-99.2025628081105,-52.2744973439244,46.7623027776849,28.389491504852,-1.08582420251593,-67.5997887943995,-19.1365298294798,-99.6746088232665,-12.183660107603,-101.805346190537,-43.7908899266085,-68.224755194101,-46.4748968063808
85,85,738084.76867541,-0.12,0.065,-99.9303923155427,-49.2662299479801,46.7158259064628,28.6519755098718,-1.11275998300708,-67.958138025421,-17.8303246604779,-100.04230591856,-10.8863282849003,-102.163846696238,-42.5039006382643,-68.5794357463824,-45.1753149523866
86,86,738084.768675502,-0.12,0.08,-100.598972870092,-46.1954305953237,46.6710332385493,28.9096104591603,-1.14031493245368,-68.2898366519127,-16.4942958111047,-100.383250499587,-9.55950926493707,-102.495403286156,-41.1871337766526,-68.9074293176899,-43.845714106434
87,87,738084.768675595,-0.12,0.095,-101.204882201226,-43.0663691069634,46.6279922301183,29.1616209907779,-1.16847136561201,-68.593209516658,-15.1303175894667,-100.695743289615,-8.20506892996819,-102.798331121239,-39.8424226421606,-69.2070678794231,-42.4879476641521
88,88,738084.768675685,-0.12,0.11,-101.744948828461,-39.8837998797585,46.5867641660725,29.4072350413641,-1.19720734353767,-68.866693599614,-13.740497044107,-100.978197067264,-6.82510361299584,-103.071059024775,-38.4718318061566,-69.4767959783962,-41.1041023384247
89,89,738084.768675775,-0.12,0.125,-102.216298644167,-36.652936290181,46.5474035107193,29.6456929972407,-1.2264965251173,-69.1088608187915,-12.3271629952012,-101.229159728548,-5.42192912755832,-103.31215244971,-37.0776465312802,-69.7151934764244,-39.6964874411446
90,90,738084.768675865,-0.12,0.14,-102.616398876489,-33.3794160402296,46.5099573414105,29.8762571485983,-1.25630808012193,-69.3184396936397,-10.8928506946611,-101.44733622194,-3.9980654660383,-103.520335287448,-35.662357859599,-69.9209971424975,-38.2676197925837
91,91,738084.768675954,-0.12,0.155,-102.943098164197,-30.0692577509671,46.4744648621786,30.0982212172829,-1.28660667425062,-69.4943352506933,-9.44028223062046,-101.631608729977,-2.55621728347635,-103.694509892926,-34.2286434756519,-70.093120478542,-36.8202043674623
92,92,738084.768676075,-0.12,0.17,-103.19466153748,-26.7288094031299,46.440957026933,30.3109197051196,-1.31735253491839,-69.6356465726318,-7.97234294468151,-101.781054491729,-1.09925043548879,-103.833774722675,-32.7793446027431,-70.2306711815091,-35.3571109395739
93,93,738084.768676196,-0.12,0.185,-103.369799200167,-23.3646895479018,46.4094562676542,30.5137368077219,-1.34850160481541,-69.7416814420992,-6.4920542814843,-101.894960710399,0.369835011369173,-103.937439033615,-31.317439340778,-70.3329656950135,-33.881347138154
94,94,738084.768676286,-0.12,0.2,-103.467688180035,-19.9837224968333,46.3799763456181,30.706114637475,-1.38000578779817,-69.8119676093958,-5.00254363083219,-101.972836068161,1.84793473923121,-104.005034169239,-29.8460129938204,-70.3995403818741,-32.3960284703061
95,95,738084.76867638,-0.12,0.215,-103.487986127794,-16.5928689313929,46.3525223159166,30.8875605214933,-1.41181328792939,-69.8462603159722,-3.50701184417881,-102.014418473475,3.33187243079034,-104.036321063693,-28.3682260568606,-70.4301589518178,-30.9043459861048
96,96,738084.768676501,-0.12,0.23,-103.430836801232,-13.1991535774819,31.0576531597528,46.3270906139676,0.126927287089943,-69.8445458281425,-2.00869920203153,-102.019678789284,4.81843354217229,-104.031293718242,-26.887280626267,-70.4248159012046,-29.4095323587456
97,97,738084.768676591,-0.12,0.245,-103.296867051335,-9.80959169728984,31.2160474776499,46.3036692563256,0.094681104184485,-69.8070408714625,-0.510850670652331,-101.988820427555,6.30439976479158,-103.99017854181,-25.4063860610869,-70.3837358576223,-27.9148272151269
98,98,738084.76867668,-0.12,0.26,-103.087175418507,-6.43111619906746,31.3624780426917,46.2822381487494,0.0623044765786064,-69.7341879979659,0.983318688669779,-101.92227483844,7.78658332002933,-103.913429590405,-23.9287247485333,-70.3073688638051,-26.4234425784967
99,99,738084.76867677,-0.12,0.275,-102.803312731281,-3.07050712708902,31.4967609757603,46.2627694922465,0.0298589071148793,-69.6266470580225,2.47065730791253,-101.820693063405,9.26186024443801,-103.801719880912,-22.4574188153879,-70.1963817746277,-24.9385292727936
100,100,738084.768676859,-0.12,0.29,-102.447255364095,0.265674817325144,31.6187943391216,46.2452282747269,-0.00259327808059477,-69.4852830780099,3.94810889887195,-101.684933652422,10.7272018738185,-103.655929085134,-20.9954985785561,-70.0516460700916,-23.4631450891209
101,101,738084.768676948,-0.12,0.305,-102.021372033178,3.57114925702411,31.7285570340859,46.2295728347572,-0.0349896468755575,-69.3111509574247,5.41274172258217,-101.516047359259,12.1797038181944,-103.477128023121,-19.5458734464026,-69.8742224991436,-22.0002254322273
102,102,738084.768677036,-0.12,0.32,-101.528385196697,6.83997038567815,31.826106300868,46.2157554822689,-0.0672683823616299,-69.1054774887581,6.86177473762958,-101.315259119979,13.6166118305873,-103.266560465012,-18.1113058734263,-69.6653430585712,-20.5525570545233
103,103,738084.768677125,-0.12,0.335,-100.971328240415,10.0665735279216,31.9115739451696,46.203723161767,-0.0993689868964227,-68.8696412669106,8.29260015495057,-101.08394788438,15.0353441031982,-103.02562281415,-16.6943888415899,-69.426390874089,-19.1227553545799
104,104,738084.768677213,-0.12,0.35,-100.353499703575,13.2458133571755,31.9851614614632,46.1934181393717,-0.131232949181909,-68.6051510900899,9.70280206999406,-100.823624906337,16.4335096669026,-102.755842279423,-15.2975272004272,-69.1588785855385,-17.7132455744166
105,105,738084.768677326,-0.1,0.05,-96.3084124513162,-53.0263154280854,46.6252788733913,29.1776573810479,-1.06750131645076,-66.4347367516023,-19.5150508403692,-98.5268792939801,-12.5569763335582,-100.662291308568,-44.1756300767581,-67.062605269761,-46.8691824120242
106,106,738084.768677449,-0.1,0.065,-97.0274425569695,-50.0165958469817,46.5797223994295,29.4496079280265,-1.09483430404368,-66.7892965761003,-18.2056378991167,-98.8909779118149,-11.256435509441,-101.017184247702,-42.8856043080811,-67.413496594629,-45.5665641538376
107,107,738084.768677541,-0.1,0.08,-97.688287083878,-46.9430778778726,46.5358810787146,29.7162494792052,-1.1228379915304,-67.1175764537967,-16.8657403895332,-99.228684380141,-9.92575444216754,-101.345488014701,-41.5651387416434,-67.7380692378872,-44.2332551209044
108,108,738084.768677663,-0.1,0.095,-98.2875259272293,-43.8100395667513,46.493821534654,29.9767484833072,-1.15149611313314,-67.4178990776083,-15.4972433611307,-99.5382961548684,-8.56680989788325,-101.645514531386,-40.2160763995041,-68.0346530401004,-42.8711183968186
109,109,738084.768677753,-0.1,0.11,-98.8219865783404,-40.6222581084377,46.4536040157236,30.230275947251,-1.18078771528592,-67.6886984402973,-14.1022720645326,-99.8182219382553,-7.18171647860617,-101.915688630324,-38.8404989924239,-68.301689601065,-41.4822578866008
110,110,738084.768677842,-0.1,0.125,-99.2887912488473,-37.3849844251321,46.4152817545153,30.4760174904177,-1.21068693902404,-67.9285429479255,-12.6831810089631,-100.067005070794,-5.77281567367186,-102.154571352646,-37.4407163816651,-68.5377553316964,-40.0690076418071
111,111,738084.768677932,-0.1,0.14,-99.6854014144116,-34.1039083179224,46.3789004066712,30.7131837178991,-1.24116286852204,-68.1361574060371,-11.2425384592773,-100.283345806645,-4.34266039204657,-102.360882096449,-36.0192515211325,-68.741583368276,-38.6339166237059
112,112,738084.768678021,-0.1,0.155,-100.009658483214,-30.7851144716118,46.3444975839346,30.9410206536214,-1.27217945927909,-68.3104432419014,-9.78310648197955,-100.466121829114,-2.89399508669026,-102.5335189735,-34.5788209804291,-68.9120837135115,-37.1797290070567
113,113,738084.76867811,-0.1,0.17,-100.259819345636,-27.4350299226955,46.3121024901531,31.1588199542904,-1.30369555828263,-68.4504963468556,-8.30781681115096,-100.614406382888,-1.42973174222319,-102.671576753342,-33.1223113091611,-69.0483609901333,-35.7093602883231
114,114,738084.768678199,-0.1,0.185,-100.434585670392,-24.060363935163,46.2817356755137,31.3659286168465,-1.33566502658202,-68.5556219736579,-6.81974296538536,-100.727483450292,0.0470778441685565,-102.774361825646,-31.6527516617132,-69.1497292438819,-34.2258696225248
115,115,738084.768678288,-0.1,0.2,-100.533125985589,-20.6680415194634,46.2534089054864,31.5617578973584,-1.36803697162998,-68.6253462033873,-5.32206919633458,-100.804859478535,1.53327291070195,-102.841403692427,-30.173283250374,-69.2157233126785,-32.7324289629231
116,116,738084.768678377,-0.1,0.215,-100.555089800271,-17.2651321037456,46.2271251532839,31.7457911780822,-1.4007560931591,-68.6594236020439,-3.81805697905838,-100.846271270936,3.02561700185225,-102.872462608681,-28.6871263239921,-69.2461063845881,-31.2322897081389
117,117,738084.768678467,-0.1,0.23,-100.500613284944,-13.8587750611181,31.9175905531839,46.2028787117469,0.137033185119647,-68.6578408134583,-2.31100985573857,-100.851689782359,4.52083285607126,-102.867533117894,-27.1975454710183,-69.240873493736,-29.7287476637708
118,118,738084.768678589,-0.1,0.245,-100.37031632124,-10.4561039264083,32.0768019443953,46.1806554202225,0.103800842811699,-68.6208159754576,-0.804237510796756,-100.821319700478,6.01563803900417,-102.826843370695,-25.7078141131408,-69.2002508436328,-28.2251071933672
119,119,738084.76867868,-0.1,0.26,-100.165291026807,-7.06417118546118,32.2231586149897,46.1604329981881,0.0704085619758465,-68.5487939928636,0.698980017231645,-100.755594842408,7.50678042433728,-102.750850262925,-24.2211790844724,-69.1246909938223,-26.7246454624089
120,120,738084.768678769,-0.1,0.275,-99.8870821586371,-3.68987548251254,32.3564830061075,46.1421814763581,0.0369236780038998,-68.4424378449196,2.19542709519414,-100.655169541812,8.99107263835698,-102.640230574769,-22.7408261796648,-69.0148640896094,-25.230577667012
121,121,738084.768678859,-0.1,0.29,-99.5376600654252,-0.339892975159966,32.4766868843344,46.1258637115848,0.00341470408491409,-68.3026162383936,3.68198538726574,-100.520906336789,10.4654246373999,-102.495868427278,-21.2698475035786,-68.8716454478569,-23.7460240876176
122,122,738084.768678949,-0.1,0.305,-99.11938709697,2.97938562538706,32.5837698515405,46.1114359674285,-0.0300495078968674,-68.1303880332841,5.15566412893878,-100.353860386057,11.9268736755977,-102.318839489089,-19.8112113691202,-68.6960999271246,-22.2739797208532
123,123,738084.768679069,-0.1,0.32,-98.6349785540328,6.26191103521201,32.6778163100328,46.0988485600601,-0.0634006178459267,-67.9269839600644,6.61362715035669,-100.155261134512,13.3726110374703,-102.110392458722,-18.3677353746162,-68.489463602029,-20.8172871262569
124,124,738084.768679159,-0.1,0.335,-98.0874594034412,9.50202340119093,32.758991055436,46.0880465290227,-0.0965716331180955,-67.6937862119161,8.05321615531248,-99.9264918149921,14.80000504805,-101.871928412544,-16.9420631555348,-68.25312332566,-19.3786129865309
125,125,738084.768679247,-0.1,0.35,-97.4801180322749,12.6944916478498,32.8275336693146,46.0789703415572,-0.129497703685761,-67.4323065305625,9.4719699136542,-99.6690674093639,16.2066200235554,-101.604978643492,-15.5366451561872,-67.9885947986563,-17.9604287292887
126,126,738084.768679357,-0.08,0.05,-93.2861773816683,-53.7324630499192,29.9616210731202,46.4962434093637,0.52258246216775,-65.204251317843,-19.8731292122338,-97.3134667977943,-12.9101945257748,-99.4534719413245,-44.5396025388674,-65.8350707862333,-47.2426450041444
127,127,738084.7686795,-0.08,0.065,-93.9937755607338,-50.7240702900615,46.4516195905055,30.2429002939189,-1.07593137137702,-65.5536935678971,-18.5617868174632,-97.6726267017408,-11.6077165771736,-99.8034274435034,-43.2477932315094,-66.1808499748343,-45.9382581590228
128,128,738084.768679592,-0.08,0.08,-94.6444442672076,-47.650790922984,46.4087365019085,30.5184039366459,-1.10437528661711,-65.8773218851834,-17.219384993274,-98.0058502155743,-10.274530424918,-100.127244446716,-41.9249676875963,-66.5007742145926,-44.6025951411686
129,129,738084.768679681,-0.08,0.095,-95.2347866138522,-44.5169008324558,46.3676595929195,30.7872410648765,-1.13353128383649,-66.1734672757096,-15.8478147703172,-98.3114420568385,-8.91251896828292,-100.423242118089,-40.5729740248707,-66.7931816498558,-43.2375240272178
130,130,738084.768679771,-0.08,0.11,-95.7616489449402,-41.3271873933414,46.3284477678027,31.048526663413,-1.16337989292631,-66.4405706455766,-14.4492137630298,-98.5878168205965,-7.52380925961933,-100.689851216574,-39.1939053977,-67.0565208035699,-41.8451601406893
131,131,738084.768679862,-0.08,0.125,-96.2221681143846,-38.0869243168561,46.291152757485,31.3013925893804,-1.19389619614488,-66.6772060352176,-13.0259552923516,-98.8335225084689,-6.11076161659201,-100.92563752906,-37.7900895374785,-67.2893737501321,-40.4278554583698
132,132,738084.768679952,-0.08,0.14,-96.6138162380486,-34.8018367489023,46.2558185719295,31.5449988557314,-1.22504959330249,-66.8821027427599,-11.5806327856755,-99.047262957768,-4.67595405445802,-101.129324172375,-36.3640736126534,-67.4904781664967,-38.9881832922691
133,133,738084.768680041,-0.08,0.155,-96.9344416066661,-31.478056891702,46.2224810551367,31.7785449588778,-1.25680365391532,-67.0541656896721,-10.1160395570146,-99.2279185165927,-3.22216214331374,-101.299812108225,-34.9186045020776,-67.6587476158859,-37.5289183426899
134,134,738084.76868013,-0.08,0.17,-97.182304496245,-28.1220707505401,46.1911675417165,32.0012809447499,-1.28911607275552,-67.1924934021128,-8.63514423924083,-99.3745643304148,-1.75233456261426,-101.436198238963,-33.4566047424838,-67.7932894391754,-36.0530123866758
135,135,738084.768680222,-0.08,0.185,-97.3561067224961,-24.7406569655803,46.1618966327913,32.2125178930836,-1.32193874401652,-67.296393032319,-7.1410623082826,-99.4864856563331,-0.269564791747496,-101.537790503993,-31.9811445775372,-67.8934196802755,-34.563566034315
136,136,738084.768680311,-0.08,0.2,-97.455013955634,-21.3408189989999,46.1346780915245,32.4116375140977,-1.35521796548435,-67.3653919250335,-5.63702429642926,-99.5631897019342,1.22294046893239,-101.60411947854,-30.4954106922963,-67.9586745528575,-33.0637971432025
137,137,738084.768680399,-0.08,0.215,-97.4786700368138,-17.9297122254242,46.1095128607847,32.5981005651692,-1.3888947803832,-67.3992453415223,-4.12634142863178,-99.6044135936715,2.72189541704552,-101.634946085414,-29.0026723533691,-67.9888180634491,-31.557006618961
138,138,738084.768680488,-0.08,0.23,-97.4272028048045,-14.5145676881863,32.7714538414869,46.0863931995992,0.14789086814896,-67.3979400824865,-2.61236952295047,-99.6101282093497,4.22397097168531,-101.630265160795,-27.5062457826323,-67.9838455348672,-30.0465424381962
139,139,738084.768680577,-0.08,0.245,-97.3012212300938,-11.1026144199869,32.9313355326913,46.0653029355713,0.113614213379959,-67.3616938946155,-1.09847206706149,-99.5805377538706,5.72583139649488,-101.590304760088,-26.0094576640936,-67.9439829173452,-28.5357628024505
140,140,738084.768680712,-0.08,0.26,-97.101803970301,-7.70100228371346,33.0774788126618,46.0462178208335,0.0791428850346177,-67.2909506951751,0.412016587642829,-99.5160751084653,7.22417078859676,-101.515521241095,-24.5156087146113,-67.8696819241711,-27.0279993629382
141,141,738084.768680833,-0.08,0.275,-96.8304797456679,-4.31672724579459,33.2097135798143,46.0291059818237,0.0445507548364582,-67.1863717961266,1.91582698615977,-99.4173931323842,8.7157485134874,-101.40659031028,-23.0279382378749,-67.7616111755855,-25.5265214441812
142,142,738084.768680922,-0.08,0.29,-96.4892002224062,-0.956560887771331,33.3279663460011,46.0139284543902,0.00991333278722303,-67.0488234456554,3.40978841085312,-99.2853522341139,10.1974227210258,-101.264394355453,-21.5495905285266,-67.6206436706258,-24.0345021414338
143,143,738084.768681013,-0.08,0.305,-96.0803063192037,2.3730142518049,33.4322583340556,46.0006397814642,-0.0246932176178247,-66.8793611226441,4.89086002229856,-99.1210046484933,11.6661811696917,-101.090006506823,-20.0835839035813,-67.4478410239151,-22.554987075974
144,144,738084.768681103,-0.08,0.32,-95.606489044243,5.66586215857978,33.5227019069634,45.9891886633639,-0.0591930869764653,-66.6792111131627,6.35615864205677,-98.9255759512461,13.119168708764,-100.884671962373,-18.6327830178724,-67.2444349974096,-21.0908664705981
145,145,738084.768681193,-0.08,0.335,-95.0707460953419,8.91624260823481,33.5994955044537,45.9795186438784,-0.0935118168972411,-66.4497499629326,7.80298266485867,-98.700444408729,14.5537109125562,-100.649787178789,-17.1998749773866,-67.0118069215298,-19.6448510632666
146,146,738084.768681282,-0.08,0.35,-94.4763355246864,12.1188515124534,33.6629173020844,45.9715688180212,-0.12757725372477,-66.1924824346999,9.22883174607523,-98.4471187967323,15.9673335180944,-100.386877563863,-15.7873496083123,-66.7514656345801,-18.2194522192369
147,147,738084.768681396,-0.06,0.05,-90.1421552210499,-54.389152715445,30.7381747054991,46.3751008266212,0.542894412601868,-63.9107467522978,-20.2087519258194,-96.0367127460497,-13.2413320682111,-98.181209327753,-44.8807609936994,-64.5445565126354,-47.5931997773195
148,148,738084.768681486,-0.06,0.065,-90.8357136414099,-51.3848805183212,46.3314242891013,31.0285300320093,-1.05598669165791,-64.2537520843384,-18.8967782892633,-96.3896004417027,-11.938208998272,-98.5249043059558,-43.5884391151526,-64.8839094981767,-46.2883300951663
149,149,738084.768681577,-0.06,0.08,-91.4737856853669,-48.3148282912889,46.2895084332238,31.3126411084853,-1.08485794795979,-64.5715030890802,-17.5532649040118,-96.7171012306207,-10.6039032660722,-98.8430057858191,-42.2646188606904,-65.1979649619014,-44.9516938509836
150,150,738084.768681666,-0.06,0.095,-92.0530190924969,-45.1832595070329,46.249417199106,31.5895613790001,-1.11450392226696,-64.862349772733,-16.1801040327315,-97.0175378637034,-9.24029915985546,-99.133850907591,-40.9111488451163,-65.4850800105361,-43.5851594489736
151,151,738084.768681755,-0.06,0.11,-92.5702993376956,-41.9949589747863,46.2112078484784,31.8583516702095,-1.14490724134741,-65.1247500892622,-14.7794396898736,-97.2893410504055,-7.8495302348742,-99.3958865257698,-39.5301278623781,-65.7437201938323,-42.1908477498257
152,152,738084.768681877,-0.06,0.125,-93.0227966564212,-38.7552080291307,46.1749303518778,32.1180920126607,-1.17604450861915,-65.3572930937977,-13.3536568638657,-97.5310729220241,-6.43396852100046,-99.6276925810009,-38.1238945366718,-65.9724825971135,-40.7711215912352
153,153,738084.768681999,-0.06,0.14,-93.4080106134379,-35.4697497243104,46.1406268675542,32.3678938064328,-1.20788596325252,-65.5587210071039,-11.9053658857366,-97.7414494170467,-4.99620892081159,-99.8280043588885,-36.6950121636332,-66.1701178336752,-39.3285704529604
154,154,738084.768682088,-0.06,0.155,-93.7238108930681,-32.1447442737107,46.1083313134475,32.6069120132234,-1.24039523177024,-65.7279495412216,-10.4373820405691,-97.9193609309736,-3.53904889663122,-99.9957329791457,-35.2462488283989,-66.3355502882648,-37.8659903549158
155,155,738084.768682177,-0.06,0.17,-93.9684730434786,-28.786715345753,46.078069052757,32.8343570374249,-1.27352919461049,-65.8640858559286,-8.95270069304482,-98.0638905918369,-2.06546371838834,-100.1299834787,-33.7805530603336,-66.4678959829467,-36.3863592514913
156,156,738084.768682266,-0.06,0.185,-94.1407080154935,-25.4024881762681,46.0498566937336,33.0495059580556,-1.30723798820455,-65.966443566261,-7.45446837279089,-98.1743295730633,-0.57857771693278,-100.230069904055,-32.3010254572418,-66.56647748763,-34.8928083599661
157,157,738084.768682355,-0.06,0.2,-94.2396845008278,-21.9991207889642,46.0237020126014,33.2517127632551,-1.34146516041771,-66.0345543023127,-5.94595042897874,-98.2501889363215,0.918367850475558,-100.295526910399,-30.8108868747037,-66.6308353787774,-33.3885900251886
158,158,738084.768682475,-0.06,0.215,-94.2650433082354,-18.5838299072321,45.9996039957392,33.4404172869877,-1.37614799195255,-66.0681754305135,-4.43049600628805,-98.291207605612,2.42204957482596,-100.326117474568,-29.3134439185515,-66.6607358581351,-31.8770428663202
159,159,738084.768682567,-0.06,0.23,-94.2169032762398,-15.1639133621877,45.9775530018345,33.6151525699469,-1.41121799008788,-66.0672936755187,-2.91150120667177,-98.2973562046236,3.92909845158683,-100.321836460488,-27.8120525911639,-66.6561742732725,-30.3615550650431
160,160,738084.768682658,-0.06,0.245,-94.0958585182031,-11.7466709456,33.7755504349093,45.9575310326422,0.124194773751614,-66.0321245264354,-1.3923713758267,-98.2688366352706,5.43613728676816,-100.282909922115,-26.3100810177463,-66.6173744262987,-28.8455267306546
161,161,738084.768682747,-0.06,0.26,-93.90296710815,-8.33932572411292,33.9213451245096,45.9395121119849,0.088575531636593,-65.963107462082,0.123516514967997,-98.2060774278998,6.93981799021276,-100.209790181575,-24.8108722120871,-66.5447837080937,-27.3323323109049
162,162,738084.768682835,-0.06,0.275,-93.6397316098205,-4.94894778158257,34.0523749288584,45.9234627515436,0.0528018135776677,-65.8608971785613,1.63285043394068,-98.1097250438636,8.43685780703123,-100.103146870232,-23.3177078304672,-66.4390642434702,-25.8252840063038
163,163,738084.768682922,-0.06,0.29,-93.308072135271,-1.5823822481381,34.1685818027859,45.9093424956854,0.0169570600046192,-65.7263511396897,3.13241789934749,-97.980631450353,9.92407359444142,-99.9638542590836,-21.8337738086326,-66.3010803698952,-24.3275970911275
164,164,738084.76868301,-0.06,0.305,-92.9102928532738,1.75381673327063,34.2700090482779,45.8971045298966,-0.0188742109873372,-65.5605138894984,4.61913782916688,-97.8198384077629,11.3984133462549,-99.7929753244712,-20.3621286842282,-66.131882890336,-22.8423579507483
165,165,738084.768683098,-0.06,0.32,-92.4490430600191,5.05344471962474,34.3567971999458,45.8866963369754,-0.0546076026861839,-65.3645986597414,6.09008895096484,-97.6285590053165,12.8569842938686,-99.5917430894937,-18.9056752825861,-65.9326906342851,-21.3724955190491
166,166,738084.768683186,-0.06,0.335,-91.9272740457339,8.31069728792453,34.4291783168048,45.8780603849388,-0.0901600358067265,-65.1399668702998,7.54253424346301,-97.4081570470115,14.2970770622092,-99.3615398467018,-17.467136295874,-65.7048699252578,-19.9207566502534
167,167,738084.768683275,-0.06,0.35,-91.3481930643878,11.5202112329584,34.4874689173723,45.8711348330438,-0.125450899369682,-64.8881061547043,8.97394104529485,-97.160124925562,15.7161855218298,-99.1038749019682,-16.0490341241037,-65.4499125871015,-18.4896857963157
168,168,738084.768683407,-0.04,0.05,-86.8840781452673,-54.9929819930484,31.50399392545,46.2617258143329,0.564293327505557,-62.5573953604035,-20.5200888838358,-94.6997178604688,-13.5485861031129,-96.84858453252,-45.1972449618202,-63.1942245441873,-47.9189475737629
169,169,738084.768683526,-0.04,0.065,-87.561063393194,-51.9956159368558,31.803057193287,46.2190121518968,0.535863879730875,-62.8926780675375,-19.208790738336,-95.0450315156159,-12.2461187044471,-97.1847274932703,-43.9056884160146,-63.5258708455096,-46.6148874758098
170,170,738084.768683617,-0.04,0.08,-88.1841835434245,-48.9317850927523,46.1780733388871,32.0954102743812,-1.06421293681609,-63.2033563153637,-17.8655742692453,-95.3655982390766,-10.9120948047334,-97.4959131119012,-42.5822528610985,-63.8328674420609,-45.2786727438633
171,171,738084.768683707,-0.04,0.095,-88.7501521959013,-45.8057305399037,46.1389714879875,32.3800537518192,-1.09433602196755,-63.4878097537067,-16.4923282937458,-95.6597695609662,-9.54839540420295,-97.780507205159,-41.2287828959575,-64.1136010183011,-43.9121675332434
172,172,738084.768683799,-0.04,0.11,-89.2559141144166,-42.622221820744,46.1017619363755,32.6559971414342,-1.12528717515144,-63.7445234951147,-15.0911972202508,-95.9260025205306,-8.15715456798523,-98.0369828865577,-39.8473771227346,-64.3665642306962,-42.5174923351718
173,173,738084.768683888,-0.04,0.125,-89.6986915907999,-39.3865325457059,46.0664926620113,32.9222715403254,-1.15704524659685,-63.9721109820697,-13.6645703991112,-96.1628828566185,-6.7407487586285,-98.2639436674465,-38.4403779352464,-64.590378515029,-41.097013638693
174,174,738084.768683978,-0.04,0.14,-90.0760284272905,-36.1044058136731,46.0332037821747,33.1779426231028,-1.18958198954648,-64.1693357923281,-12.2150665241868,-96.3691471472714,-5.301781264431,-98.4601454712202,-37.0103564028237,-64.7838158203059,-39.6533286413011
175,175,738084.768684067,-0.04,0.155,-90.3858302305177,-32.7820096859993,46.0019271560713,33.4221236443087,-1.22286168134126,-64.3351317367007,-10.7455131752708,-96.5437032445042,-3.84306181582184,-98.6245169078487,-35.5600923296842,-64.9458186246948,-38.1892450899585
176,176,738084.768684155,-0.04,0.17,-90.626399755039,-29.425883308839,45.9726860971822,33.6539880848053,-1.25684086910626,-64.4686206224141,-9.258921770628,-96.6856483686814,-2.36758165975171,-98.7561771753723,-34.0925497473132,-65.0755176082813,-36.7077565132948
177,177,738084.768684244,-0.04,0.185,-90.7964661420524,-26.0428746462633,45.9454952014098,33.8727815711592,-1.29146826865689,-64.5691271050312,-7.7584583781379,-96.7942842764138,-0.878484539569078,-98.8544510059858,-32.6108482750922,-65.1722464076452,-35.2120132852259
178,178,738084.76868434,-0.04,0.2,-90.8952070684381,-22.64007113039,45.9203602967714,34.07783270282,-1.32668484221072,-64.6361901322917,-6.24741100213149,-96.8691289963501,0.62096580526617,-98.9188801559735,-31.1182309520811,-65.2355529579284,-33.7052901294635
179,179,738084.768684429,-0.04,0.215,-90.9222630378282,-19.2247248264416,45.8972785088626,34.2685624588374,-1.36242407513964,-64.6695705904639,-4.72915411025106,-96.9099247352341,2.12742085976198,-98.949231047759,-29.618029289809,-65.2652070356781,-32.19095082264
180,180,738084.768684517,-0.04,0.23,-90.8777433192888,-15.8041739549567,34.4444918919291,45.8762384473506,0.172183861639595,-64.6692548932425,-3.20711128096345,-96.9166416868351,3.63748439963586,-98.9454983034286,-28.1136264125915,-65.2612037451381,-30.6724109714325
181,181,738084.768684607,-0.04,0.245,-90.7622233251227,-12.3857627484393,34.6052478855409,45.8572204962831,0.135626100275609,-64.6354543972364,-1.68471692984743,-96.8894776218743,5.14775045239182,-98.9079040550585,-26.6084192304417,-65.2237628348105,-29.1530998181935
182,182,738084.768684695,-0.04,0.26,-90.5767335313755,-8.97676169953072,34.7505668190454,45.8401972066014,0.0987841249586848,-64.5686006786122,-0.165378106397555,-96.8288532891623,6.65484116975963,-98.8368930694373,-25.1057806249119,-65.1533238814406,-27.6364220650295
183,183,738084.768684787,-0.04,0.275,-90.3227403410946,-5.58429021399855,34.880296068186,45.8251337737033,0.0617473655477028,-64.4693368534306,1.34756265924539,-96.7354038080098,8.15544364091974,-98.733123874451,-23.6090226180617,-65.0505375262923,-26.1257206958183
184,184,738084.768684903,-0.04,0.29,-90.0021195695535,-2.21524356534598,34.9943933457914,45.8119885907089,0.0246082692083882,-64.3385052610481,2.85086253715298,-96.6099663707017,9.64634473302865,-98.5974562125851,-22.1213614403827,-64.916253085078,-24.6242417205674
185,185,738084.768684992,-0.04,0.305,-89.6171234636882,1.1237741604351,35.0929239739756,45.8007138592293,-0.0125390686485482,-64.1771319479454,4.34141078066533,-96.453564693708,11.1244631423838,-98.4309352660686,-20.6458853192084,-64.7515029704315,-23.1351016711401
186,186,738084.76868508,-0.04,0.32,-89.1703423591105,4.42650971169409,35.1760562432887,45.7912562450973,-0.0496003377245792,-63.9864084824013,5.81625761639992,-96.2673907511383,12.586877969082,-98.2347731920033,-19.1855256818307,-64.5574844584525,-21.6612585486514
187,187,738084.768685168,-0.04,0.335,-88.6646621991282,7.68711181447023,35.2440550798274,45.7835575609449,-0.0864824558450511,-63.7676716947854,7.27263910006486,-96.0527843897516,14.0308532811202,-98.0103285703759,-17.7430323161976,-64.3355393945772,-20.2054867699408
188,188,738084.768685257,-0.04,0.35,-88.1032192125697,10.9001730573154,35.2972742877917,45.7775554664669,-0.123094967174333,-63.5223819717787,8.70799756490878,-95.8112114596264,15.4538583006615,-97.7590844013998,-16.3209528665454,-64.0871324671633,-18.7703564932969
189,189,738084.768685363,-0.02,0.05,-83.5210482467438,-55.5410147071366,32.2557115575485,46.1559617424237,0.586843865070952,-61.1481011523227,-20.8055352962747,-93.3063172317383,-13.8303752570351,-95.4594139010753,-45.4874228869946,-61.7879681219945,-48.2182186982611
190,190,738084.768685482,-0.02,0.065,-84.1790508834822,-52.5533093964313,32.563001261347,46.11422623484,0.55809858930944,-61.4744340642588,-19.4962164499996,-93.6428117455495,-12.5298616885574,-95.7867699056334,-44.1979054034325,-62.1106856748988,-46.9162560016973
191,191,738084.768685576,-0.02,0.08,-84.7849761217284,-49.4986738586114,46.0742739013444,32.8631225669659,-1.04236316461923,-61.7768977882678,-18.1547080796532,-93.9552850319986,-11.1975239622002,-96.0898911677515,-42.8762354237631,-62.4094868938603,-45.5818586469591
192,192,738084.768685667,-0.02,0.095,-85.3356239277732,-46.3813171725334,46.0361647321228,33.1550269407655,-1.07294449711226,-62.053911939359,-16.7828910045699,-94.2421278408126,-9.83523523421428,-96.3671825806337,-41.524249154345,-62.6827983355636,-44.2168821049485
193,193,738084.768685757,-0.02,0.11,-85.8280178623881,-43.2059811316659,45.9999518908716,33.4376764114028,-1.10443095979922,-62.3039986067366,-15.3829040604211,-94.5018334798227,-8.44512412268239,-96.6171534050993,-40.1440392253253,-62.9291495512021,-42.823440645432
194,194,738084.768685847,-0.02,0.125,-86.2594503807652,-39.9779163095799,45.9656811529475,33.7100569792714,-1.13680454885356,-62.5258047324647,-13.9571336021656,-94.7330205283258,-7.02956418927221,-96.8384398957816,-38.7379446374526,-63.1471954065568,-41.4038971619832
195,195,738084.768685936,-0.02,0.14,-86.6275258353708,-36.7028478445828,45.9333904376036,33.9711923718708,-1.17003939136571,-62.7181234599154,-12.5081980002833,-94.9344545309382,-5.59115845981639,-97.0298268714298,-37.3085357472369,-63.3357373600938,-39.9608479877502
196,196,738084.768686026,-0.02,0.155,-86.9301999020846,-33.3869311542488,45.9031094397374,34.2201577838507,-1.20410119874953,-62.8799138177747,-11.0389272143972,-95.1050680292705,-4.13271907017279,-97.190267587576,-35.8585943644899,-63.4937430660195,-38.4971027775208
197,197,738084.768686115,-0.02,0.17,-87.1658141917025,-30.0366981682444,45.8748593729886,34.4560932113878,-1.23894685150124,-63.0103181235763,-9.55233771024997,-95.2439783062102,-2.65724230412618,-97.3189012886324,-34.3910892162184,-63.6203636878017,-37.0156597132392
198,198,738084.768686205,-0.02,0.185,-87.3331249101607,-26.6589950367518,45.8486528266165,34.6782159896524,-1.2745241536362,-63.1086765393784,-8.05160316822166,-95.3505022660509,-1.16787947056528,-97.4150678662918,-32.9091472115574,-63.7149483568117,-35.5196764726034
199,199,738084.768686325,-0.02,0.2,-87.4313245993749,-23.2609126174792,45.8244937403674,34.8858321443788,-1.31077179281597,-63.1745382910169,-6.54002160323197,-95.4241679526626,0.332095762949802,-97.4783191312894,-31.4160211131647,-63.7770552898467,-34.0124375726801
200,200,738084.768686417,-0.02,0.215,-87.4600562042982,-19.8497113584794,45.8023774978658,35.0783462093686,-1.34761953792951,-63.2076691677442,-5.02097966619307,-95.4647223139595,1.83932281453803,-97.5084263127291,-29.9150543705145,-63.806459184977,-32.4973188518768
201,201,738084.768686506,-0.02,0.23,-87.4194189729363,-16.432742415048,35.2552692043203,45.7822911293757,0.185807630652891,-63.2080550463176,-3.49791501614593,-95.4721349491757,3.35039152718274,-97.5053835282502,-28.4096439898899,-63.8031546424874,-30.9777499739908
202,202,738084.768686626,-0.02,0.245,-87.309965986894,-13.0173670120935,35.4162245375867,45.7642136197136,0.148003485768578,-63.175901325284,-1.97427773197714,-95.4465977185989,4.86188044124747,-97.4694071119955,-26.9032023967281,-63.767355499438,-29.4571759195409
203,203,738084.768686716,-0.02,0.26,-87.1326934183453,-9.61087612288747,35.5609516750114,45.7481163116335,0.109857518402712,-63.1116283033145,-0.45349176778187,-95.3885202452863,6.37039500464271,-97.4009308373666,-25.3991192828156,-63.699490114321,-27.939018466626
204,204,738084.768686804,-0.02,0.275,-86.8890219054575,-6.22041250573235,35.6893075030255,45.7339633910102,0.0714683861184568,-63.0158626810822,1.06108255560472,-95.2985214857698,7.87260473710042,-97.3005972188282,-23.9007244215687,-63.600192783653,-26.4266386540098
205,205,738084.768686892,-0.02,0.29,-86.5807707083989,-2.85289701678,35.8012653984598,45.7217124402486,0.0329387825436541,-62.8894255007174,2.56618408729974,-95.1774176833936,9.36527842210065,-97.1692452132513,-22.4112523802953,-63.4702916066311,-24.9233011640978
206,206,738084.768686981,-0.02,0.305,-86.2101255455655,0.485039081026073,35.8969121090002,45.7113150483104,-0.00562618323379997,-62.7333169529277,4.05868357353498,-95.0262071358634,10.8453164975941,-97.007894758282,-20.9338099633639,-63.3107932294663,-23.4321414674126
207,207,738084.768687069,-0.02,0.32,-85.7796011836829,3.78711438056161,35.9764426149384,45.7027174581934,-0.044120707366919,-62.5486985732673,5.53561286909265,-94.84605230181,12.3097799475667,-96.817728677499,-19.4713470915335,-63.1228649920111,-21.956136440108
208,208,738084.768687156,-0.02,0.335,-85.29199998919,7.04744904239215,36.0401532151746,45.6958612407406,-0.0824400428478558,-62.3368734120012,6.99419008284884,-94.6382598357276,13.755915151535,-96.6000725453799,-18.0266316694506,-62.9078150617184,-20.4980790112256
209,209,738084.768687246,-0.02,0.35,-84.7503677056319,10.2606071940004,36.0884331240765,45.6906839794295,-0.120482209398957,-62.0992647947833,8.43184027749061,-94.4042591745936,15.1811743180372,-96.3563731378181,-16.6022288256183,-62.6670711722291,-19.0605572270006
210,210,738084.768687355,0,0.05,-80.0634277700988,-56.030851368054,32.9899949216028,46.0576204945102,0.610612387103599,-59.6874501003619,-21.0637488009738,-91.86103194972,-14.0853761940394,-94.0182010730732,-45.7499298698571,-60.3303620752296,-48.4896113961095
211,211,738084.768687451,0,0.065,-80.7002096138839,-53.0555082835558,33.3049217948684,46.0168769792276,0.581587356484731,-60.0036884903349,-19.757698901275,-92.1875430871161,-12.7881007549624,-94.3356157691724,-44.4637101452786,-60.6430110734442,-47.1910183043106
212,212,738084.768687573,0,0.08,-81.2868536825203,-50.0129958981958,45.9779191541619,33.6122348199983,-1.01922775278968,-60.2968720680167,-18.4192995021306,-92.4908382261038,-11.4588434850532,-94.6295985996333,-43.1451754505266,-60.9325563835846,-45.8598225206812
213,213,738084.768687663,0,0.095,-81.8202655471798,-46.9074821579496,45.9408046322987,33.9108410292546,-1.050241280467,-60.5654701396383,-17.0504190428593,-92.7693571950899,-10.0994653072452,-94.8986033553952,-41.7961494009647,-61.1974741350538,-44.4978665798153
214,214,738084.768687754,0,0.11,-82.2975658998053,-43.7436689916883,45.9055841829573,34.1996597133502,-1.0822436160571,-60.8080510312797,-15.6531849362852,-93.0216389652798,-8.71208354925929,-95.1411847910395,-40.4187129994258,-61.436340005271,-43.1072528076128
215,215,738084.768687874,0,0.125,-82.7161344049397,-40.5267688872027,45.8723012070291,34.4776365037418,-1.11522100505766,-61.0233037864279,-14.2299732426132,-93.2463436920009,-7.29906159397251,-95.3560205814717,-39.0151947572951,-61.6478508602672,-41.6903333255319
216,216,738084.768687965,0,0.14,-83.0736513497877,-37.2624711581168,45.8409913011849,34.7437577963832,-1.14915103205645,-61.2100588689775,-12.7833933186845,-93.4422737718915,-5.86299355095434,-95.5419322578928,-37.588155836121,-61.8308453888747,-40.249695027426
217,217,738084.768688055,0,0.155,-83.3681358494572,-33.9568981034825,45.8116819229808,34.9970651352758,-1.18400186203769,-61.367307256045,-11.3162675215736,-93.6083932915223,-4.40668403056808,-95.6979044995284,-36.140370278538,-61.9843231159729,-38.7881395990453
218,218,738084.768688146,0,0.17,-83.5979794086912,-30.6165516319304,45.7843921638132,35.2366691416858,-1.21973161378579,-61.4942173223412,-9.83160622810527,-93.7438452597574,-2.93312328305893,-95.8231021756298,-34.6748005779792,-62.1074611980593,-37.3086588327232
219,219,738084.768688235,0,0.185,-83.761973737024,-27.2482513025386,45.759132638032,35.4617625795014,-1.25628791633398,-61.5901489650501,-8.3325786150827,-93.847966063218,-1.44545814653604,-95.9168845806647,-33.1945690183661,-62.1996284520824,-35.8144056732548
220,220,738084.768688323,0,0.2,-83.8593318741392,-23.859065070683,45.7359054828621,35.6716321498554,-1.29360769788235,-61.6546644945301,-6.8224798179262,-93.920296660671,0.0530405811576559,-95.9788163833552,-31.7029253869233,-62.2603961451242,-34.3086616045699
221,221,738084.768688411,0,0.215,-83.8897018938727,-20.4562343496708,45.7147044735481,35.8656686483711,-1.33161725386001,-61.6875359184259,-5.30469523705733,-93.9605901352334,1.55901358181024,-96.0086749143522,-30.2032118146329,-62.2895451751905,-32.7948011395252
222,222,738084.768688499,0,0.23,-83.8531727051714,-17.0470952292431,45.6955152434675,36.0433751713098,-1.37023263088164,-61.6887483703991,-3.78266288175298,-93.9688153478795,3.06905038375837,-96.0064535428338,-28.6988256196348,-62.2870693969353,-31.2762542970571
223,223,738084.768688619,0,0.245,-83.7502717523612,-13.63899786025,45.6783156062627,36.2043731225462,-1.40936035033882,-61.6584995721934,-2.2598347222675,-93.9451565748913,4.57972769299084,-95.9723610319063,-27.1931811110425,-62.2531749838839,-29.7564680337163
224,224,738084.768688707,0,0.26,-83.5819547016872,-10.2392260762019,36.3484058633961,45.6630759644422,0.121897850082183,-61.5971953617318,-0.739638057389139,-93.8900091575355,6.08764768969675,-95.9068169086001,-25.6896713487497,-62.1882758624161,-28.2388676349678
225,225,738084.768688795,0,0.275,-83.3495874973771,-6.85491930784131,36.4753399352531,45.649759797983,0.0820583110464276,-61.5054414613129,0.774562105974942,-93.8039713356766,7.58947530269313,-95.8104430275133,-24.1916308464996,-62.0929853940213,-26.726819063074
226,226,738084.768688883,0,0.29,-83.0549214229569,-3.49299871023121,36.5851638721505,45.6383242144906,0.0420317233528951,-61.3840317907338,2.27949872080018,-93.6878325698576,9.08197353058129,-95.6840516394352,-22.7023001519125,-61.9681046126613,-25.2235932041455
227,227,738084.768688971,0,0.305,-82.7000620376967,-0.160099233891441,36.6779847189484,45.6287205494913,0.00193589980627783,-61.2339337428337,3.77203557259924,-93.542558771032,10.5620359756699,-95.5286303901801,-21.2247931426071,-61.8146074364233,-23.7323328612998
228,228,738084.768689058,0,0.32,-82.2874330325952,3.13749091323212,36.7540224428114,45.620895003167,-0.0381099727656649,-61.0562709277395,5.24919664525673,-93.3692749477628,12.0267158875074,-95.3453247643856,-19.7620677490239,-61.6336233608256,-22.2560232109718
229,229,738084.768689177,0,0.335,-81.8197361711967,6.39388228171194,36.8136024960101,45.6147892980814,-0.0779874721555128,-60.8523039531431,6.70819142475855,-93.1692458433574,13.4732511680887,-95.1354185505885,-18.3169006611357,-61.4264182017561,-20.7974662844161
230,230,738084.768689296,0,0.35,-81.2999085396707,9.60362690402757,36.8571468344303,45.6103413445162,-0.117581047122558,-60.6234098397388,8.14643575618233,-92.9438551684689,14.8990849601639,-94.9003129354633,-16.8918664081754,-61.1943734873225,-19.3592598666607
231,231,738084.768689413,0.02,0.05,-76.5226868752753,-56.4606852947701,33.7036235573059,45.9664836130154,0.635666290050429,-58.180638129355,-21.2936794686415,-90.3689983782702,-14.3125531743779,-92.5300666097944,-45.9836981706921,-58.8265910126245,-48.732023080561
232,232,738084.768689537,0.02,0.065,-77.136223933988,-53.5003318221651,34.0254994499875,45.9267435317017,0.606405891399577,-58.4857415587312,-19.9921632371598,-90.6844648934142,-13.0197755379313,-92.8364882608001,-44.7020095126069,-59.1281356914854,-47.4380456931345
233,233,738084.768689628,0.02,0.08,-77.7016978544361,-50.472799528123,34.3393337595861,45.8887859825657,0.576073850816936,-58.7686760602791,-18.6582506876245,-90.9775926581034,-11.6949702852998,-93.1203537195744,-43.3879563768328,-59.4074610250212,-46.1114115835959
234,234,738084.768689718,0.02,0.095,-78.2161372870762,-47.3822066287971,45.852665980336,34.6439946204372,-1.02613359353099,-59.0279695079038,-17.2937937033543,-91.246879600383,-10.3399819201259,-93.380174661037,-42.0433457997639,-59.6631015682983,-44.7539463150443
235,235,738084.768689839,0.02,0.11,-78.6767767301248,-44.2332035883204,45.8184317235122,34.9383641664084,-1.05862397508554,-59.2622449203403,-15.9009026115602,-91.4909189561014,-8.95691082123483,-93.6145598893746,-40.6702416932578,-59.8936875539234,-43.3677347445039
236,236,738084.768689927,0.02,0.125,-79.0810985841938,-41.030950231598,45.7861241043367,35.2213531856499,-1.09218545501009,-59.4702413011111,-14.4819360423969,-91.7084204592209,-7.54810307663457,-93.8222364464045,-39.2709551513448,-60.0979656769466,-41.9551112181246
237,237,738084.768690016,0.02,0.14,-79.4268731065969,-37.7810826062275,45.7557763091757,35.491916103639,-1.12680042654485,-59.6508335232124,-13.0394857856602,-91.8982305867981,-6.1161353608447,-94.0020697381681,-37.8480297993813,-60.2748189126832,-40.5186447608578
238,238,738084.768690103,0.02,0.155,-79.712195074503,-34.4896697789049,45.7274135173609,35.7490658952877,-1.16244081850213,-59.8030506678935,-11.5763567198572,-92.0593512589551,-4.66379493276183,-94.1530820809263,-36.4042222501996,-60.4232847777931,-39.0611193263065
239,239,738084.768690193,0.02,0.17,-79.9355160044988,-31.1631611330643,45.7010527083531,35.9918885011525,-1.19906719631676,-59.9260922435946,-10.0955420698895,-92.1909564104113,-3.19405501117797,-94.2744690852207,-34.9424779113812,-60.542571462208,-37.5855093537721
240,240,738084.768690281,0.02,0.185,-80.0956708774226,-27.8083250840512,45.6767025781782,36.2195563161256,-1.23662805083665,-60.0193417563975,-8.60019443180753,-92.2924058950716,-1.71004596557136,-94.3656133430062,-33.4659025685235,-60.6320713051407,-36.0949510620436
241,241,738084.76869037,0.02,0.2,-80.1918984560679,-24.4321805023212,45.6543635659291,36.4313403322001,-1.27505934451933,-60.0823771765415,-7.09359317530061,-92.3632562587153,-0.215022930186181,-94.4260949576215,-31.9777303406633,-60.6913711620239,-34.5927100823859
242,242,738084.768690458,0.02,0.215,-80.2238544988947,-21.0419224218189,45.6340279874927,36.6266205573231,-1.31428438006477,-60.1149779436854,-5.57910898585907,-92.4032680136087,1.28766940107952,-94.455698556255,-30.4812887549866,-60.7202593075736,-33.0821461855777
243,243,738084.768690547,0.02,0.23,-80.1916174032581,-17.6448438612342,45.6156802718324,36.8048943832995,-1.3542140493987,-60.1171282719935,-4.06016642890404,-92.4124091684218,2.79463392267869,-94.4544165449857,-28.9799618087656,-60.7187286387633,-31.5666759797448
244,244,738084.768690672,0.02,0.245,-80.0956860880555,-14.2482557518363,36.9657826591872,45.5992972911609,0.176048820794063,-60.0890166480854,-2.54020549966156,-92.3908549003614,4.3024592519165,-94.4224485005054,-27.4771519690388,-60.6869760734567,-30.0497345390001
245,245,738084.768690787,0.02,0.26,-79.9369701963742,-10.8594070233713,37.1090332995731,45.5848487740551,0.135023046599748,-60.0310315528131,-1.02264315968908,-92.3389833961145,5.807757857424,-94.3601967325754,-25.9762420994012,-60.6253981782694,-28.5347369620275
246,246,738084.768690875,0.02,0.275,-79.716772980748,-7.48540689148241,37.2345223656724,45.5722977896342,0.093625495969793,-59.9437535734245,0.489164148483487,-92.2573680259564,7.30720319916166,-94.2682581888523,-24.4805582961016,-60.5345831946528,-27.025040852345
247,247,738084.768690963,0.02,0.29,-79.4367674815128,-4.13315126388862,37.3422526451231,45.5616012904859,0.051983831829337,-59.8279441981391,1.99195607196799,-92.1467661427546,8.79756495251915,-94.1474130006316,-22.9933345634618,-60.4152997572408,-25.5239106591871
248,248,738084.768691051,0.02,0.305,-79.0989668248052,-0.809254984005181,37.4323498487541,45.5527107008831,0.0102305603089508,-59.6845316931361,3.48260116265994,-92.0081049078169,10.2757414847529,-93.9986100774709,-21.5176801655934,-60.2684827061379,-24.0344847238452
249,249,738084.768691139,0.02,0.32,-78.7056896449506,2.48000863471995,37.505056633894,45.5455725344317,-0.0314994806010972,-59.5145945472785,4.95812622598332,-91.8424646325261,11.7387888811665,-93.8229502446694,-20.0565503645018,-60.095216479649,-22.5597457480983
250,250,738084.768691228,0.02,0.335,-78.2595217388419,5.72875985661385,37.5607247154037,45.5401290317669,-0.073071747655919,-59.3193430285168,6.41574164694337,-91.6510601850859,13.1839459720876,-93.6216674766807,-18.6127211028397,-59.8967166320265,-21.1024952479456
251,251,738084.768691348,0.02,0.35,-77.7632751325313,8.93155536944252,37.5998053944051,45.5363188032632,-0.114354607478541,-59.1000994265383,7.85286230635373,-91.4352210434683,14.6086549796065,-93.3961088101403,-17.1887680229297,-59.6743100510318,-19.6653323875444
252,252,738084.768691457,0.04,0.05,-72.9112141987518,-56.8293416047887,34.3935639004006,45.8823045834358,0.662073119637093,-56.6333793523256,-21.4945912024002,-88.8358775292517,-14.5111791515712,-91.0006576738253,-46.1879789669259,-57.2823577672911,-48.9446727630152
253,253,738084.768691548,0.04,0.065,-73.4997333713966,-53.8865116924649,34.7216137134816,45.8435762323828,0.632631216986303,-56.9264304786391,-20.198838369139,-89.139360293907,-13.2241242879723,-91.2951562035873,-44.9120196524474,-57.5718851579771,-47.6565213228956
254,254,738084.768691638,0.04,0.08,-74.0423801404331,-50.8767222045166,35.0412166666505,45.806621795562,0.602035886708301,-57.1982613697164,-18.8707555053814,-89.4214449571675,-11.9051078536237,-91.5680384044101,-43.6037592961294,-57.8401405559829,-46.3357731513038
255,255,738084.768691744,0.04,0.095,-74.5363215170278,-47.8040336241687,45.7714935170255,35.3512082576608,-1.00052444683244,-57.4474662737852,-17.512173995787,-89.6806955060344,-10.5559539782802,-91.8178817631931,-42.26498460123,-58.0857247275854,-44.9842330451217
256,256,738084.768691847,0.04,0.11,-74.9789204025571,-44.6730339832633,45.7382368901746,35.6504397510726,-1.03346494591301,-57.6727303395251,-16.1251816692407,-89.9157670313969,-9.17874068138034,-92.0433566821755,-40.8977371751861,-58.3073298734237,-43.6039631242375
257,257,738084.768691937,0.04,0.125,-75.3677755434044,-41.4888165340236,45.7068902063743,35.9377932856408,-1.06758096759319,-57.8728494436296,-14.7121128537881,-90.125425909871,-7.77578990118062,-92.2432465816262,-39.5043040297492,-58.5037594031845,-42.1972732256536
258,258,738084.768692026,0.04,0.14,-75.7007594897749,-38.2569473036204,45.6774841911913,36.2121972917398,-1.10286137881389,-58.0467491055486,-13.2755334908899,-90.3085690820862,-6.34965262844129,-92.4164670630282,-38.0872031844753,-58.6739467857331,-40.7667063533445
259,259,738084.768692114,0.04,0.155,-75.9760534335169,-34.9834227164021,45.6500417413052,36.4726418093482,-1.13928353672097,-58.1935019294194,-11.8182213805388,-90.4642418583765,-4.90308921869118,-92.5620835644029,-36.6491644350192,-58.816972915689,-39.3150192463117
260,260,738084.768692235,0.04,0.17,-76.192177833451,-31.6746178157183,45.6245777619122,36.7181932651092,-1.17681204211619,-58.3123430292251,-10.3431418072863,-90.5916536983039,-3.43904513400886,-92.6793269562916,-35.1931055242767,-58.9320814538719,-37.8451583056318
261,261,738084.768692358,0.04,0.185,-76.3480178292118,-28.3372260000775,45.6010991121671,36.9480082690935,-1.21539767535336,-58.4026829363306,-8.85341897656822,-90.6901914532765,-1.96062254290128,-92.7676065709941,-33.7221041323257,-59.0186916426184,-36.3602313009313
262,262,738084.768692446,0.04,0.2,-76.4428425848479,-24.9781915170293,45.5796046541103,37.161346001409,-1.25497660409852,-58.4641175578396,-7.35230386031211,-90.7594296311752,-0.471048374684473,-92.8265202286348,-32.2393662698039,-59.0764081666251,-34.8634754470394
263,263,738084.768692535,0.04,0.215,-76.4763178988648,-21.6046362762163,45.5600854054234,37.3575788067502,-1.29546995640984,-58.4964348472593,-5.84313919996598,-90.7991373356334,1.02636042783414,-92.8558609183675,-30.7481918082591,-59.1050277232525,-33.3582225918869
264,264,738084.768692623,0.04,0.23,-76.4485116365437,-18.2237827637332,45.542524787203,37.5362006601875,-1.33678384459664,-58.4996179609573,-4.3293225340917,-90.8092816457854,2.52823359612707,-92.8556199071013,-29.2519380004463,-59.1045420784119,-31.847862377241
265,265,738084.768692711,0.04,0.245,-76.3598918043951,-14.842875018692,45.5268989584203,37.6968332587457,-1.37880991166271,-58.4738447987607,-2.81426819856312,-90.7900273287712,4.03118522340347,-92.8259861751032,-27.7539819255121,-59.0751375090456,-30.3358043165802
266,266,738084.768692798,0.04,0.26,-76.2113173360948,-11.469099694406,45.5131772303165,37.8392295677785,-1.42142644482522,-58.4194839576118,-1.30136928486132,-90.7417329096321,5.5318514745224,-92.7673422104525,-26.257682833221,-59.017190663698,-28.82543977387
267,267,738084.768692886,0.04,0.275,-76.0040219440285,-8.10950921491875,37.9632747746931,45.5013225414188,0.106296260985426,-58.3370872554703,0.206039466237082,-90.6649432536352,7.0269273499775,-92.6802563245646,-24.7663453553573,-58.9312610007227,-27.3201048208585
268,268,738084.768693008,0.04,0.29,-75.7395915891021,-4.77094891360671,38.0689846563802,45.4912919903739,0.0629083618812047,-58.2273791014697,1.70471691114188,-90.5603789369175,8.51320158860061,-92.5654717713809,-23.283184502254,-58.8180800822076,-25.8230448996815
269,269,738084.768693096,0.04,0.305,-75.4199363731992,-1.45998986212335,38.1565015165911,45.4830374041615,0.0193557247892357,-58.0912430906884,3.1915480588662,-90.4289227857704,9.98758888662933,-92.42389305659,-21.8112932719777,-58.678538103628,-24.337382126194
270,270,738084.768693185,0.04,0.32,-75.0472577818239,1.81713117886311,38.2260878834234,45.4765059365873,-0.0242084287092335,-57.9297062828001,4.66357323089354,-90.2716040476648,11.4471587369129,-92.2565699048854,-20.3536135758589,-58.513668119675,-22.8660859442777
271,271,738084.768693273,0.04,0.335,-74.6240123391914,5.05456355869512,38.27811826104,45.4716406800416,-0.0676304413740943,-57.7439216796971,6.11801327229959,-90.0895807145012,12.8891603423519,-92.0646794096196,-18.9129110355084,-58.3246284820655,-21.4119476913025
272,272,738084.76869336,0.04,0.35,-74.1528727842218,8.24688550295066,38.3130692645585,45.4683812811174,-0.110759492376066,-57.5351494464712,7.55229042683579,-89.8841205491644,14.3110432223583,-91.8495069184588,-17.4917540430529,-58.1126840339706,-19.9775594698717
273,273,738084.76869347,0.06,0.05,-69.2420978200236,-57.1362971966149,35.0570375244179,45.804812072228,0.689899430722478,-55.0517982950746,-21.6660735305189,-87.2677482291603,-14.6808474211284,-89.4360414408444,-46.3623543475056,-55.7037758296105,-49.1271136382647
274,274,738084.76869359,0.06,0.065,-69.8041058250716,-54.2134139890975,35.3904137634711,45.7671000514815,0.66034058567234,-55.3320178416259,-20.377269652724,-87.5584455515657,-13.4006963980812,-89.7178236817171,-45.0932788679668,-55.9805106837904,-47.8459536888162
275,275,738084.768693681,0.06,0.08,-70.3225278168433,-51.2240145136396,35.7149647276733,45.7311481617286,0.629543271249901,-55.5920190771075,-19.0563131224355,-87.828739319802,-12.0887596803546,-89.9789841409636,-43.7920767421721,-56.2369743410889,-46.5323690571117
276,276,738084.768693769,0.06,0.095,-70.7946819153515,-48.1720941419636,36.0295001105917,45.6970057502407,0.597482886126367,-55.8304691861056,-17.7050111355486,-88.0772662991162,-10.7468373207547,-90.2181728090265,-42.460510835264,-56.4718403226443,-45.188140235112
277,277,738084.768693863,0.06,0.11,-71.2180716152291,-45.0621682396194,36.3328471383887,45.6647155162485,0.564142253113692,-56.0461216962152,-16.3254239137821,-88.3027498414922,-9.37697987132474,-90.4341280541981,-41.1005955366923,-56.6838690244246,-43.8153016442452
278,278,738084.768693984,0.06,0.125,-71.5904233871454,-41.8992504139577,45.6343130991679,36.6238660026557,-1.0412830818549,-56.2378351644441,-14.9198549636811,-88.5040189274635,-7.98147861657412,-90.6256955882074,-39.7145874591143,-56.8719263531358,-42.4161322338024
279,279,738084.768694076,0.06,0.14,-71.9097223949979,-38.6888208527375,45.6058267536477,36.9014655774828,-1.07719783211125,-56.404590996076,-13.4908364940962,-88.68002634891,-6.56285100965002,-90.7918465374907,-38.3049713386595,-57.0350014830254,-40.9931412338251
280,280,738084.768694167,0.06,0.155,-72.1742452744512,-35.4367849319862,45.5792771200637,37.16461900583,-1.1143831963427,-56.5455098711635,-12.0411100615475,-88.8298654989828,-5.12382138328365,-90.9316940870566,-36.8744411960279,-57.1722232097433,-39.5490491228306
281,281,738084.768694256,0.06,0.17,-72.3825889490458,-32.1494226118701,45.5546770953477,37.4123787029689,-1.15280987225468,-56.6598662694733,-10.5736026866342,-88.9527852503414,-3.66729717956453,-91.04450817999,-35.4258769897981,-57.2828743933326,-38.0867640443391
282,282,738084.768694344,0.06,0.185,-72.5336945593666,-28.8333295035922,45.5320318031014,37.6438903432535,-1.1924328593497,-56.7471006250289,-9.0913988592913,-89.0482024430962,-2.19634111555458,-91.1297277973063,-33.9623171665891,-57.3664040233375,-36.6093540811091
283,283,738084.768694432,0.06,0.2,-72.6268656892056,-25.4953508168079,45.5113386652432,37.8584053804351,-1.2331902066086,-56.8068287066089,-7.59770901586719,-89.1157115693118,-0.714139865212039,-91.1869704094312,-32.4869276769882,-57.4224365044254,-35.1200159619042
284,284,738084.76869452,0.06,0.215,-72.6617802737311,-22.1425096982594,45.4925875693958,38.055291721914,-1.2750021578373,-56.8388479074012,-6.09583521646239,-89.1550913285511,0.776030018155924,-91.2160382793483,-31.0029681714272,-57.450777848162,-33.6220409222272
285,285,738084.768694606,0.06,0.23,-72.6384957764417,-18.7819317070583,45.4757611250587,38.234042226489,-1.3177708213691,-56.8431402318034,-4.58913486724616,-89.166307834911,2.27083809996364,-91.2169214041629,-29.5137562068492,-57.4514185614156,-32.1187785582648
286,286,738084.768694725,0.06,0.245,-72.5574474597493,-15.4207673259259,45.4608350006333,38.3942807722546,-1.36138047613306,-56.8198718839293,-3.08098341187254,-89.1495143741314,3.76693706590096,-91.1897970006245,-28.0226303755189,-57.4245331385867,-30.6135995944821
287,287,738084.768694844,0.06,0.26,-72.4194398163246,-12.0661144837574,45.4477783313802,38.5357657292337,-1.40569859832021,-56.7693894843362,-1.57473695346722,-89.1050477331558,5.26099977358573,-91.1350255640519,-26.5329133063454,-57.3704761866515,-29.1098585246602
288,288,738084.768694932,0.06,0.275,-72.2256314786885,-8.72494305121458,38.6583907819979,45.4365541865611,0.120218678848499,-56.6922130613295,-0.0736957617149782,-89.0334212464424,6.74975540849384,-91.0531436520361,-25.0478754843181,-57.2897753317233,-27.6108570812672
289,289,738084.768695019,0.06,0.29,-71.9775141396644,-5.40402315777181,38.7621831362699,45.4271200838355,0.0749387282802007,-56.5890260742625,1.41893043068605,-88.9353148163965,8.23002384879079,-90.9448536568604,-23.5707007859659,-57.1831211665851,-26.1198094397841
290,290,738084.768695107,0.06,0.305,-71.6768862143782,-2.10985899870313,38.8472992438009,45.4194285383602,0.0294271983239341,-56.4606628221023,2.90005452752935,-88.8115622632511,9.69874743310471,-90.811010927836,-22.1044545419022,-57.0513545940686,-24.6398099768648
291,291,738084.768695194,0.06,0.32,-71.3258221211734,1.15137045542479,38.914018263103,45.413427635197,-0.0161410051790825,-56.3080936663349,4.3667408721432,-88.6631364373433,11.1530194469291,-90.6526086814532,-20.6520548180672,-56.8954519966246,-23.1738042804733
292,292,738084.768695282,0.06,0.335,-70.9266381672081,4.37386273493497,38.9627335449859,45.4090616131627,-0.0615894260954807,-56.1324085499806,5.81623020800469,-88.4911325809785,12.5901087888535,-90.470761190308,-19.216247463535,-56.7165087145527,-21.7245639649573
293,293,738084.768695369,0.06,0.35,-70.4818560772602,7.55223435196133,38.9939424831691,45.4062714509169,-0.106744185840889,-55.9347993223117,7.2459604118313,-88.2967504561705,14.0074804375512,-90.2666857696987,-17.7995853142995,-56.5157213427553,-20.294665683931
294,294,738084.7686955,0.08,0.05,-65.5288860186943,-57.381680958882,35.6915799205363,45.7337138653026,0.719209354237806,-53.4423108131978,-21.8080433623441,-85.6709887433694,-14.8214733960413,-87.8425868984707,-46.5067391070263,-54.0972504627313,-49.279235362654
295,295,738084.76869559,0.08,0.065,-66.063189476851,-54.4810416640183,36.0293792591613,45.6970187380317,0.689610065053427,-53.7090681321699,-20.5273216683799,-85.9482472953488,-13.5493551997741,-88.1110074613655,-45.2456504232135,-54.3605657807646,-48.0061799406766
296,296,738084.768695681,0.08,0.08,-66.5562675168168,-51.5145450540591,36.3580057174674,45.6620651507314,0.65868495335262,-53.9566520997395,-19.2147319052,-86.2061406050748,-12.245733166885,-88.3598453238905,-43.9527165989807,-54.604653950575,-46.7009800964408
297,297,738084.768695769,0.08,0.095,-67.0055993559002,-48.4861146475778,36.6762504074161,45.628899475625,0.626398377785441,-54.1838080332979,-17.8720536550814,-86.4433835705877,-10.912379835349,-88.5878283104978,-42.6296734145795,-54.8282664291176,-45.3653887432515
298,298,738084.768695885,0.08,0.11,-67.4088386377674,-45.4001837282659,36.9829237119589,45.5975615737906,0.592721841701169,-54.3893627825302,-16.5013147722408,-86.6587729053948,-9.55131352954829,-88.793767822162,-41.2785034684497,-55.030236732243,-44.0014079906093
299,299,738084.768695974,0.08,0.125,-67.7638484910049,-42.2616741701463,45.5680844233763,37.2768709052582,-1.01316041786839,-54.5722421750472,-15.1047818525718,-86.8512049378876,-8.16478880500969,-88.9765765624626,-39.9014270788554,-55.2094978323229,-42.6112799508
300,300,738084.768696064,0.08,0.14,-68.06873481273,-39.0759656419643,45.5404938320342,37.5569880298799,-1.04966404256675,-54.7314876420015,-13.6849459955407,-87.0196925984454,-6.75528222869179,-89.1352854171058,-38.5008885190601,-55.3650987246342,-41.197472833245
301,301,738084.768696151,0.08,0.155,-68.3218768072985,-35.848855350624,45.5148082427383,37.8222376077718,-1.08758032577243,-54.8662715377954,-12.2445039264783,-87.1633810993551,-5.3254735653878,-89.2690589925897,-37.0795376445712,-55.4962196774333,-39.7626623858913
302,302,738084.768696249,0.08,0.17,-68.5219538364653,-32.5865088325562,45.4910386332239,38.0716637417193,-1.12688869862619,-54.9759106827425,-10.7863347149483,-87.2815618269723,-3.87822260678828,-89.3772093352712,-35.6402071366961,-55.6021856958663,-38.3097089103
303,303,738084.76869637,0.08,0.185,-68.6679677168318,-29.2954026341884,45.4691885122545,38.3044061535277,-1.16755094652557,-55.0598776953487,-9.31347249315111,-87.3736840031312,-2.41654204639461,-89.4592073910284,-34.1858857535597,-55.682477768037,-36.8416302456468
304,304,738084.768696461,0.08,0.2,-68.759259724057,-25.9822600579384,45.4492540086242,38.5197127335748,-1.20950934208311,-55.1178097411672,-7.82907573749287,-87.4393637334613,-0.943566960994088,-89.514691827386,-32.7196881381136,-55.7367415221816,-35.3615712767711
305,305,738084.768696548,0.08,0.215,-68.7955217249674,-22.6539814220452,45.4312240507899,38.7169502053111,-1.2526851881637,-55.1495144055694,-6.33639381673026,-87.4783901414522,0.537478401990323,-89.5434749222511,-31.2448218727064,-55.7647930045745,-33.8727706628432
306,306,738084.768696636,0.08,0.23,-68.7768010594206,-19.317570520822,45.4150806291807,38.8956125839015,-1.2969779502246,-55.1549724943469,-4.83873162244543,-87.4907283847699,2.02331572108465,-89.5455453219562,-29.7645525825501,-55.7666213845229,-32.3785255970399
307,307,738084.768696725,0.08,0.245,-68.7034990065998,-15.980059117605,45.4007991315241,39.055327176253,-1.3422651498576,-55.1343376736946,-3.33941317467382,-87.4765194596169,3.510648695323,-89.52106758091,-28.2821679685598,-55.7423885004694,-30.8821554864884
308,308,738084.768696812,0.08,0.26,-68.5763629001032,-12.6484313819086,45.3883487429748,39.1958579660434,-1.38840316365573,-55.0879329733728,-1.84174513231942,-87.4360768129342,4.99619921497624,-89.4703785096896,-26.8009416884113,-55.6924252734601,-29.3869654804643
309,309,738084.768696901,0.08,0.275,-68.3964721765691,-9.32955016425112,45.3776928997085,39.3171063249128,-1.43522901822502,-55.016244287562,-0.34898113229891,-87.3698798949654,6.47674269293144,-89.3939804707711,-25.3240980011578,-55.617225124713,-27.8962107711975
310,310,738084.768696988,0.08,0.29,-68.1652188511195,-6.0300869047227,39.4191090909663,45.3687897832859,0.0882331287516841,-54.9199111103073,1.13571216584114,-87.278564889171,7.94914168861988,-89.2925318653677,-23.8547780459361,-55.5174346361994,-26.4130625463422
311,311,738084.768697077,0.08,0.305,-67.8842830886532,-2.75645679344183,39.5020341514551,45.3615928471275,0.0405829336342887,-54.7997148311268,2.60928653820365,-87.162912947104,9.41037704131438,-89.1668351446697,-22.3960085428928,-55.3938417814205,-24.9405763888959
312,312,738084.768697165,0.08,0.32,-67.5556046815095,0.485239437003437,39.5661737492295,45.3560513600756,-0.00718269185981588,-54.6565649866922,4.06884048270139,-87.0238363280243,10.8575758456679,-89.01782275013,-20.9506735905185,-55.2473621235219,-23.481663805228
313,313,738084.768697252,0.08,0.335,-67.1813513418122,3.68926599949444,39.6119358052095,45.3521109607162,-0.0548599290899945,-54.4914839135689,5.5116437982489,-86.8623628936486,12.2880357416602,-88.8465414368886,-19.5214900960341,-55.0790234264816,-22.0390674229328
314,314,738084.768697339,0.08,0.35,-66.7638847667895,6.85029404550979,39.639833599095,45.3497142107296,-0.102246976945941,-54.3055902733725,6.93515807652469,-86.6796194359821,13.6992451443529,-88.6541354609358,-18.1109872234381,-54.8899491510499,-20.6153402466526
315,315,738084.768697464,0.1,0.05,-61.7853382934093,-57.5662546107905,36.2950873866309,45.668701274282,0.750062836344574,-51.8114989993693,-21.9207368759461,-84.052152131653,-14.9332866728934,-86.2268403001883,-46.6213725107293,-52.4693537904446,-49.4012561779853
316,316,738084.768697553,0.1,0.065,-62.2910544106999,-54.6900177625622,36.6363685115595,45.6330194165979,0.720512738562243,-52.0643179321021,-20.6491712289123,-84.3154731728697,-13.6702711473265,-86.4814077560104,-45.3693153991399,-52.7187766573652,-48.13735912274
317,317,738084.768697645,0.1,0.08,-62.7579579970706,-51.748786407249,36.9681633485231,45.5990561090042,0.689548468041201,-52.2990409638242,-19.3461237133415,-84.5605005537526,-12.3761340932088,-86.7174656026309,-44.0857962133619,-52.9500491345645,-46.8417005488812
318,318,738084.768697734,0.1,0.095,-63.1836964772764,-48.74640611947,37.2892518513122,45.5668547171458,0.657121542510984,-52.5144953123952,-18.0133431461115,-84.7860312280653,-11.0526173696563,-86.9338234010127,-42.7725206646404,-53.1620043699975,-45.5160027864613
319,319,738084.768697822,0.1,0.11,-63.5660804568886,-45.6872195557916,37.5984349232897,45.5364522622941,0.623189986149751,-52.7095847260881,-16.6528206376648,-84.9909390010769,-9.70170269702327,-87.1293692856066,-41.4314353599056,-53.3535525604489,-44.1622313994221
320,320,738084.76869791,0.1,0.125,-63.9031160999293,-42.5760458694856,45.5078790897059,37.8945500869669,-0.983075794258298,-52.8833056191907,-15.2667802785788,-85.1741910146765,-8.32560231992384,-87.3030863791077,-40.064718909742,-53.523697041762,-42.7825862038417
321,321,738084.768698026,0.1,0.14,-64.1930358528612,-39.4181508481255,45.4811586180686,38.17648738063,-1.02010522733324,-53.0347624372017,-13.8576652826625,-85.3348634688646,-6.92674516881148,-87.4540684104699,-38.674768532448,-53.6715495977544,-41.3794877378946
322,322,738084.76869815,0.1,0.155,-64.4343266223297,-36.2192079232292,45.4563071779079,38.443205054495,-1.05870283985739,-53.1631818068266,-12.428119654435,-85.4721561260436,-5.50775859018332,-87.5815340832299,-37.2641822126614,-53.7963445438857,-39.9555592426394
323,323,738084.768698243,0.1,0.17,-64.6257545458231,-32.9852505490971,45.4333339383691,38.6937446302739,-1.09886011686016,-53.2679250400938,-10.9809656086901,-85.5854051581938,-4.07144587392449,-87.6848397559423,-35.8357366312097,-53.8974511561125,-38.5136043725515
324,324,738084.768698339,0.1,0.185,-64.7663855647953,-29.7226167526316,45.412240926145,38.9272448708133,-1.14054898929002,-53.3484985967948,-9.51917713033823,-85.6740939317813,-2.62075996523025,-87.7634900325477,-34.3923612420567,-53.9743840507476,-37.0565810154946
325,325,738084.768698432,0.1,0.2,-64.8556011274356,-26.4378869788415,45.3930231306284,39.1429542427356,-1.18371916314992,-53.4045621647843,-8.04585021448383,-85.737861380859,-1.15877389873134,-87.8171459172443,-32.9371090232378,-54.026811176711,-35.5875717543562
326,326,738084.768698526,0.1,0.215,-64.8931084924924,-23.1378166224608,45.3756686929024,39.340241485371,-1.22829583253104,-53.4359340910057,-6.56417046054759,-85.7765076930166,0.311351375303557,-87.8456302634748,-31.4731245623129,-54.0545591552121,-34.1097516375019
327,327,738084.76869862,0.1,0.23,-64.8789452873267,-19.8292648513956,45.3601591686023,39.5186039637285,-1.27417802218554,-53.4425939841759,-5.07737880160161,-85.7899971219741,1.78640099685624,-87.8489303367568,-30.0036102446321,-54.0576157901158,-32.6263540340617
328,328,738084.768698714,0.1,0.245,-64.8134781673602,-16.5191214839241,45.346469861039,39.6776735636246,-1.32123781436548,-53.4246824080008,-3.58873622406153,-85.7784578401031,3.26314118557983,-87.8271974109371,-28.5317913877016,-54.0361296702096,-31.1406354257307
329,329,738084.768698836,0.1,0.26,-64.6973956356929,-13.2142337434308,45.3345702094371,39.8172199747285,-1.36932069411683,-53.3824976860342,-2.10148836871998,-85.7421788481914,4.73835433028269,-87.7807434217827,-27.0608812022998,-53.9904068868449,-29.6558400245115
330,330,738084.76869893,0.1,0.275,-64.5316952788875,-9.92133471194099,45.3244242262943,39.9371513075046,-1.41824718915539,-53.3164899400286,-0.618830899688989,-85.6816040624403,6.20887329998257,-87.7100348044168,-25.5940464586285,-53.9209049909628,-28.175165103363
331,331,738084.768699024,0.1,0.29,-64.3176658654775,-6.64697520485316,40.037512085663,45.3159909705679,0.102980440803517,-53.2272525770574,0.856123516017606,-85.597323794039,7.67161414212052,-87.6156837361404,-24.1343746942363,-53.8282244066899,-26.7017278847623
332,332,738084.76869912,0.1,0.305,-64.0568649167279,-3.39746063069739,40.1184787530211,45.309225046585,0.052988547900805,-53.1155115216014,2.32037585544573,-85.4900639196357,9.12360641323864,-87.4984370884358,-22.684843723136,-53.7130975993347,-25.2385347540255
333,333,738084.768699214,0.1,0.32,-63.7510924852421,-0.178794165581484,40.1803529134822,45.3040771203629,0.00280455894123342,-52.9821125533874,3.77106836042726,-85.3606731072126,10.5620204969585,-87.3591634574152,-21.2482940980411,-53.5763763597325,-23.7884534556697
334,334,738084.768699339,0.1,0.335,-63.4023619700451,3.00337269276847,40.2235525940008,45.3004944404858,-0.0473346603168324,-52.8280071570046,5.20550861196381,-85.2101085087317,11.9841913959365,-87.1988386877064,-19.8274050474831,-53.4190176117955,-22.3541887995972
335,335,738084.768699464,0.1,0.35,-63.0128688434147,6.14378143677875,40.2486018716175,45.2984213584001,-0.0971932173049709,-52.6542373141101,6.6211896847935,-85.0394203568027,13.3876386300228,-87.0185303295985,-18.4246742651964,-53.2420681744017,-20.9382622580494
336,336,738084.768699625,0.12,0.05,-58.0251773572114,-57.6913756861406,36.8658503826614,45.6094537542587,0.782513522103954,-50.1659855576851,-22.0046922735577,-82.4178408033896,-15.0168141108374,-84.5953997417672,-46.7068007783003,-50.8266993272174,-49.4937056187698
337,337,738084.768699783,0.12,0.065,-58.5017352248118,-54.8415508674479,37.2096523332546,45.5747773800538,0.753116473310208,-50.4045455784612,-20.7432913071515,-82.6668816747875,-13.7639060700365,-84.8357780860238,-45.4647563085765,-51.0619120429191,-48.2399560356689
338,338,738084.768699878,0.12,0.08,-58.9419239037458,-51.9277835091442,37.5436915386327,45.5417926142974,0.722217650815345,-50.6261090178007,-19.4508892254765,-82.898723152828,-12.4803522669682,-85.0587432965838,-44.1917273654228,-51.2800732136446,-46.9549234204786
339,339,738084.768699973,0.12,0.095,-59.3435632595324,-48.9538357894559,37.8667442195191,45.510539826577,0.689753881322585,-50.8295873276671,-18.1292012057782,-83.1122467295915,-11.1678609969255,-85.2631891365462,-42.8893868712187,-51.48010000246,-45.6402967856771
340,340,738084.768700101,0.12,0.11,-59.7046249216273,-45.923952109061,38.1776091358529,45.4810532356112,0.655667399118712,-51.0139633601006,-16.7801776494454,-83.3064056540952,-9.82837341120907,-85.4480828008614,-41.5596416372674,-51.6609814800858,-44.2980013195067
341,341,738084.768700196,0.12,0.125,-60.0232619107239,-42.8428391032945,38.4751231722758,45.4533606169719,0.619908307442412,-51.1783061540434,-15.4059950917096,-83.4802400618467,-8.46405440530807,-85.6124799784202,-40.2046236821636,-51.8217933689785,-42.9301896197487
342,342,738084.76870029,0.12,0.14,-60.2978367347716,-39.7156367649834,45.4274830861091,38.758177114505,-0.988358879972489,-51.3217850028894,-14.0090427583788,-83.6328913909591,-7.07727919454034,-85.7555391689983,-38.8266772346926,-51.961712057725,-41.5392285693063
343,343,738084.768700383,0.12,0.155,-60.5269471368654,-36.5478808369982,45.4034349682792,39.0257311932127,-1.02756668711081,-51.4436824002638,-12.5919048377228,-83.7636156737891,-5.67061564734917,-85.8765348445594,-37.4283414803794,-52.0800274839296,-40.1276819132963
344,344,738084.768700477,0.12,0.17,-60.7094487262634,-33.3454569401297,45.3812237514178,39.2768299679275,-1.06851908888007,-51.5434054748521,-11.1573386867958,-83.8717953060303,-4.24680259626974,-85.974869058527,-36.0123292604034,-52.1761544975742,-38.6982887484418
345,345,738084.768700572,0.12,0.185,-60.8444737770474,-30.1145472075881,45.3608501235427,39.510616112031,-1.11120248475908,-51.6204955571587,-9.70824934298669,-83.9569489270368,-2.80872449662784,-86.0500811395646,-34.5815020819378,-52.2496423490932,-37.2539382874163
346,346,738084.768700698,0.12,0.2,-60.9314455866495,-26.8615704923833,45.342308090884,39.7263426852913,-1.1555783313369,-51.6746355710246,-8.24766085491261,-84.0187390956054,-1.35938294482179,-86.1018551579557,-33.1388419415693,-52.3001819968691,-35.7976414047998
347,347,738084.768700792,0.12,0.215,-60.9700879187353,-23.59311746384,45.3255851732276,39.9233835197574,-1.20157973833061,-51.7056550090874,-6.77868507308529,-84.056977512427,0.0981343071038404,-86.1300249205758,-31.6874205896021,-52.3276109952615,-34.332499598731
348,348,738084.768700887,0.12,0.23,-60.9604292173376,-20.3158821245515,45.3106626661864,40.1012414078227,-1.24910868096812,-51.713532330591,-5.30448864234755,-84.0716276208084,1.56068610370572,-86.1345763315513,-30.2303669650148,-52.3319158038181,-32.8616721052969
349,349,738084.76870098,0.12,0.245,-60.9028014535768,-17.0365914135004,45.297515967477,40.2595538559233,-1.29803419355377,-51.6983947079361,-3.82825900831156,-84.0628045067819,3.02511159922804,-86.1156470457559,-28.7708336020008,-52.3132314462626,-31.3883419745928
350,350,738084.768701074,0.12,0.26,-60.7978336547627,-13.7619346303259,45.2861149517172,40.3980962566016,-1.34819190940509,-51.6605151404026,-2.35317028453359,-84.0307721133473,4.48826409194526,-86.0735234361396,-27.3119628450196,-52.2718385399313,-29.9156819537056
351,351,738084.768701171,0.12,0.275,-60.6464403458881,-10.4984944136123,45.2764243892738,40.5167824275674,-1.39938525978146,-51.6003070439657,-0.882349823967704,-83.975937876045,5.94704414389726,-86.0086349883177,-25.8568537079743,-52.2081578066504,-28.4468210205499
352,352,738084.768701265,0.12,0.29,-60.4498053023135,-7.25268091472274,40.6156625617405,45.2684043958883,0.119407795591369,-51.5183165102992,0.581153702019897,-83.8988449731374,7.39843119066963,-85.9215463215012,-24.4085301750759,-52.1227422599708,-26.9848123740365
353,353,738084.76870136,0.12,0.305,-60.2093611606465,-4.03067066053967,40.6949187238685,45.2620109048512,0.0668445160016627,-51.4152125011404,2.0343999879974,-83.800162458499,8.83951291988139,-85.8129471092885,-22.9699116691628,-52.0162673365394,-25.5326036135143
354,354,738084.768701455,0.12,0.32,-59.9267655489983,-0.83835138418702,40.7548581084571,45.2571961508709,0.013988685900481,-51.2917753027398,3.47458391579452,-83.680673605681,10.2675117992829,-85.6836402332042,-21.5437863129921,-51.8895192974596,-24.0930097391673
355,355,738084.768701549,0.12,0.335,-59.6038744822371,2.31872615137997,40.7959043450345,45.2539091611636,-0.0388826653223834,-51.1488836064166,4.89905901074383,-83.5412628342612,11.6798082589113,-85.5345285437042,-20.1327874870369,-51.7433822665086,-22.6686894818406
356,356,738084.768701643,0.12,0.35,-59.2427138134144,5.43538859440594,40.8185871846686,45.2520962396908,-0.0914916574664147,-50.9875006044476,6.30535716858196,-83.3829016139384,13.073960168531,-85.3666006266897,-18.7393740516869,-51.5788242948303,-21.2621253337499
357,357,738084.76870177,0.14,0.05,-54.2618523191262,-57.7589451021796,37.4025725966862,45.5556435199959,0.816606273537391,-48.5123128853986,-22.0607246251281,-80.7745855200096,-15.0728551222943,-82.9547941111977,-46.7638515265318,-49.1758211857477,-49.5573990408074
358,358,738084.768701912,0.14,0.065,-54.7089853604944,-54.9373851317,37.747932822226,45.5219608548311,0.787481218567836,-48.736445781328,-20.8104270672233,-81.0091566462602,-13.8309896538559,-83.1807997509107,-45.532732675848,-49.3966579414656,-48.3147169231145
359,359,738084.768702062,0.14,0.08,-55.1222017548263,-52.0531066803539,38.0832928460005,45.4899393743014,0.756769773017651,-48.9446928470412,-19.5296954274799,-81.2276349162163,-12.5590394625504,-83.3905016515643,-44.2711932530719,-49.6015536400645,-47.0413175581915
360,360,738084.76870216,0.14,0.095,-55.499495271296,-49.1097837144311,38.4074324025672,45.4596165012798,0.724392268431943,-49.1360507165526,-18.2202086492554,-81.4289874478356,-11.2586766769511,-83.5828788523436,-42.9808709362045,-49.7895104010472,-45.7388541764121
361,361,738084.76870226,0.14,0.11,-55.8389999806916,-46.1115556928621,38.7191552370942,45.4310237230562,0.690272778189538,-49.3095822272636,-16.8838728894774,-81.6122479523277,-9.93179834489752,-83.7569786065534,-41.6636293496393,-49.9595970416422,-44.4092081797439
362,362,738084.768702358,0.14,0.125,-56.1390171215888,-43.0630081790107,39.0173044781752,45.4041863363985,0.654341771170722,-49.4644298481894,-15.5228126584508,-81.776530496072,-8.58051755427765,-83.9119300789315,-40.3215495979762,-50.1109624649767,-43.0544805958422
363,363,738084.768702488,0.14,0.14,-56.3980405515608,-39.9691450004509,45.37912326405,39.3007781610763,-0.954256997008269,-49.5998284411294,-14.1393578184134,-81.9210426003201,-7.20715045118368,-84.0469573505974,-38.956917693822,-50.2428483712274,-41.6769793853138
364,364,738084.768702585,0.14,0.155,-56.6147800576524,-36.8353521144669,39.5685444943094,45.3558469520288,0.576818940412798,-49.7151169946191,-12.7360265096482,-82.0450973103685,-5.81419922615808,-84.1613913638152,-37.5722079398138,-50.3546009322913,-40.2792026628723
365,365,738084.76870268,0.14,0.17,-56.7881818349773,-33.6673536207927,45.3343633452758,39.8196564471729,-1.03564451239605,-49.8097489830404,-11.3155042145758,-82.1481238779827,-4.40433127960708,-84.2546804519184,-36.1700624652802,-50.4456810833252,-38.8638180347477
366,366,738084.768702773,0.14,0.185,-56.9174454990033,-30.4711606564822,45.3146719411401,40.0532652375493,-1.07926469923967,-49.8833010322501,-9.88061931202526,-82.2296767298181,-2.9803549178463,-84.3263991297905,-34.7532672586256,-50.5156731138896,-37.4336383967567
367,367,738084.768702868,0.14,0.2,-57.0020370885096,-27.2530141729505,45.2967659181725,40.2686323185831,-1.12481685077754,-49.9354796179792,-8.4343156077874,-82.2894424398644,-1.54519206373777,-84.3762548664874,-33.3247251697927,-50.5642912865616,-35.9915946720923
368,368,738084.768702962,0.14,0.215,-57.0416976373235,-24.0193228453374,45.2806323344431,40.4651395062217,-1.17224758462319,-49.9661255823646,-6.97962244570484,-82.3272444836767,-0.101848582619689,-84.4040926222999,-31.8874264751457,-50.5913842703068,-34.5407060870352
369,369,738084.768703056,0.14,0.23,-57.0364470336184,-20.7765975474649,45.2662523861816,40.6422969463742,-1.22146687035822,-49.9752163244378,-5.5196230985866,-82.3430456238429,1.34661708199054,-84.4098970048365,-30.4444176925257,-50.5969372464083,-33.084048679191
370,370,738084.768703181,0.14,0.245,-56.9865830426581,-17.5313839634856,45.2536017258761,40.799748694777,-1.27234467382497,-49.9628655986185,-4.05742220424937,-82.3369478556634,2.79712620353211,-84.3937919787837,-28.9987694011392,-50.5810716231832,-31.6247228004347
371,371,738084.768703305,0.14,0.26,-56.8926755380645,-14.2901949754577,45.2426508208383,40.9372757723793,-1.32470915767623,-49.9293209369197,-2.59611304489665,-82.3091899253192,4.24661220688905,-84.3560381475106,-27.5535438552123,-50.5440423772013,-30.1658204113594
372,372,738084.7687034,0.14,0.275,-56.7555561399836,-11.0594444551508,45.2333653521625,41.0547966439881,-1.37834696045974,-49.8749587910197,-1.13874546591375,-82.2601425150823,5.6920524534261,-84.2970277068863,-26.1117631799958,-50.4862331191711,-28.7103929636968
373,373,738084.768703495,0.14,0.29,-56.5763036159267,-7.84538401721844,45.2257066399192,41.1523651653946,-1.43300595779862,-49.8002775652158,0.311704806348071,-82.1903012667333,7.13049862446959,-84.2172772481131,-24.6763789042344,-50.4081490572849,-27.2614206323426
374,374,738084.768703591,0.14,0.305,-56.3562255281163,-4.65404414777225,41.2301661317849,45.2196320866222,0.082395638955698,-49.7058887765388,1.752364756433,-82.1002778813852,8.55910501919673,-84.1174186527171,-23.2502435172918,-50.3104080957469,-25.8217835920528
375,375,738084.768703685,0.14,0.32,-56.0968367148022,-1.49118092827303,41.2885086348104,45.2150956318485,0.0265760056040906,-49.5925066307695,3.18048998477607,-81.9907895879685,9.97515417734165,-83.9981883763863,-21.8360846465114,-50.1937303584283,-24.3942359403299
376,376,738084.768703816,0.14,0.335,-55.7998352692089,1.63777066383497,41.3278175057737,45.2120482068228,-0.0293423914582247,-49.4609363404841,4.59348744462326,-81.8626473114076,11.376079351685,-83.8604154560406,-20.4364823373327,-50.0589264645843,-22.9813827538174
377,377,738084.768703941,0.14,0.35,-55.4670767197423,4.72773615665891,41.3486231653752,45.2104381898471,-0.0850294819217626,-49.3120615327457,5.9889346579222,-81.7167428940459,12.7594834826332,-83.7050085962339,-19.0538497924341,-49.9068849046696,-21.5856606380146
378,378,738084.768704058,0.16,0.05,-50.5083219855117,-57.7713424769607,37.9043758500362,45.5069399641312,0.852374332083276,-46.8568314983092,-22.0898943815287,-79.1287335021414,-15.1024507298934,-81.3113710770133,-46.7936017779836,-47.5230625950951,-49.5934055841211
379,379,738084.768704154,0.16,0.065,-50.9260525256743,-54.9797379805593,38.2503472553556,45.4742355383372,0.823655821630296,-47.0665140648481,-20.8515655499808,-79.3487913720907,-13.8724896753197,-81.5229658076751,-45.574250160355,-47.7295021747694,-48.3626385675184
380,380,738084.768704253,0.16,0.08,-51.312307949285,-52.1267923156952,38.5861213326727,45.4431588706228,0.793272047950276,-47.2614229686667,-19.5834467657871,-79.5538651860982,-12.6130811245283,-81.7193690484667,-44.3251190248322,-47.9211128042635,-47.10179817525
381,381,738084.768704378,0.16,0.095,-51.6652548174689,-49.2160870464163,38.9104882288734,45.4137445182262,0.761125223433827,-47.4406396828902,-18.2871784254183,-79.7430074727582,-11.3258587202027,-81.899644888901,-43.0478086134554,-48.0969812126249,-45.8124996597947
382,382,738084.768704471,0.16,0.11,-51.9831886044624,-46.2516509513226,39.2222634255921,45.3860213380925,0.727118970192765,-47.6033066809578,-16.9646193472263,-79.9153321805847,-10.0126723146125,-82.0629203994027,-41.7441363949459,-48.2562556083046,-44.4965776549964
383,383,738084.768704573,0.16,0.125,-52.2645578445262,-43.2379412430261,39.5203027835992,45.3600122631779,0.69116104749659,-47.7486395227603,-15.6178381492622,-80.0700270868013,-8.67557933125359,-82.2083979783133,-40.4161288202654,-48.398157727854,-43.1560778565292
384,384,738084.768704667,0.16,0.14,-52.5079869765663,-40.1798168058379,45.3357341519981,39.8035176958551,-0.917629509493557,-47.8759383265431,-14.2491007136508,-80.2063655957871,-7.31683224969585,-82.3353670600429,-39.066009197579,-48.5219942609982,-41.7932447829945
385,385,738084.768704764,0.16,0.155,-52.7122972537456,-37.0825036036946,40.0708899586071,45.3131977095617,0.613063514595316,-47.984598307767,-12.8608538071823,-80.3237176005916,-5.93886228504676,-82.443214858281,-37.6961817481908,-48.6271673338499,-40.4105056796883
386,386,738084.768704858,0.16,0.17,-52.8765251013623,-33.9515526837427,45.29240748314,40.3214859544023,-1.00000098612333,-48.0741190778903,-11.4557050593683,-80.4215590922873,-4.54425946383466,-82.5314358305208,-36.309212035268,-48.713183744145,-39.0104507586318
387,387,738084.768704953,0.16,0.185,-52.9999373682821,-30.7927914625007,45.2733619293668,40.5544697432598,-1.04446700739041,-48.144112421946,-10.0363996305969,-80.4994802279879,-3.13574942822337,-82.5996395771204,-34.9078040875815,-48.7796626686479,-37.5958101001831
388,388,738084.768705047,0.16,0.2,-53.0820429926085,-27.6122692406334,45.2560535499507,40.7691146808394,-1.0911345848382,-48.1943083137291,-8.60579402707109,-80.5571916084364,-1.7161674231877,-82.6475569292311,-33.4947746639271,-48.8263416030167,-36.1694276662542
389,389,738084.768705142,0.16,0.215,-53.122600709427,-24.4161981068206,45.2404690900987,40.964813218828,-1.13997144695602,-48.2245589794224,-7.16682762858543,-80.5945285690003,-0.288430029374613,-82.6750440335656,-32.0730252131533,-48.853080346733,-34.7342329855219
390,390,738084.76870526,0.16,0.23,-53.1216225527495,-21.2108905793154,45.2265897933371,41.1410846033623,-1.19090285183906,-48.2348408825289,-5.72249258332614,-80.6114533508057,1.14449470868579,-82.6820843055594,-30.6455121731863,-48.8598629078065,-33.2932111604076
391,391,738084.768705354,0.16,0.245,-53.0793730434864,-18.0026954469524,45.2143917068769,41.2975802552588,-1.24380598156843,-48.2252545715756,-4.27580278531548,-80.608055088815,2.57961804893313,-82.6687881930317,-29.2152163147183,-48.8467972707391,-31.8493719085151
392,392,738084.768705451,0.16,0.26,-52.9963640978209,-14.7979333470176,45.2038460237818,41.4340867024948,-1.2985060127123,-48.1960224037476,-2.82976268115732,-80.5845476267735,4.01396147233187,-82.6353907657271,-27.7851118675169,-48.8141130428039,-30.4057183838599
393,393,738084.768705547,0.16,0.275,-52.8733458324679,-11.6028336020789,45.1949194612729,41.5505260147936,-1.35477469959763,-48.1474842282578,-1.38733665160891,-80.5412652412972,5.44458701891552,-82.5822472185444,-26.358136167842,-48.7621570643146,-28.9652165237738
394,394,738084.768705644,0.16,0.29,-52.7112935752172,-8.4234737785248,45.1875746597635,41.6469537866285,-1.41233221101391,-48.0800911790546,0.0485803192982874,-80.4786564249169,6.8686263335776,-82.5098264434347,-24.9371605345238,-48.691387134159,-27.5307656361444
395,395,738084.768705738,0.16,0.305,-52.5113915048693,-5.26572329656934,41.7235547926562,45.1817705984339,0.099943628086835,-47.9943977841158,1.47519003686467,-80.3972759370978,8.28330777779248,-82.418702883792,-23.5249630213675,-48.6023640592681,-26.1051708811731
396,396,738084.768705832,0.16,0.32,-52.2750134371235,-2.13519224641861,41.7806365164779,45.1774630186592,0.0408226776683467,-47.8910526450426,2.88981598614377,-80.2977753803194,9.68598104983488,-82.3095469324838,-22.1242036088501,-48.4957422828657,-24.6911182162872
397,397,738084.768705927,0.16,0.335,-52.0037013391358,0.962813655620152,41.8186208168572,45.1746048475953,-0.0185122143968044,-47.7707879742606,4.28992526212407,-80.1808925930745,11.0741388612952,-82.1831141687272,-20.7374022942441,-48.3722593796067,-23.2911522679997
398,398,738084.768706022,0.16,0.35,-51.6991421945871,4.02333127356009,41.8380340395949,45.1731466181163,-0.0776654769854618,-47.6344082967209,5.67314719990622,-80.0474401723609,12.445435335113,-82.0402337487775,-19.3669204229456,-48.2327247249598,-21.9076574769404
399,399,738084.768706168,0.18,0.05,-46.7768654546112,-57.7313527516644,38.3707917787783,45.4630137283548,0.889836173547357,-45.205601549519,-22.0934713546772,-77.48634942359,-15.1068481568138,-79.671197907563,-46.7973413620297,-45.8744774781132,-49.6030114092336
400,400,738084.768706282,0.18,0.065,-47.1654827261386,-54.9712290169747,38.7164581673143,45.4312687563567,0.861674383556928,-45.4009449517195,-20.8679007849201,-77.6919861911525,-13.8895777292892,-79.8684785211792,-45.5905250288038,-46.0666326335343,-48.3849326120934
401,401,738084.768706377,0.18,0.08,-47.5250366245616,-52.1512746772216,39.0517710311499,45.4011155900457,0.831777493055271,-45.5826188884196,-19.6132516956719,-77.8837405749067,-12.6435635341021,-80.0516732938714,-44.3546376266772,-46.2450631669518,-47.1374925649328
402,402,738084.768706471,0.18,0.095,-47.8538630844675,-49.2749753175729,39.3755373350758,45.3725860309813,0.80002832743044,-45.7497881695601,-18.3311239053554,-78.0607491256349,-11.3703986933571,-80.219929969393,-43.091240033602,-46.4089389132,-45.8622666141281
403,403,738084.768706564,0.18,0.11,-48.1504157540427,-46.3462442429555,39.6865905361404,45.3457064273026,0.766308045928695,-45.9016734524658,-17.0233262454747,-78.2222046871564,-10.0718832186249,-80.3724540809851,-41.8021010199041,-46.5574860166373,-44.5610400752205
404,404,738084.768706689,0.18,0.125,-48.4132875038798,-43.369404316412,39.9838051930552,45.3204974821685,0.730498761958084,-46.0375620252907,-15.6918681852732,-78.3673674897374,-8.75001562247955,-80.5085199857539,-40.489189233154,-46.689997679737,-43.2358001470314
405,405,738084.768706787,0.18,0.14,-48.6412307511088,-40.3491623030529,40.2661116451635,45.2969741308317,0.692487074056887,-46.1568180290656,-14.3389477817356,-78.4955756850278,-7.40698088995482,-80.6274813138298,-39.1546615387705,-46.8058443414311,-41.8887241449339
406,406,738084.768706882,0.18,0.155,-48.8331760442171,-37.2905758748133,45.2751454835418,40.5325103877811,-0.918627671542001,-46.2588918391885,-12.9669360254705,-78.6062550360736,-6.04513488202234,-80.7287805462648,-37.800847779297,-46.9044830066013,-40.5221641166493
407,407,738084.768706977,0.18,0.17,-48.9882483712408,-34.1990136762071,40.7820857554744,45.2550148381699,0.609454015399754,-46.3433283379926,-11.5783577741963,-78.698927486318,-4.66698536326701,-80.8119574470489,-36.4302321352815,-46.9854654591691,-39.1386280251236
408,408,738084.76870707,0.18,0.185,-49.1057807079482,-31.0801091004758,45.2365797576248,41.014018535321,-1.00652085265739,-46.4097738332096,-10.1758695863495,-78.773218354803,-3.27516996555944,-80.8766560986597,-35.0454313905588,-47.0484451147566,-37.7407578041652
409,409,738084.768707167,0.18,0.2,-49.1853243869082,-27.9397086516708,45.2198322101482,41.2275971417719,-1.05420107075007,-46.4579814120459,-8.7622348811704,-78.8288619399991,-1.87243151214776,-80.9226303267114,-33.6491705180894,-47.0931823040159,-36.3313047069875
410,410,738084.768707261,0.18,0.215,-49.2266559657697,-24.7838159775942,45.2047587663096,41.4222270345038,-1.1043818964133,-46.4878145660489,-7.34029695204322,-78.8657053607936,-0.461591225812047,-80.9497473461042,-32.2442561027673,-47.1195478233995,-34.9131024691513
411,411,738084.768707355,0.18,0.23,-49.2297803783817,-21.618532820689,45.191340846794,41.5974381080561,-1.15701415664154,-46.4992489758057,-5.91295044077565,-78.8837105180545,0.954479575441199,-80.9579895165493,-30.8335481988881,-47.1275246441381,-33.4890388894872
412,412,738084.768707449,0.18,0.245,-49.1949302719307,-18.4499982494337,45.1795550128891,41.7528898516261,-1.21199180744037,-46.4923724041027,-4.48311193721673,-78.8829541210361,2.37288863589191,-80.9474541565984,-29.4199312774067,-47.117207729925,-32.0620264906554
413,413,738084.768707544,0.18,0.26,-49.1225615607085,-15.2843275889052,45.1693732939311,41.8883741535136,-1.26914474608784,-46.467382708348,-3.05369039755443,-78.8636257863669,3.79075208533568,-80.9183514290479,-28.0062849482659,-47.0888019758195,-30.6349729514729
414,414,738084.768707642,0.18,0.275,-49.01334534677,-12.1275524756633,45.1607635408679,42.0038157081042,-1.32823447704323,-46.4245840443174,-1.62755807439462,-78.8260242803451,5.20522324123849,-80.8710003735115,-26.5954551442871,-47.042618342242,-29.2107520044058
415,415,738084.768707768,0.18,0.29,-48.86815647391,-8.98556339018246,45.1536898019284,42.0992700666324,-1.38895391356302,-46.3643813906268,-0.207522622561784,-78.7705520340827,6.61352023239899,-80.8058232205657,-25.1902264257291,-46.9790683149953,-27.7921754639787
416,416,738084.76870787,0.18,0.305,-48.6880590842693,-5.86405591727281,45.1481127088962,42.1749194478023,-1.45093233159403,-46.2872735735303,1.20369901130161,-78.6977081127781,8.01295184244226,-80.7233381732223,-23.7932960106534,-46.8986568722425,-26.3819669973912
417,417,738084.76870797,0.18,0.32,-48.4742896214868,-2.7684818130657,42.2310665027593,45.1439898705546,0.0570503995900598,-46.1938450124854,2.60350438590434,-78.6080798626747,9.40094104977678,-80.6241508831649,-22.4072500595402,-46.8019741800301,-24.9827381711525
418,418,738084.768708094,0.18,0.335,-48.2282377926623,0.29599423352871,42.268126277253,45.1412762653282,-0.00613728662988117,-46.0847564367082,3.98942661617138,-78.5023334902383,10.7750458364293,-80.5089448793435,-21.0345426481291,-46.6896862673132,-23.5969672121627
419,419,738084.768708183,0.18,0.35,-47.9514260267943,3.32453148051137,42.2866166694611,45.1399246291534,-0.0692204644896527,-45.9607348407297,5.35915235281272,-78.3812038467983,12.13297694546,-80.3784712246496,-19.677477756124,-46.5625249489984,-22.2269808142747
420,420,738084.76870829,0.2,0.05,-43.0789250540366,-57.6420878282914,45.423540315722,38.8017419038429,-0.641804182787397,-43.564310129898,-22.0728960279907,-75.8531320207818,-15.0874627831802,-78.0399778622268,-46.7765336018898,-44.2357477773742,-49.5876801182406
421,421,738084.76870838,0.2,0.065,-43.4389581513124,-54.9148037799808,39.1462313405545,45.3927331353159,0.901552229190811,-43.7455466855454,-20.8607961724144,-76.0445624777286,-13.8835922629354,-78.2231631362493,-45.5829458532652,-44.4138520317704,-48.3829870039457
422,422,738084.768708469,0.2,0.08,-43.7722928051621,-52.1293123710739,39.4802518817947,45.3634797470296,0.87232019100797,-43.9142014133944,-19.6203864326888,-76.2231964879992,-12.6517382148092,-78.3933529446068,-44.3610528076059,-44.579319610981,-47.1497028650099
423,423,738084.768708557,0.2,0.095,-44.0774289211956,-49.2890002317538,39.8026331122591,45.3358093267998,0.841158771213382,-44.0695199560354,-18.3532242997732,-76.3882522190613,-11.3934514900508,-78.5497762747471,-43.112374313594,-44.7314009521988,-45.8893614799231
424,424,738084.768708645,0.2,0.11,-44.3529732067379,-46.3976613299778,40.1122320801704,45.3097458530488,0.80792519310743,-44.2107987525584,-17.0610664141067,-76.5389991025899,-10.1104800595811,-78.6917148067452,-41.8386283243424,-44.8693977329609,-44.6036967246328
425,425,738084.768708733,0.2,0.125,-44.5976581635375,-43.4594794375931,40.4079473829821,45.2853079456124,0.772473426360869,-44.337394577551,-15.7458604466083,-76.6747676693905,-8.80476088504338,-78.818512691888,-40.5417231201612,-44.9926723778083,-43.2946347286246
426,426,738084.76870882,0.2,0.14,-44.810360012888,-40.4790036041124,40.6887332846801,45.2625087649699,0.73465750362976,-44.4487335710255,-14.4097335499708,-76.7949588773179,-7.47840839256026,-78.9295857992816,-39.2237461295294,-45.1006570475693,-41.9642825948994
427,427,738084.768708908,0.2,0.155,-44.9901150650632,-37.4611167899935,40.9536135090842,45.2413559768299,0.694336141530392,-44.5443195172729,-13.0549774514488,-76.899052683283,-6.13369962179322,-79.0244301820091,-37.8869494123952,-45.1928618698026,-40.6149137483772
428,428,738084.768709031,0.2,0.17,-45.1361340807621,-34.4109980432718,45.2218517761049,41.2016943508481,-0.919417414288137,-44.6237411406576,-11.6840303691,-76.9866156202547,-4.77305623261891,-79.1026295250429,-36.5337319796045,-45.2688821791655,-39.2489500880273
429,429,738084.768709122,0.2,0.185,-45.2478141958491,-31.3340788184577,45.2039929740484,41.4321767355824,-0.965122160531797,-44.6866782066576,-10.2994560435874,-77.0573071604164,-3.39902366080686,-79.1638613581851,-35.1666192315926,-45.3284045570196,-37.8689412284805
430,430,738084.76870921,0.2,0.2,-45.3247480582591,-28.2359942564432,45.1877711396796,41.6443668985689,-1.0136575471993,-44.7329062468426,-8.90392028128498,-77.1108846764337,-2.01424781663467,-79.2079018488341,-33.7882399026534,-45.3712114902657,-36.4775412211507
431,431,738084.768709298,0.2,0.215,-45.366729894217,-25.1225304232088,45.1731727931622,41.8376853736621,-1.06506672502967,-44.7622997656722,-7.50016549579816,-77.1472068525481,-0.621449810616788,-79.2346290298513,-32.4013009883662,-45.3971845087064,-35.077483237063
432,432,738084.768709385,0.2,0.23,-45.3737583189794,-21.999568659706,45.1601796448287,42.0116740422174,-1.11934018942026,-44.7748338332603,-6.09098380875758,-77.1662354444814,0.776600736682962,-79.2440243656606,-31.0085612078009,-45.4063057067186,-33.671552768476
433,433,738084.768709505,0.2,0.245,-45.3460358091934,-18.873028296767,42.1660010549154,45.1487688709504,0.394393574701901,-44.7705840195257,-4.6791893225272,-77.168035339437,2.17711319286174,-79.2361726122679,-29.6128036046381,-45.3986576062618,-32.2625599594012
434,434,738084.768709596,0.2,0.26,-45.2839648584846,-15.7488090489415,42.3004635073707,45.1389134241441,0.33469477320636,-44.7497246782773,-3.26759020432896,-77.1527729220765,3.57730358581581,-79.2112599818362,-28.2168079192047,-45.3744213715094,-30.8533117033867
435,435,738084.768709704,0.2,0.275,-45.1881409488143,-12.6327343947955,42.4149878322997,45.1305823629825,0.272599366125245,-44.7125256425846,-1.85896122171947,-77.1207128064136,4.97442181568347,-79.1695706764696,-26.8233233652679,-45.3338734379656,-29.4465841487756
436,436,738084.768709805,0.2,0.29,-45.0593425607185,-9.5304972021211,42.5096279442014,45.123741204025,0.208437883497011,-44.6593474419439,-0.456017343710896,-77.0722130443931,6.36577779832377,-79.1114819063996,-25.4350424213389,-45.2773806681079,-28.0450962273849
437,437,738084.768709894,0.2,0.305,-44.8985185407113,-6.44760875729231,42.5845612472893,45.1183522793381,0.142628939444962,-44.590635195169,0.938611028042989,-77.0077189665648,7.74876598183011,-79.0374575522071,-24.0545761981113,-45.2053941887369,-26.651484773962
438,438,738084.768709982,0.2,0.32,-44.7067732067879,-3.38935220342473,42.6400826854924,45.1143751019745,0.0756681977749554,-44.5069113684145,2.3224007042253,-76.9277558471436,9.12088774792645,-78.9480406669483,-22.6844318747862,-45.1184421004523,-25.2682817342509
439,439,738084.768710069,0.2,0.335,-44.485349630989,-0.360741223705691,42.6765970660419,45.111766727302,0.00810903634937946,-44.408767613829,3.69295582214845,-76.8329206129433,10.4797712965057,-78.8438450406534,-21.3269926118399,-45.0171212755897,-23.8978938734382
440,440,738084.768710157,0.2,0.35,-44.2356115659031,2.63351539961545,42.6946099297217,45.1104821124059,-0.0594636448974791,-44.2968559204357,5.04802512046502,-76.7238728326305,11.8231887088108,-78.7255460658851,-19.9845002514419,-44.9020884766313,-22.5425852994674
