target_x,target_y,gaze_x,gaze_y,error_px_x,error_px_y,error_px_xy,error_deg_x,error_deg_y,error_deg_z,error_deg_xyz
-0.2,0.05,-0.196552339244691,0.0534621826501081,0.00344766075530883,0.0034621826501081,0.00488600791919193,-0.265536016423723,0.171891707159832,-0.282544281630079,0.42413232314206
-0.2,0.065,-0.199628694050753,0.0664469369569812,0.000371305949246753,0.00144693695698116,0.00149381881947709,-0.125553404177497,0.0894445364351865,-0.180587364245952,0.237436010755768
-0.2,0.08,-0.201951098977286,0.0796698852079863,-0.00195109897728615,-0.000330114792013711,0.00197882869270519,0.0034793115843403,0.0194344579519812,-0.0952848320412428,0.0973088138750637
-0.2,0.095,-0.203560193889163,0.0931397960085864,-0.00356019388916301,-0.00186020399141364,0.00401688180285466,0.120237815004883,-0.0388461135849693,-0.0263681092068518,0.12907918859453
-0.2,0.11,-0.204508267612561,0.106862264346888,-0.0045082676125613,-0.00313773565311172,0.00549270988632001,0.223485284380812,-0.0861908447064056,0.0267527239537841,0.241019351803275
-0.2,0.125,-0.20485919631537,0.120839383909869,-0.00485919631537024,-0.00416061609013059,0.00639707082036468,0.312107481195466,-0.123451459696382,0.0650002811043444,0.341872382656949
-0.2,0.14,-0.204687987346286,0.135069520750087,-0.00468798734628643,-0.00493047924991342,0.00680344405376928,0.385147650319912,-0.151505457294313,0.0896304478955183,0.423470246480866
-0.2,0.155,-0.204079906983244,0.149547209001553,-0.00407990698324361,-0.00545279099844746,0.00681018139733955,0.441839637504381,-0.171220958557196,0.102220907498691,0.484757050070309
-0.2,0.17,-0.20312919535233,0.164263183000226,-0.00312919535233015,-0.00573681699977409,0.0065347481085304,0.481637522090245,-0.183420440422749,0.104646942347212,0.525899881063441
-0.2,0.185,-0.201937399368952,0.179204551913218,-0.00193739936895226,-0.00579544808678244,0.00611070657464477,0.504240067297195,-0.188845363357013,0.0990445787448499,0.54747851634813
-0.2,0.2,-0.200611382199225,0.194355113463107,-0.000611382199224647,-0.00564488653689303,0.00567789857323332,0.509608435241125,-0.188123809854788,0.0877619733951678,0.550268858361508
-0.2,0.215,-0.199261092585816,0.209695793592065,0.00073890741418417,-0.00530420640793462,0.0053554262000994,0.497975893009076,-0.181743178172998,0.0733007742792363,0.535150126891885
-0.2,0.23,-0.197997196406049,0.225205189919851,0.00200280359395115,-0.00479481008014855,0.00519628963209691,0.469848645355889,-0.170029717649152,0.0582499503582914,0.503053214677514
-0.2,0.245,-0.196928684008487,0.24086018964843,0.00307131599151286,-0.00413981035156964,0.00515470771884166,0.425997434167622,-0.153136259651921,0.0452151842069686,0.454939587435116
-0.2,0.26,-0.196160568365986,0.256636628048692,0.0038394316340136,-0.00336337195130769,0.00510426352720033,0.367440102660183,-0.131038930065935,0.036747292175257,0.391834648937623
-0.2,0.275,-0.195791781322934,0.272509952027151,0.00420821867706614,-0.0024900479728487,0.00488972835043995,0.295415880274283,-0.103542982067335,0.0352732295466146,0.315017685474744
-0.2,0.29,-0.195913358739903,0.288455855000242,0.0040866412600967,-0.00154414499975832,0.0043686405859264,0.21135264844678,-0.0702972306870809,0.0430330415847531,0.226855796810929
-0.2,0.305,-0.196606982453579,0.3044508534427,0.00339301754642107,-0.000549146557299721,0.0034371688948487,0.1168288448269,-0.0308159711278783,0.0620256594717566,0.135815294165373
-0.2,0.32,-0.197943920348352,0.320472782041774,0.00205607965164786,0.000472782041774408,0.00210973609556854,0.0135319261789051,0.0154932144297798,0.0939657603458558,0.0961910547225853
-0.2,0.335,-0.19998437841188,0.336501191905117,1.56215881204347e-05,0.0015011919051169,0.00150127318300298,-0.0967845903802149,0.0692976742218204,0.140253102002827,0.183957566514087
-0.2,0.35,-0.202777253056966,0.352517644209717,-0.00277725305696644,0.00251764420971666,0.00374855530960252,-0.212343541232212,0.131305972828188,0.201954877806621,0.321118483730196
-0.18,0.05,-0.178345757817008,0.0521195355798818,0.00165424218299204,0.00211953557988179,0.0026886703543527,-0.021949433367062,0.0417529375549884,-0.127396654615232,0.135849187233563
-0.18,0.065,-0.181306099855781,0.0652422756687537,-0.00130609985578151,0.000242275668753733,0.00132838034197384,0.115877420940884,-0.0304998456738795,-0.0308326410902926,0.123727422083506
-0.18,0.08,-0.183498034336744,0.0785961191325279,-0.00349803433674431,-0.00140388086747206,0.00376923410139199,0.242832493698022,-0.0904989111228999,0.0475543099646768,0.263475250515573
-0.18,0.095,-0.184962602703567,0.0921889465387107,-0.00496260270356674,-0.00281105346128935,0.00570345922714231,0.357573450547888,-0.139134314850623,0.108048789877765,0.39861298521605
-0.18,0.11,-0.185752843452224,0.106025428371209,-0.00575284345222432,-0.00397457162879108,0.0069923120223708,0.45884665730068,-0.177387026515362,0.151295715411943,0.514682996485154
-0.18,0.125,-0.185933744263006,0.120106707534866,-0.00593374426300554,-0.00489329246513442,0.00769113984582861,0.545524169948225,-0.20629454893266,0.178313820441124,0.609879817205056
-0.18,0.14,-0.185581783557441,0.134430187106647,-0.00558178355744091,-0.00556981289335332,0.00788537401453365,0.616640589706156,-0.226911573686734,0.190496623707115,0.684126452733395
-0.18,0.155,-0.184784037985453,0.148989444118558,-0.00478403798545325,-0.00601055588144225,0.00768204409322152,0.67142803254801,-0.24026743077613,0.18959933334788,0.737902076443562
-0.18,0.17,-0.183636858474121,0.163774283489762,-0.00363685847412129,-0.00622571651023793,0.00721015156752179,0.709347334645096,-0.247322534802661,0.177710881286036,0.771966482234825
-0.18,0.185,-0.182244146575077,0.178770937505093,-0.00224414657507667,-0.00622906249490732,0.00662098281344162,0.730113624332618,-0.248926335286441,0.157211190826949,0.78724540869193
-0.18,0.2,-0.180715292166294,0.193962406335511,-0.000715292166293722,-0.00603759366448889,0.0060798174430354,0.733714556227253,-0.245779387972068,0.13071478299856,0.784755082447921
-0.18,0.215,-0.179162859853898,0.209328924943749,0.000837140146101895,-0.00567107505625108,0.00573252962642573,0.720419825764511,-0.238402042968596,0.10100285050781,0.765539387453245
-0.18,0.23,-0.177700131640049,0.224848532509564,0.00229986835995109,-0.00515146749043582,0.00564154338617734,0.690781054881471,-0.227111885548571,0.0709468350288435,0.730615467175542
-0.18,0.245,-0.176438625195068,0.240497713228737,0.00356137480493246,-0.00450228677126324,0.00574055543235145,0.645621712535974,-0.212011486500176,0.0434272549658944,0.680931457616543
-0.18,0.26,-0.175485708671035,0.256252072903418,0.00451429132896482,-0.00374792709658234,0.00586734895195974,0.586017368077075,-0.192987278097802,0.0212519410444045,0.617345751828406
-0.18,0.275,-0.174942424521674,0.272087014509833,0.00505757547832586,-0.00291298549016702,0.00583648474553705,0.513267197224031,-0.169719543992783,0.0070779018764236,0.540647949139431
-0.18,0.29,-0.174901617355871,0.28797837800759,0.00509838264412915,-0.00202162199241029,0.00548456571354144,0.428858211408524,-0.141702689413023,0.00334074900072746,0.451676028598908
-0.18,0.305,-0.175446436381594,0.303903014448969,0.004553563618406,-0.00109698555103063,0.00468383592005962,0.334424104478293,-0.108274231629448,0.0121949948134014,0.351727020988075
-0.18,0.32,-0.176649254801156,0.319839271540272,0.00335074519884401,-0.000160728459728088,0.00335459789324187,0.231700866736531,-0.0686503941083711,0.0354676748008267,0.244246217070094
-0.18,0.335,-0.178571019519082,0.335767375875492,0.00142898048091764,0.000767375875491805,0.00162198981166048,0.122481390388896,-0.0219658512597118,0.0746267365870857,0.145097728031998
-0.18,0.35,-0.181261017585052,0.3516697054065,-0.00126101758505151,0.00166970540650022,0.00209238655470379,0.00857118722993284,0.0326849284444767,0.13076459503658,0.135059829560197
-0.16,0.05,-0.159962604914209,0.0510373449235759,3.73950857914251e-05,0.00103734492357585,0.00103801872955642,0.172568141049099,-0.0551159268446888,0.0168787408972027,0.181940782689279
-0.16,0.065,-0.162815151251907,0.0643046132296857,-0.00281515125190698,-0.000695386770314319,0.00289976539248292,0.305919701027226,-0.116557792482689,0.107774732143078,0.344656834476268
-0.16,0.08,-0.164886132123757,0.0777951998553974,-0.00488613212375699,-0.00220480014460261,0.00536054389110375,0.428599934523823,-0.16599132679297,0.178973028237196,0.49323814910045
-0.16,0.095,-0.16621697462794,0.0915160055931625,-0.00621697462793977,-0.00348399440683748,0.00712663949918345,0.539277192754898,-0.204503585244249,0.230776324332893,0.621210994105095
-0.16,0.11,-0.166861425193101,0.105470692244862,-0.00686142519310082,-0.00452930775513807,0.00822154391956112,0.636709481476506,-0.233277232429521,0.263888318136084,0.727640977050286
-0.16,0.125,-0.166885514364152,0.119659378311076,-0.00688551436415202,-0.00534062168892428,0.00871392839557179,0.719782658010919,-0.253549056235677,0.279429464840935,0.812690653124025
-0.16,0.14,-0.166367095973443,0.134078443655754,-0.00636709597344344,-0.00592155634424567,0.00869509865804384,0.78754850575826,-0.266562743213509,0.278938298885068,0.876989130676421
-0.16,0.155,-0.165394935385026,0.148720463874419,-0.0053949353850256,-0.00627953612558109,0.00827876209110271,0.839260801990494,-0.273518100729694,0.264356494517095,0.921451844518209
-0.16,0.17,-0.164067348831628,0.163574288046826,-0.00406734883162825,-0.00642571195317383,0.00760480773085742,0.874407354334477,-0.275519451759244,0.237996717864541,0.947186391027827
-0.16,0.185,-0.162490426464035,0.178625264451486,-0.00249042646403463,-0.00637473554851418,0.00684393726492686,0.892735994837991,-0.273526286688349,0.202493417798714,0.955415575349696
-0.16,0.2,-0.160775902567664,0.193855608488245,-0.00077590256766372,-0.00614439151175498,0.00619318753504477,0.894272711908263,-0.268309364420375,0.160737915368795,0.947402093292939
-0.16,0.215,-0.159038764138502,0.209244896617883,0.000961235861498259,-0.00575510338211653,0.00583482556039848,0.879330465303779,-0.260415267331552,0.115800374410206,0.924373538663625
-0.16,0.23,-0.157394710301089,0.224770660707963,0.00260528969891131,-0.00522933929203685,0.00584239025112957,0.848507762424491,-0.250141927032114,0.0708423134725414,0.88745184949317
-0.16,0.245,-0.155957587428934,0.240409049888016,0.0040424125710664,-0.00459095011198422,0.00611701907185547,0.80267671452568,-0.23752688066624,0.0290241452428358,0.837594067661501
-0.16,0.26,-0.154836926434185,0.256135522760369,0.00516307356581459,-0.00386447723963081,0.00644914823690989,0.742960990819095,-0.222349068334955,-0.00658732681938902,0.775553169442371
-0.16,0.275,-0.154135699645669,0.271925531939885,0.00586430035433121,-0.00307446806011503,0.00662135730031816,0.670704765096831,-0.204143943778295,-0.033106504612626,0.701870239152049
-0.16,0.29,-0.153948396167005,0.28775516546984,0.00605160383299466,-0.00224483453016024,0.00645454808792338,0.587434334344353,-0.18223066198019,-0.0479071517025685,0.616916431437366
-0.16,0.305,-0.154359488741104,0.303601715035903,0.0056405112588965,-0.00139828496409705,0.00581124497010392,0.494814521430704,-0.155749242860171,-0.0486873771418195,0.521029335772011
-0.16,0.32,-0.155442335376451,0.319444148571406,0.00455766462354856,-0.000555851428593934,0.00459143524743799,0.394602212079378,-0.12370497895535,-0.0335187935167717,0.414895275106228
-0.16,0.335,-0.157258528485999,0.335263473392185,0.00274147151400089,0.000263473392185173,0.00275410317353361,0.288599410987725,-0.0850170126433075,-0.000878426120929695,0.300862912447108
-0.16,0.35,-0.159857676160917,0.351042984767675,0.000142323839083275,0.00104298476767464,0.00105265060716875,0.178608042659011,-0.0385679664151713,0.0503368081330674,0.189531390395192
-0.14,0.05,-0.141395364714715,0.0501968165740371,-0.0013953647147153,0.00019681657403707,0.00140917686998055,0.315655200625241,-0.121952516411519,0.147890011210447,0.369300080582579
-0.14,0.065,-0.144148769892118,0.0636145926754404,-0.00414876989211796,-0.00138540732455958,0.00437397360219375,0.441996013135442,-0.172265123582082,0.232922565322239,0.528479564370158
-0.14,0.08,-0.146108872513981,0.0772472140948531,-0.00610887251398068,-0.00275278590514685,0.00670045921050519,0.557997569578296,-0.210872101314915,0.296773889260898,0.666264267596146
-0.14,0.095,-0.14731747121628,0.0911005138802096,-0.00731747121627971,-0.00389948611979042,0.00829164501166808,0.6623728985609,-0.239067200898755,0.339767793669935,0.781884022189151
-0.14,0.11,-0.147828976772567,0.105177065443532,-0.00782897677256697,-0.00482293455646773,0.00919530179175016,0.753925494762014,-0.258244052259166,0.362670580686338,0.875578957990299
-0.14,0.125,-0.147710388024938,0.119475894455033,-0.00771038802493797,-0.00552410554496709,0.00948503165872644,0.831587799042691,-0.269846952661084,0.366709080651365,0.948077899892145
-0.14,0.14,-0.147040828402383,0.133992303235211,-0.00704082840238339,-0.00600769676478911,0.00925557588751052,0.894459504361299,-0.275315096306058,0.353572221649337,1.00044737647813
-0.14,0.155,-0.145910615990641,0.148717828145399,-0.00591061599064115,-0.00628217185460149,0.00862560517294699,0.941843706466314,-0.276022915067665,0.325393995985266,1.03400603830277
-0.14,0.17,-0.14441986866712,0.163640343037833,-0.00441986866712037,-0.00635965696216667,0.00774470630243829,0.973278777423377,-0.27321984849025,0.284716733971117,1.05024528880465
-0.14,0.185,-0.14267667773562,0.178744312357689,-0.00267667773562002,-0.00625568764231121,0.00680428038653091,0.988563862642409,-0.267973275747312,0.234434896931271,1.05074204744544
-0.14,0.2,-0.140794915794791,0.194011186812961,-0.0007949157947912,-0.00598881318703945,0.00604133880113226,0.987776119536645,-0.261118440241669,0.177721045491738,1.03706250263084
-0.14,0.215,-0.138891773614431,0.209419923816098,0.00110822638556949,-0.00558007618390188,0.00568906107717446,0.971278224602878,-0.25321892589138,0.117937079627338,1.01066159187076
-0.14,0.23,-0.13708514309245,0.224947605363975,0.00291485690754994,-0.00505239463602478,0.00583293085417816,0.939715259422973,-0.24454060064871,0.0585351126844847,0.972786701024022
-0.14,0.245,-0.135490976283995,0.240570118790826,0.00450902371600546,-0.00442988120917395,0.00632100802079005,0.894000783653098,-0.235040974841298,0.00295327345301718,0.924396515728398
-0.14,0.26,-0.134220752094981,0.256262861802436,0.00577924790501928,-0.00373713819756367,0.00688228946320621,0.835292651496624,-0.224374731982458,-0.0454877931745762,0.866106955020933
-0.14,0.275,-0.133379172586869,0.272001432753748,0.00662082741313082,-0.002998567246252,0.00726820205860843,0.764959840485472,-0.211914913252173,-0.0836820086224196,0.798175713490859
-0.14,0.29,-0.13306219137885,0.287762270168179,0.00693780862114968,-0.00223772983182054,0.00728976153683496,0.684542159772495,-0.196788025266749,-0.108823376981379,0.720536511887234
-0.14,0.305,-0.133355449280233,0.303523211570283,0.00664455071976733,-0.00147678842971703,0.00680668482697022,0.595705128033931,-0.177920334481699,-0.118475800353337,0.632898754306566
-0.14,0.32,-0.134333161218142,0.319263949786682,0.00566683878185781,-0.000736050213318129,0.00571444062845116,0.500192515200948,-0.154091915073637,-0.110624382946754,0.534954861265465
-0.14,0.335,-0.136057466522173,0.334966374005476,0.00394253347782716,-3.36259945237505e-05,0.00394267687381247,0.399779028323817,-0.123994689894221,-0.0837068862614242,0.426855526100479
-0.14,0.35,-0.138578225398872,0.350614791932099,0.0014217746011283,0.00061479193209911,0.00154900359463356,0.296225400076917,-0.0862907452831069,-0.0366254457126169,0.310704425811498
-0.12,0.05,-0.122637748438327,0.0495770877044571,-0.00263774843832718,-0.000422912295542921,0.0026714362492148,0.406504022535411,-0.162896471008963,0.263235234688873,0.510955281425111
-0.12,0.065,-0.125301094860955,0.063150693454993,-0.00530109486095473,-0.00184930654500698,0.0056144048146038,0.523164065098077,-0.20213023573515,0.342303050116407,0.657064213658076
-0.12,0.08,-0.127160934268024,0.0769299960708676,-0.00716093426802447,-0.00307000392913238,0.00779127099489265,0.629954866767946,-0.230011749217164,0.398783563892393,0.780247574711069
-0.12,0.095,-0.128259424208214,0.0909196782956347,-0.00825942420821391,-0.00408032170436526,0.00921233485400656,0.725672487209777,-0.248044549241386,0.433025853566796,0.880711825338299
-0.12,0.11,-0.128651594210313,0.105121151531779,-0.00865159421031295,-0.00487884846822124,0.0099324339794325,0.809204216646094,-0.257835492710436,0.445862655914693,0.959221352917569
-0.12,0.125,-0.128405331017457,0.119532286923649,-0.00840533101745725,-0.0054677130763514,0.0100272366980307,0.879566199133232,-0.261037410789807,0.438630560927645,1.01695680736241
-0.12,0.14,-0.127600911977742,0.134147262226684,-0.00760091197774247,-0.00585273777331642,0.00959314350651515,0.935940735982057,-0.259284378622023,0.413171629305588,1.05544101923819
-0.12,0.155,-0.126330058100307,0.148956544503791,-0.00633005810030701,-0.00604345549620887,0.00875174210588495,0.977711253920482,-0.254122804636543,0.371813986398494,1.0764652441036
-0.12,0.17,-0.124694507811447,0.163947020947726,-0.00469450781144674,-0.00605297905227399,0.00766008870699304,1.00449278431183,-0.246942303651847,0.317330169369377,1.08199791267187
-0.12,0.185,-0.122804145663342,0.179102280263342,-0.00280414566334155,-0.00589771973665754,0.00653041583617744,1.01615584142496,-0.238910788235125,0.252873531474788,1.07407162934594
-0.12,0.2,-0.120774753817307,0.194403036112546,-0.000774753817307073,-0.00559696388745394,0.00565033169246686,1.01284183275952,-0.23091829010926,0.181894696579247,1.05465108965029
-0.12,0.215,-0.118725484341927,0.209827673192049,0.00127451565807272,-0.00517232680795061,0.00532703996333021,0.994968579113796,-0.223533647885496,0.10804173144423,1.02549054326448
-0.12,0.23,-0.116776173622527,0.225352886920102,0.00322382637747337,-0.00464711307989776,0.00565585683070655,0.963225145007434,-0.21697737183065,0.0350491536320001,0.987995187434548
-0.12,0.245,-0.115044633473634,0.240954380606866,0.00495536652636581,-0.00404561939313393,0.00639708478017355,0.918555912918628,-0.211112788332227,-0.0333780663133752,0.943105376947873
-0.12,0.26,-0.113644055177472,0.256607580274594,0.00635594482252753,-0.00339241972540633,0.00720461978041454,0.862134608254406,-0.205456109607718,-0.0936788641062559,0.891223900010886
-0.12,0.275,-0.11268065250702,0.272288327230951,0.00731934749297958,-0.00271167276904853,0.00780551195818607,0.795329701096351,-0.19920454077586,-0.142542302672784,0.83220326008687
-0.12,0.29,-0.112251649301872,0.287973512145472,0.00774835069812774,-0.00202648785452848,0.00800896944467439,0.719663196551457,-0.191280114483854,-0.176999904691013,0.76540242825329
-0.12,0.305,-0.112443688651921,0.303641620988701,0.00755631134807913,-0.00135837901129859,0.00767743672897706,0.636765214881402,-0.180385800254284,-0.194499600696657,0.689815060933956
-0.12,0.32,-0.113331708308691,0.319273171820559,0.00666829169130928,-0.000726828179440669,0.0067077860194563,0.548326917955176,-0.165069691517861,-0.192958388445595,0.604273726285504
-0.12,0.335,-0.114978293698676,0.334851030981779,0.0050217063013242,-0.000148969018220507,0.00502391539987974,0.456054266005296,-0.14379278507117,-0.170792522558354,0.507773209092543
-0.12,0.35,-0.11743348963237,0.350360606581388,0.00256651036762995,0.00036060658138784,0.00259172000295021,0.36162480981363,-0.114996021622425,-0.126925709003069,0.400134195475175
-0.1,0.05,-0.103684825071098,0.0491553305589306,-0.0036848250710983,-0.000844669441069423,0.00378039710470621,0.446169464968001,-0.182804495676783,0.360629188434672,0.6021141279939
-0.1,0.065,-0.106267610924525,0.0628893401405483,-0.00626761092452455,-0.00211065985945169,0.0066134583799643,0.550453749740584,-0.21143497555605,0.433738803315416,0.732011419014656
-0.1,0.08,-0.108038318231442,0.0768192413756363,-0.00803831823144197,-0.00318075862436366,0.00864475479214975,0.645479561812395,-0.229108682543264,0.482976719316768,0.838101240256442
-0.1,0.095,-0.109039451843112,0.0909484911967665,-0.0090394518431117,-0.00405150880323348,0.00990587771005749,0.730167125492595,-0.237533790096958,0.508722696251409,0.921077295844854
-0.1,0.11,-0.109326612267652,0.105277273066105,-0.00932661226765219,-0.00472272693389461,0.0104541784030719,0.803528660428765,-0.238523898702814,0.511879641411327,0.982138658549686
-0.1,0.125,-0.108968488008187,0.119802250151288,-0.00896848800818729,-0.00519774984871199,0.0103658275425933,0.864703822966672,-0.23393244545796,0.493895656343275,1.02293587510561
-0.1,0.14,-0.108046385231945,0.1345164372577,-0.00804638523194527,-0.00548356274229972,0.009737236550973,0.912994574708807,-0.225578955587032,0.456765393015473,1.04551896901907
-0.1,0.155,-0.106653265017842,0.149409210934637,-0.00665326501784247,-0.00559078906536285,0.00869038881587166,0.947897497456864,-0.215170905522769,0.403007973020241,1.0522617223449
-0.1,0.17,-0.104892288899838,0.164466469059394,-0.00489228889983821,-0.00553353094060552,0.00738609879098017,0.969131460161795,-0.204225839789627,0.335620140283889,1.0457510305449
-0.1,0.185,-0.102874907695882,0.17967094109659,-0.00287490769588156,-0.00532905890341033,0.00605507746076431,0.976658608483829,-0.193998901173512,0.258005075265563,1.02863630576218
-0.1,0.2,-0.100718563353213,0.195002639000245,-0.000718563353213486,-0.00499736099975508,0.00504875729803429,0.970696920511568,-0.185420976996485,0.173879240280899,1.00344066894554
-0.1,0.215,-0.0985441047635031,0.210439427703827,0.00145589523649692,-0.0045605722961727,0.00478732186177954,0.951723042011395,-0.179052165444567,0.0871615334316767,0.972345746368222
-0.1,0.23,-0.0964730425443423,0.225957684557798,0.00352695745565768,-0.00404231544220224,0.00536467548210383,0.920464756247326,-0.175054236259845,0.00185065729107729,0.936975102736683
-0.1,0.245,-0.0946247814627166,0.241533010163118,0.00537521853728336,-0.00346698983688215,0.00639632651235057,0.877883181982685,-0.173184291062027,-0.078102256238234,0.898213875037127
-0.1,0.26,-0.0931139707403753,0.257140949711327,0.00688602925962466,-0.00285905028867307,0.00745597528949557,0.825145556807934,-0.172810089270861,-0.14891825192462,0.85610676815018
-0.1,0.275,-0.0920481018572431,0.272757684295578,0.00795189814275689,-0.00224231570442239,0.00826200119771716,0.763590153741727,-0.172945709780044,-0.207105133703435,0.809866407418518
-0.1,0.29,-0.0915254620351371,0.288360655980767,0.00847453796486289,-0.00163934401923288,0.00863164193715756,0.694685419066317,-0.17230459144613,-0.249555722024508,0.757999434128079
-0.1,0.305,-0.0916335220739564,0.303929097433084,0.00836647792604359,-0.0010709025669164,0.00843473681834844,0.619985751001056,-0.169365732367489,-0.273624998303129,0.698529717514792
-0.1,0.32,-0.0924478035135572,0.319444446175354,0.00755219648644276,-0.000555553824646018,0.00757260271121608,0.541086430591586,-0.162448059484534,-0.277183211932417,0.629284046413332
-0.1,0.335,-0.0940312358140936,0.334890633364948,0.00596876418590642,-0.000109366635052469,0.00596976607312395,0.459580082210853,-0.149787758356142,-0.258643999141168,0.548223709636021
-0.1,0.35,-0.096433982994048,0.350254246689356,0.00356601700595202,0.000254246689356391,0.0035750690434994,0.377016715573768,-0.129613645582318,-0.216968412631461,0.453891694609326
-0.08,0.05,-0.084533131429855,0.0489068939575761,-0.00453313142985501,-0.00109310604242391,0.00466306351879566,0.437797653752628,-0.186971557513968,0.438053634495004,0.646931667188532
-0.08,0.065,-0.0870452556315741,0.0628050514113034,-0.0070452556315741,-0.00219494858869657,0.00737925648160081,0.527119783985769,-0.205931706370017,0.505331916436369,0.758704086833329
-0.08,0.08,-0.0887384493377784,0.0768886635867116,-0.00873844933777837,-0.00311133641328845,0.00927582401221443,0.60793378429673,-0.214362140979513,0.547621617371142,0.845835115431473
-0.08,0.095,-0.0896555535004261,0.0911598947480139,-0.0096555535004261,-0.00384010525198608,0.0103911559388704,0.679325733533922,-0.214161031223412,0.565339818122562,0.909381586397971
-0.08,0.11,-0.0898526893781218,0.105617643715707,-0.00985268937812184,-0.00438235628429293,0.0107833452408905,0.74047441990377,-0.207332185057556,0.559463027570123,0.950951439107856
-0.08,0.125,-0.0893992554976504,0.120257321884449,-0.00939925549765043,-0.00474267811555115,0.010528010240204,0.790683163518487,-0.195911476666596,0.531550577449328,0.972692094868337
-0.08,0.14,-0.0883774528758072,0.135070752604197,-0.00837745287580718,-0.00492924739580283,0.00972004097601441,0.829410693853545,-0.181884467404942,0.4837452883147,0.977259799460882
-0.08,0.155,-0.0868813077659073,0.150046210507697,-0.00688130776590729,-0.00495378949230341,0.00847894019929328,0.85629922671573,-0.167099562356552,0.418748405741427,0.967751580643806
-0.08,0.17,-0.0850151924453207,0.165168610960516,-0.00501519244532066,-0.00483138903948394,0.00696379747798907,0.871197806308241,-0.153182018063696,0.339767407745456,0.947582558917952
-0.08,0.185,-0.0828918797536695,0.18041984941709,-0.00289187975366946,-0.00458015058291011,0.00541671005978861,0.874179079202978,-0.141454669437402,0.250437278074798,0.920290999964371
-0.08,0.2,-0.0806302027679026,0.195779279108947,-0.000630202767902579,-0.00422072089105255,0.00426750985574017,0.865547962248342,-0.132871235415353,0.154718021557747,0.889259006268196
-0.08,0.215,-0.0783524230747854,0.211224304366072,0.00164757692521462,-0.00377569563392832,0.00411951298633286,0.845841147550583,-0.127967424557258,0.0567733250245106,0.857356305568834
-0.08,0.23,-0.0761814358302693,0.226731057434426,0.00381856416973073,-0.00326894256557397,0.00502667064918448,0.81581701681144,-0.126833813870885,-0.0391629440810494,0.826552966041463
-0.08,0.245,-0.0742379536221992,0.242275119964929,0.00576204637780081,-0.00272488003507076,0.0063738645785312,0.776436248059168,-0.129112737586856,-0.128924507781063,0.797593347515155
-0.08,0.26,-0.0726378128310439,0.257832247440453,0.00736218716895611,-0.00216775255954707,0.00767469550341672,0.728834106477912,-0.13401940270357,-0.20854638571526,0.769844702738513
-0.08,0.275,-0.0714895349603944,0.273379055647891,0.00851046503960561,-0.00162094435210877,0.00866345634161,0.674286033077,-0.140385402179886,-0.274386607391268,0.741394223998142
-0.08,0.29,-0.0708922532795267,0.288893633193093,0.00910774672047335,-0.00110636680690651,0.00917469878719283,0.614168604761753,-0.146720986110145,-0.32322916429461,0.709375530657364
-0.08,0.305,-0.0709340846662981,0.304356051603604,0.00906591533370191,-0.000643948396396143,0.00908875626117636,0.549918188516346,-0.151291095279762,-0.352363212584739,0.670420742004021
-0.08,0.32,-0.0716909918383834,0.319748754240037,0.00830900816161656,-0.000251245759962715,0.00831280584770929,0.482989630497103,-0.152199398200595,-0.35963566512487,0.621116116050869
-0.08,0.335,-0.0732261459406265,0.335056815500312,0.00677385405937353,5.68155003117243e-05,0.00677409232434626,0.414817132894646,-0.147474443959089,-0.343476515445046,0.558391036744016
-0.08,0.35,-0.0755897674964976,0.350268071534918,0.00441023250350236,0.000268071534918507,0.00441837222094091,0.346779109582247,-0.135152492145642,-0.302898254841396,0.479865237098906
-0.06,0.05,-0.0651807574011717,0.0488054815837453,-0.00518075740117166,-0.00119451841625468,0.00531668331731038,0.386730967369559,-0.180770881649197,0.493920716194847,0.652840897711971
-0.06,0.065,-0.0676325010666457,0.0628706283038154,-0.00763250106664567,-0.00212937169618463,0.00792396973447398,0.458761650805173,-0.19145000879423,0.555625376690999,0.745548630345501
-0.06,0.08,-0.0692602529397958,0.0771101925486418,-0.00926025293979585,-0.00288980745135822,0.00970068407974011,0.52316859355241,-0.192045587868272,0.591436674415459,0.812647091750855
-0.06,0.095,-0.0701071785654518,0.0915249891858566,-0.0101071785654518,-0.00347501081414345,0.0106878790558437,0.579243229815686,-0.18462106375671,0.601816604787852,0.855455712869037
-0.06,0.11,-0.0702298669740606,0.10611258633788,-0.0102298669740606,-0.00388741366211967,0.0109435900547951,0.626370184476113,-0.17134328284253,0.587818057149219,0.875924163286972
-0.06,0.125,-0.0696983295665329,0.120867110762236,-0.00969832956653292,-0.00413288923776364,0.0105422184492975,0.664054023049072,-0.154401635856626,0.551108849845355,0.876666167194087
-0.06,0.14,-0.0685955200831077,0.135779176787187,-0.00859552008310768,-0.00422082321281261,0.00957592366787274,0.691944578022854,-0.135917946684345,0.493971173389725,0.860977616580251
-0.06,0.155,-0.0670163442512473,0.150835956356289,-0.00701634425124732,-0.00416404364371117,0.00815894270838708,0.709859213282954,-0.117851997909247,0.419273250393899,0.83282138921812
-0.06,0.17,-0.0650661595717257,0.166021399061968,-0.00506615957172572,-0.00397860093803201,0.00644167976775447,0.717800366477232,-0.101908637313739,0.330411808053515,0.79674646456649
-0.06,0.185,-0.0628588016195434,0.181316600458488,-0.00285880161954341,-0.00368339954151181,0.0046626364733178,0.715966848377678,-0.0894529734983087,0.2312261620913,0.757683487060643
-0.06,0.2,-0.0605142096639461,0.196700305463094,-0.000514209663946128,-0.00329969453690573,0.00333952026725114,0.70475769266853,-0.0814400921931884,0.125887115678693,0.720534733381429
-0.06,0.215,-0.0581557571167394,0.212149522593699,0.00184424288326057,-0.00285047740630076,0.00339506307103246,0.684767817900489,-0.0783649346648544,0.0187661880732399,0.689496870506726
-0.06,0.23,-0.0559074175346934,0.227640215495109,0.0040925824653066,-0.00235978450489058,0.00472417338217563,0.656775350197504,-0.0802365134264204,-0.0857073986412835,0.667190038081579
-0.06,0.245,-0.053890910896929,0.243148031888431,0.00610908910307095,-0.00185196811156901,0.00638363184680388,0.621721091450371,-0.0865786468391001,-0.183193309614193,0.653909326781895
-0.06,0.26,-0.0522229765158267,0.258649027537521,0.00777702348417326,-0.00135097246247948,0.00789349231124984,0.580681228857933,-0.0964571175687059,-0.269581225453721,0.64743583654126
-0.06,0.275,-0.0510129072133714,0.274120344327207,0.0089870927866286,-0.000879655672792939,0.00903004046824534,0.534834891713003,-0.108530896655031,-0.341118017894318,0.643578413210573
-0.06,0.29,-0.0503604567705244,0.289540806813238,0.00963954322947558,-0.000459193186761603,0.00965047418812655,0.485428503663289,-0.121123118995815,-0.394513872174385,0.637147566021097
-0.06,0.305,-0.0503542013283674,0.304891409792515,0.00964579867163262,-0.000108590207484799,0.00964640989419542,0.433739036962961,-0.132306085645653,-0.427022271096661,0.622885457961089
-0.06,0.32,-0.0510703999929174,0.320155679429159,0.00892960000708259,0.000155679429158756,0.00893095696838545,0.381038202255907,-0.139993840466303,-0.436491127016542,0.596083967002622
-0.06,0.335,-0.0525723639073629,0.33531990105299,0.00742763609263714,0.00031990105298968,0.00743452181437043,0.328559383120682,-0.14203585425794,-0.421384744979863,0.552895042109523
-0.06,0.35,-0.0549103105400518,0.350373216529058,0.00508968945994823,0.000373216529058473,0.00510335471785673,0.277468748280971,-0.136305963258967,-0.380778451433586,0.490471120438057
-0.04,0.05,-0.0456274029007343,0.0488233648103901,-0.00562740290073427,-0.00117663518960995,0.00574909851860454,0.300452297756092,-0.169240989165953,0.527233931837717,0.629995010484287
-0.04,0.065,-0.0480294067597794,0.0630573793598107,-0.00802940675977939,-0.00194262064018932,0.00826106215118132,0.353269393942198,-0.173444055840993,0.583761058891659,0.704035024476255
-0.04,0.08,-0.0496042020280668,0.0774542117677971,-0.00960420202806678,-0.00254578823220286,0.00993588115464072,0.399471024355909,-0.168014474389132,0.613742133553241,0.751327796832159
-0.04,0.095,-0.0503952662261681,0.0920132822524655,-0.0103952662261681,-0.00298671774753453,0.0108158237234317,0.438588273404196,-0.155146448063537,0.617692081376731,0.77329339737949
-0.04,0.11,-0.050459600118301,0.106730794063613,-0.010459600118301,-0.00326920593638685,0.0109586012834335,0.470245336768999,-0.137132458896217,0.596741808654499,0.772040020105742
-0.04,0.125,-0.0498677256613247,0.121599568467105,-0.0098677256613247,-0.00340043153289457,0.0104371904426943,0.494179852785817,-0.116276274716785,0.552661994667781,0.750451351202246
-0.04,0.14,-0.0487031998887915,0.136609005003772,-0.00870319988879145,-0.00339099499622811,0.0093404783265475,0.510261253263224,-0.0947965301433863,0.48786070625873,0.712297362051488
-0.04,0.155,-0.0470616129728911,0.151745183364549,-0.00706161297289105,-0.00325481663545082,0.00777561631700733,0.518505808574923,-0.074726260074872,0.405351546562817,0.662379838381603
-0.04,0.17,-0.0450490710251693,0.166991114327717,-0.00504907102516932,-0.003008885672283,0.00587762802549415,0.519087087395229,-0.057814864689263,0.308690998498943,0.606702179628426
-0.04,0.185,-0.0427802006362953,0.182327136462954,-0.00278020063629532,-0.00267286353704607,0.00385664557170183,0.512340736095912,-0.0454395341740725,0.201886011925498,0.552555978413348
-0.04,0.2,-0.0403757490842927,0.197731443804081,-0.000375749084292674,-0.00226855619591904,0.00229946397849356,0.498762799886083,-0.0385329975663778,0.0892754598520576,0.508154428090068
-0.04,0.215,-0.0379598872843887,0.21318071875209,0.00204011271561133,-0.00181928124791048,0.00273346742277967,0.479001244235392,-0.0375335169310814,-0.024608458395389,0.48110070985819
-0.04,0.23,-0.0356573481004419,0.228650835382094,0.00434265189955815,-0.00134916461790602,0.00454740263083724,0.453840839695511,-0.0423613780259728,-0.135190801458506,0.475440683971648
-0.04,0.245,-0.0335905466197813,0.244117592497794,0.00640945338021869,-0.000882407502206223,0.00646991001739178,0.424182092365404,-0.0524239108176045,-0.23800716048271,0.489211177639215
-0.04,0.26,-0.0318768306510113,0.259557433594636,0.0081231693489887,-0.000442566405363581,0.00813521636439412,0.391015375335309,-0.0666485865917275,-0.328850039924691,0.515246732833297
-0.04,0.275,-0.0306259975486867,0.274948113035539,0.00937400245131326,-5.18869644612896e-05,0.00937414605253769,0.355391770483374,-0.0835413113716487,-0.403899466245051,0.544444184908792
-0.04,0.29,-0.029938190352955,0.290269273453738,0.010061809647045,0.000269273453737978,0.0100654121409039,0.318392336191065,-0.101264988255123,-0.459830540043305,0.568396914788044
-0.04,0.305,-0.0299022544540547,0.30550290807552,0.0100977455459453,0.000502908075520309,0.0101102612054823,0.281097557568789,-0.117731999219715,-0.493892870733321,0.580353089015526
-0.04,0.32,-0.030594599806805,0.320633691999884,0.00940540019319497,0.000633691999884417,0.00942672362726676,0.244558593800599,-0.130703596917741,-0.503959400760589,0.575213171490556
-0.04,0.335,-0.0320785773798503,0.33564917717725,0.00792142262014972,0.000649177177250326,0.00794797882071174,0.209771683011542,-0.137889306109848,-0.488544662011862,0.549268438051882
-0.04,0.35,-0.0344043455229209,0.350539855738101,0.00559565447707908,0.000539855738101502,0.00562163617150881,0.177656699313911,-0.137040205304351,-0.446794740152514,0.499969045704046
-0.02,0.05,-0.0258744039551162,0.0489316266280713,-0.00587440395511618,-0.00106837337192875,0.00597076573730129,0.188346939354796,-0.1566622493149,0.537727548620756,0.590907472784535
-0.02,0.065,-0.0282376411996991,0.0633353788930577,-0.00823764119969908,-0.00166462110694227,0.00840414754538837,0.220570600335702,-0.156527915043264,0.589614873238791,0.648692971792454
-0.02,0.08,-0.0297723328659124,0.0778898308663042,-0.00977233286591245,-0.0021101691336958,0.00999756487425789,0.24729596296428,-0.147200520076166,0.614587503418081,0.678635741712801
-0.02,0.095,-0.0305222538910215,0.0925929754533419,-0.0105222538910215,-0.00240702454665812,0.0107940536461207,0.268319912494219,-0.130962011896239,0.613220954366562,0.682049892756139
-0.02,0.11,-0.0305447573713463,0.107439629745597,-0.0105447573713463,-0.0025603702544027,0.0108511475826381,0.283531359400625,-0.110184388069364,0.586724045330434,0.660893773102958
-0.02,0.125,-0.0299107686564334,0.122421301510188,-0.00991076865643337,-0.00257869848981165,0.0102407529636594,0.292924042349392,-0.0872381440970545,0.536961451443181,0.617856203355868
-0.02,0.14,-0.0287042923356662,0.137526182142962,-0.00870429233566623,-0.00247381785703757,0.00904900435708459,0.296606766761343,-0.0643914522897468,0.466448868456335,0.556505898291548
-0.02,0.155,-0.0270214003501551,0.152739281065714,-0.00702140035015508,-0.00226071893428628,0.0073763753278286,0.294810150144206,-0.0437058401263988,0.378317516745999,0.481610562871807
-0.02,0.17,-0.0249687020645915,0.168042707448996,-0.00496870206459146,-0.0019572925510041,0.00534031781234896,0.287889068362878,-0.0269352428036814,0.276246792554688,0.399898190257895
-0.02,0.185,-0.0226613338504408,0.183416094324613,-0.00266133385044082,-0.00158390567538746,0.00309700743493244,0.276320220443231,-0.015435806967899,0.164366396833723,0.321881520537967
-0.02,0.2,-0.0202205429374774,0.198837148714512,-0.000220542937477408,-0.00116285128548838,0.00118358028854537,0.260694538661043,-0.0100935586424567,0.047131965342071,0.265113315342786
-0.02,0.215,-0.0177709736985351,0.214282300617324,0.00222902630146493,-0.000717699382676129,0.00234171959391302,0.241704547530564,-0.0112759601290312,-0.0708192485400872,0.252118432687099
-0.02,0.23,-0.0154377900461073,0.229727415012567,0.00456220995389266,-0.000272584987433183,0.00457034596488835,0.220127163064356,-0.0188115397826263,-0.184824082370973,0.288045062659995
-0.02,0.245,-0.0133437817980253,0.245148525525171,0.00665621820197468,0.000148525525170751,0.0066578750802284,0.196802790552234,-0.0319993906769985,-0.290350825844004,0.352220516339933
-0.02,0.26,-0.0116066041632388,0.260522546898333,0.0083933958367612,0.000522546898333143,0.00840964618361069,0.172611870053606,-0.0496477048988985,-0.383148316215444,0.423158597255559
-0.02,0.275,-0.0103362872743143,0.275827925912613,0.0096637127256857,0.000827925912613131,0.00969911361730318,0.148450206283412,-0.0701379918243085,-0.459377703612166,0.487838204678729
-0.02,0.29,-0.00963312910887005,0.29104519672564,0.0103668708911299,0.00104519672563969,0.0104194264846317,0.125204453699051,-0.0915095530338881,-0.515719587629804,0.538534104511559
-0.02,0.305,-0.00958605311939996,0.306157415613245,0.0104139468806,0.00115741561324473,0.0104780675953986,0.103729063069985,-0.111557401386114,-0.549451610816281,0.570179382248517
-0.02,0.32,-0.0102714752279374,0.321150460731956,0.00972852477206262,0.00115046073195582,0.00979631329309187,0.084825790149413,-0.127936241539107,-0.558494286232116,0.579207925814663
-0.02,0.335,-0.0117526883599775,0.336013193347905,0.00824731164002249,0.00101319334790539,0.00830931465572764,0.0692265981591076,-0.138263361219399,-0.541425452053043,0.563074729337594
-0.02,0.35,-0.0140797393634409,0.350737486866811,0.00592026063655909,0.000737486866810577,0.00596601817659896,0.057580467621362,-0.140214192475361,-0.497466017559257,0.520047906799585
0,0.05,-0.00592472639727915,0.049100432000341,-0.00592472639727915,-0.000899567999658957,0.00599262926173702,0.0612835296469264,-0.14617441938557,0.525964546372032,0.549330180760322
0,0.065,-0.00826047050516066,0.0636737533738423,-0.00826047050516066,-0.00132624662615774,0.00836625980232648,0.0721795044142542,-0.144056369007431,0.573888984595989,0.596082116589567
0,0.08,-0.0097682277338918,0.0783851876784437,-0.0097682277338918,-0.00161481232155633,0.00990080258842802,0.0787833456259833,-0.133156355854404,0.594834955368471,0.614629707570339
0,0.095,-0.0104920530984828,0.0932312813102706,-0.0104920530984828,-0.00176871868972941,0.0106400913541557,0.0811732975291225,-0.115794847886442,0.58944491900277,0.606173482533063
0,0.11,-0.0104895890110115,0.108205457550655,-0.0104895890110115,-0.00179454244934504,0.0106419857274118,0.0795170374911129,-0.0943711154160579,0.559003138822621,0.57246493530442
0,0.125,-0.00983205261682719,0.123297916053638,-0.00983205261682719,-0.00170208394636207,0.00997829386320737,0.0740761967442921,-0.0712690449213154,0.505455966611672,0.515804314370322
0,0.14,-0.00860373514841957,0.138495659442941,-0.00860373514841957,-0.00150434055705911,0.00873426007259706,0.0652077735396536,-0.048754192716621,0.431403993660526,0.439020926365892
0,0.155,-0.00690098186872448,0.153782660462782,-0.00690098186872448,-0.00121733953721781,0.00700752925797229,0.0533619618180283,-0.0288681053200612,0.340062927420345,0.345433094119623
0,0.17,-0.00483065385647956,0.169140173910244,-0.00483065385647956,-0.000859826089755544,0.00490657901044558,0.0390761345389894,-0.0133269995643781,0.235192229514548,0.238788652501131
0,0.185,-0.00250810969434627,0.184547186757717,-0.00250810969434627,-0.000452813242283023,0.00254865730753677,0.0229649559260318,-0.00343231981685486,0.120993145744777,0.123201124944476
0,0.2,-5.47823100037366e-05,0.19998098855923,-5.47823100037366e-05,-1.90114407698783e-05,5.79873811228968e-05,0.00570690025044777,-3.18444857094894e-07,0.00198050056822341,0.00604078576612103
0,0.215,0.00240454030867595,0.215417833688883,0.00240454030867595,0.000417833688882735,0.00244057351612541,-0.0119722727595503,-0.00331659273986339,-0.117164847952932,0.117821651620611
0,0.23,0.00474459651216381,0.23083365876404,0.00474459651216381,0.000833658764039541,0.00481727962631368,-0.0293182763371144,-0.0131195499538615,-0.231754033831149,0.233969425747912
0,0.245,0.00684254625247938,0.246204813456724,0.00684254625247938,0.00120481345672441,0.00694780646555614,-0.0455682955280162,-0.0286142849711041,-0.337248732789775,0.341514714090934
0,0.26,0.00858073097186964,0.261508762033878,0.00858073097186964,0.00150876203387823,0.00871236517178172,-0.0599711456822129,-0.0485156669420594,-0.429410228528672,0.436284737678971
0,0.275,0.00984916121047637,0.276724715932758,0.00984916121047637,0.00172471593275844,0.0099990310329883,-0.0718065142523751,-0.0711169031487044,-0.504429966921404,0.514456177988559
0,0.29,0.0105476187544269,0.29183416441629,0.0105476187544269,0.00183416441628972,0.0107059058698795,-0.0804023223258622,-0.0943778123394588,-0.559034453698289,0.572620253345761
0,0.305,0.0105872924204524,0.30682127982006,0.0105872924204524,0.00182127982005972,0.0107428032179281,-0.0851494314989309,-0.116025734974942,-0.590559837213298,0.607846019590301
0,0.32,0.00989190318039787,0.321673184588004,0.00989190318039787,0.00167318458800386,0.0100324122321553,-0.08551316367086,-0.13366154133969,-0.596994251482846,0.617724648419129
0,0.335,0.00839831103516639,0.336380078290202,0.00839831103516639,0.0013800782902022,0.00851094849769901,-0.0810413645548077,-0.144863543623869,-0.576988635183271,0.600393481532925
0,0.35,0.00605662927338799,0.350935232574308,0.00605662927338799,0.000935232574307859,0.00612841073389397,-0.0713689946607773,-0.147283126153913,-0.52983897023327,0.5545426832833
0.02,0.05,0.0142170731922933,0.0492993189663776,-0.00578292680770673,-0.000700681033622391,0.00582522071463144,-0.0689574326792497,-0.139486991732401,0.493376146660568,0.517333150615462
0.02,0.065,0.0118972859948784,0.0640409897188249,-0.00810271400512155,-0.000959010281175066,0.00815926926680278,-0.0794205728578996,-0.137809312474623,0.53814424783457,0.561160211246039
0.02,0.08,0.0104030353125927,0.0789077733052144,-0.00959696468740726,-0.00109222669478565,0.00965891766007684,-0.0929053028779162,-0.127714921132043,0.556182375296022,0.578173129441837
0.02,0.095,0.00969000696232795,0.0938947644724558,-0.010309993037672,-0.00110523552754418,0.0103690646640954,-0.109048631480765,-0.111510456097524,0.54820400550023,0.569961837657313
0.02,0.11,0.00970033602967383,0.108993999090559,-0.0102996639703262,-0.00100600090944084,0.0103486770039185,-0.127402688241902,-0.0915675262272385,0.51556347682165,0.538909915072503
0.02,0.125,0.0103626290882191,0.124194387725309,-0.00963737091178085,-0.00080561227469117,0.00967098388109363,-0.147438789734564,-0.0702280375644248,0.460273057896048,0.48838806908274
0.02,0.14,0.0115924730823924,0.139481776347512,-0.00840752691760759,-0.00051822365248827,0.00842348292716821,-0.168555055012487,-0.049701602979484,0.384991654574494,0.423202604279342
0.02,0.155,0.0132934616305006,0.154839145988538,-0.00670653836949937,-0.000160854011461875,0.00670846710617043,-0.190087551206992,-0.0319611644359152,0.292982266796711,0.350704698886565
0.02,0.17,0.0153587369174022,0.170246953859305,-0.00464126308259782,0.000246953859304594,0.0046478284403053,-0.211324676786962,-0.0186439380363887,0.188037525935329,0.283485432693063
0.02,0.185,0.0176730086971206,0.18568360767252,-0.00232699130287944,0.000683607672519987,0.00242532636434868,-0.231524225564267,-0.0109651131440582,0.0743752444112956,0.243424458183338
0.02,0.2,0.0201149749590531,0.201126053811374,0.000114974959053056,0.00112605381137351,0.00113190831224003,-0.249932330810384,-0.00965125961546005,-0.0434913850912326,0.253871862992318
0.02,0.215,0.022560035603651,0.21655044979969,0.00256003560365099,0.0015504497996903,0.00299293783318671,-0.265803304879753,-0.0148990932937606,-0.160901844068145,0.311067550494472
0.02,0.23,0.0248831654004837,0.231932883731779,0.00488316540048367,0.00193288373177861,0.00525179434565513,-0.278419300017508,-0.0263632276600392,-0.273205653227822,0.390965789360751
0.02,0.245,0.0269617985769622,0.247250098821255,0.00696179857696219,0.00225009882125526,0.00731639146927002,-0.287108719173331,-0.0431740361771209,-0.375919125709315,0.474986205274391
0.02,0.26,0.028678576463965,0.262480180743162,0.00867857646396497,0.00248018074316245,0.00902601717036039,-0.291262417175149,-0.0639840921314444,-0.46487165223075,0.552300438819384
0.02,0.275,0.0299238221064565,0.277603169025869,0.00992382210645647,0.00260316902586866,0.0102595679332921,-0.29034693302867,-0.0870391988819772,-0.536332748897363,0.61606301443839
0.02,0.29,0.0305976294831645,0.292601560824521,0.0105976294831645,0.00260156082452082,0.0109122806684084,-0.283914242430482,-0.110268090431843,-0.587113037813796,0.661417361562708
0.02,0.305,0.0306114871296026,0.307460685162571,0.0106114871296026,0.00246068516257103,0.0108930542352004,-0.27160781385653,-0.131383693969293,-0.614634839943637,0.684699967336556
0.02,0.32,0.0298893924891915,0.32216893652823,0.00988939248919149,0.00216893652823014,0.0101244441560398,-0.253165013526193,-0.14798848878153,-0.61697076864465,0.683119004350782
0.02,0.335,0.0283684498083251,0.336717867695354,0.00836844980832507,0.0017178676953542,0.00854295157502356,-0.228416144538625,-0.157676928121783,-0.59285128937781,0.654609243205987
0.02,0.35,0.0259989774578793,0.351102151257694,0.00599897745787931,0.00110215125769414,0.00609938258637551,-0.197280580242377,-0.158128955815362,-0.541644363800236,0.597750994689387
0.04,0.05,0.0345449184379745,0.049497503962458,-0.00545508156202548,-0.000502496037541961,0.0054781764407598,-0.1903535478812,-0.136724235621122,0.442232726545964,0.500499117997357
0.04,0.065,0.0322293322238857,0.0644052584466055,-0.00777066777611427,-0.000594741553394479,0.00779339433123172,-0.221501781761434,-0.137826467109411,0.484763120197876,0.55050593864494
0.04,0.08,0.0307349644288757,0.0794247725445271,-0.00926503557112435,-0.000575227455472893,0.009282875134339,-0.25436545052448,-0.130815197197248,0.501117182527194,0.577005756175634
0.04,0.095,0.0300172668721111,0.0945496985305744,-0.00998273312788894,-0.000450301469425568,0.00999288407398075,-0.288306033377059,-0.11793128435228,0.492080347928821,0.582386594765341
0.04,0.11,0.0300182228246162,0.109770705431522,-0.00998177717538376,-0.000229294568478366,0.00998441042716824,-0.322606950840404,-0.101464900271759,0.459068442186531,0.570190221346105
0.04,0.125,0.0306663813865045,0.125075447294122,-0.00933361861349553,7.54472941215112e-05,0.00933392354352555,-0.35648603473764,-0.0836625772419065,0.404140759957367,0.545356506383517
0.04,0.14,0.0318773750300657,0.140448657992774,-0.00812262496993428,0.00044865799277416,0.00813500647797407,-0.389111826878306,-0.0666274580370147,0.329985097019755,0.514528109408029
0.04,0.155,0.0335549500754474,0.155872382669094,-0.0064450499245526,0.000872382669094118,0.00650382349478453,-0.419623190144819,-0.0522188143034156,0.239872205812462,0.486158944611327
0.04,0.17,0.0355925075448046,0.171326346557643,-0.00440749245519543,0.00132634655764338,0.00460273667871377,-0.447151405842656,-0.0419577549711149,0.13757933974408,0.469717088669233
0.04,0.185,0.0378751156087366,0.186788451326421,-0.00212488439126338,0.00178845132642119,0.00277735338464742,-0.470843658901226,-0.0369462486666824,0.0272850993922976,0.473079828939454
0.04,0.2,0.0402819182516819,0.202235378209697,0.000281918251681868,0.00223537820969674,0.00225308536034887,-0.489886637173079,-0.037806012356543,-0.0865596169599143,0.498911166351531
0.04,0.215,0.0426888322195161,0.217643267495672,0.00268883221951611,0.00264326749567248,0.00377050152610851,-0.503528897929317,-0.0446424649068241,-0.199377435874455,0.543403971346353
0.04,0.23,0.0449713994730641,0.232988436575052,0.00497139947306407,0.00298843657505221,0.00580047979773152,-0.511100722997311,-0.0570369287454905,-0.306618289223191,0.598744685141966
0.04,0.245,0.0470076489304902,0.248248094858165,0.00700764893049019,0.00324809485816466,0.00772381147754371,-0.51203037722609,-0.0740678256948655,-0.403911510904677,0.656361462899738
0.04,0.26,0.0486808204686615,0.263401013913374,0.00868082046866148,0.0034010139133743,0.00932327944706677,-0.505855981883858,-0.0943590725278845,-0.487206784603361,0.708640078832134
0.04,0.275,0.0498818166332309,0.278428115148321,0.00988181663323093,0.00342811514832111,0.0104595541703721,-0.492232577399893,-0.116151576156255,-0.552895619664726,0.749323473581381
0.04,0.29,0.0505112711088808,0.29331294492167,0.0105112711088808,0.00331294492166964,0.0110209992459127,-0.470934333874947,-0.137391953960158,-0.597906984521722,0.773406452264762
0.04,0.305,0.0504811548439114,0.308042016732783,0.0104811548439114,0.00304201673278284,0.0109136828185804,-0.441852216603182,-0.155831554962531,-0.619773166741984,0.776945868696799
0.04,0.32,0.0497158768678238,0.322605011140432,0.0097158768678238,0.00260501114043243,0.0100590430137509,-0.404987701503208,-0.169128606265294,-0.616664549670823,0.756903575324886
0.04,0.335,0.0481528729606306,0.336994834883286,0.00815287296063058,0.00199483488328628,0.0083933726072275,-0.360443328889057,-0.174946798208394,-0.587394446034491,0.711030589341605
0.04,0.35,0.0457427080071028,0.351207550081481,0.00574270800710278,0.00120755008148107,0.00586829382820316,-0.308410980076647,-0.171044696921776,-0.531397159700731,0.637777988268508
0.06,0.05,0.0550513139714188,0.0496641942689676,-0.0049486860285812,-0.000335805731032424,0.0049600664207719,-0.291337443346583,-0.13642775827471,0.375545360673846,0.494495576192109
0.06,0.065,0.0527280016320258,0.0647347439970143,-0.00727199836797421,-0.000265256002985659,0.00727683454607424,-0.34184408854684,-0.142417395364575,0.416843144252593,0.557584752262225
0.06,0.08,0.051219765262047,0.0799034113964754,-0.00878023473795297,-9.65886035245722e-05,0.0087807659923202,-0.392756224586836,-0.140521257303054,0.432802076682804,0.601102842613141
0.06,0.095,0.0504818526764134,0.0951624297100129,-0.00951814732358661,0.000162429710012901,0.00951953317574942,-0.443180829932341,-0.132866390933955,0.424276813299627,0.627755909834357
0.06,0.11,0.0504561698432492,0.110501135620287,-0.00954383015675075,0.000501135620287446,0.00955697812966138,-0.492155978028424,-0.121612666064916,0.39273286330361,0.64128818982599
0.06,0.125,0.0510713297484764,0.125905972345347,-0.00892867025152358,0.000905972345346784,0.00897451605107347,-0.538671058381701,-0.108863638729641,0.340255157240265,0.646371258632986
0.06,0.14,0.0522431788034578,0.141360618047015,-0.00775682119654224,0.00136061804701493,0.00787524961794797,-0.581690900555613,-0.0965719239142824,0.269529419049771,0.648337129233566
0.06,0.155,0.0538758292684633,0.156846247856761,-0.0061241707315367,0.00184624785676146,0.0063964129242574,-0.620182830802875,-0.0864449166782607,0.183794239337059,0.652598187143844
0.06,0.17,0.0558631943018588,0.17234192851046,-0.00413680569814124,0.00234192851045983,0.00475371334140779,-0.653145356804811,-0.0798574053862819,0.0867638693116333,0.663708488100088
0.06,0.185,0.0580909866320456,0.187825134181397,-0.00190901336795444,0.00282513418139743,0.00340965030200003,-0.679636926912071,-0.0777777001280622,-0.0174758218435603,0.684300148763328
0.06,0.2,0.0604391059273388,0.203272361559975,0.000439105927338829,0.00327236155997512,0.0033016911113287,-0.698803101934945,-0.0807132543449212,-0.124593364953323,0.714402214048568
0.06,0.215,0.0627843080806431,0.218659813024683,0.00278430808064308,0.00365981302468343,0.00459854355895178,-0.709900524880422,-0.0886803996776207,-0.230152708032574,0.751532657467442
0.06,0.23,0.0650030254678542,0.233964109946993,0.0050030254678542,0.00396410994699303,0.00638313649422029,-0.712316289280488,-0.101200870815713,-0.329760754336369,0.791446920074442
0.06,0.245,0.0669741940537365,0.249162994797626,0.00697419405373655,0.00416299479762633,0.00812218618256428,-0.705581660905726,-0.117325500707797,-0.419212276557185,0.829072782995962
0.06,0.26,0.0685819427218805,0.264235981287652,0.00858194272188051,0.00423598128765248,0.00957043773037471,-0.689379564839957,-0.135683115486572,-0.494623327943822,0.859255588494584
0.06,0.275,0.0697180125665059,0.27916491626366,0.00971801256650585,0.00416491626366006,0.0105729038454942,-0.66354574540406,-0.154550562255446,-0.55254544615692,0.877211681181857
0.06,0.29,0.0702837971300307,0.29393442474175,0.0102837971300307,0.00393442474175018,0.0110107302873208,-0.628063981403277,-0.171938221905589,-0.590054820431655,0.878753062539497
0.06,0.305,0.0701919259344208,0.308532219499416,0.0101919259344208,0.00353221949941557,0.0107866551277387,-0.58305613582538,-0.185684463143215,-0.604812926203836,0.860375361639632
0.06,0.32,0.0693673491985783,0.322949267552554,0.00936734919857829,0.0029492675525542,0.00982066240661262,-0.52876810304434,-0.193552334230853,-0.595097582713346,0.819274546296984
0.06,0.335,0.0677479171306483,0.337179816482784,0.00774791713064826,0.00217981648278415,0.00804871541067332,-0.465552865836523,-0.193322304409305,-0.559805670974334,0.753328314157525
0.06,0.35,0.0652844793171471,0.351221292851037,0.00528447931714707,0.00122129285103678,0.0054237697113123,-0.3938518960217,-0.182875906525024,-0.498430615390616,0.661060390018442
0.08,0.05,0.0757274729523541,0.0497689002019964,-0.00427252704764586,-0.000231099798003565,0.0042787725447262,-0.361444138700754,-0.135715150234194,0.296907382949881,0.487048139189132
0.08,0.065,0.0733843899035096,0.0649979742442916,-0.00661561009649045,-2.02575570840136e-06,0.0066156104066422,-0.42943089381498,-0.148344201513954,0.338031504215671,0.56629038757391
0.08,0.08,0.0718484779347303,0.0803113031037973,-0.00815152206526973,0.000311303103797345,0.00815746416498492,-0.496542653108125,-0.153230560972096,0.354904309370344,0.629281543198599
0.08,0.095,0.071074816066662,0.0956997383113025,-0.00892518393333797,0.000699738311302545,0.00895257180637043,-0.561662825027778,-0.152346408072791,0.348443118948727,0.678301214630273
0.08,0.11,0.0710053111033841,0.111151332071884,-0.00899468889661587,0.00115133207188389,0.0090680755337973,-0.623617193289165,-0.147680508700946,0.320148472387491,0.716386534425132
0.08,0.125,0.0715687629785083,0.12665137484597,-0.00843123702149171,0.00165137484597017,0.00859143739978796,-0.681200830431438,-0.141154718273556,0.272107971124946,0.747000587660146
0.08,0.14,0.0726813999743991,0.142182556385295,-0.00731860002560086,0.00218255638529452,0.00763711062573503,-0.733208780638446,-0.134536381669254,0.206974257229979,0.773655343986516
0.08,0.155,0.0742479107316721,0.157725256694143,-0.00575208926832795,0.00272525669414259,0.00636502592294662,-0.778469152168023,-0.129352097158617,0.127915486745718,0.79944913946846
0.08,0.17,0.0761629687285602,0.1732579642003,-0.00383703127143976,0.00325796420030044,0.00503360106766974,-0.815876928255518,-0.126808855737306,0.0385386655027119,0.826578929325159
0.08,0.185,0.0783132101151184,0.188757808258976,-0.00168678988488156,0.00375780825897581,0.00411902695147356,-0.844426596221529,-0.127728529457107,-0.0572115490446898,0.855954228399263
0.08,0.2,0.0805795907687789,0.20420118299003,0.000579590768778946,0.00420118299003031,0.00424097441338353,-0.863241664506349,-0.132500992780092,-0.155173776092543,0.887038500369601
0.08,0.215,0.0828400174805221,0.219564430775692,0.00284001748052205,0.00456443077569152,0.00537584668640677,-0.871599285810608,-0.141059842020402,-0.251103896911928,0.917962083002182
0.08,0.23,0.0849721247910995,0.234824547526867,0.00497212479109949,0.00482454752686723,0.00692807937146124,-0.868948548649667,-0.152882863608239,-0.340814126750682,0.94584318761035
0.08,0.245,0.0868560562363735,0.249959868990017,0.0068560562363735,0.00495986899001716,0.00846202147920045,-0.854921484392104,-0.167017305065346,-0.420308702866081,0.96719550472092
0.08,0.26,0.088377108596936,0.264950698490353,0.00837710859693599,0.00495069849035257,0.0097306404715845,-0.829336406138616,-0.182127893717211,-0.485908052043521,0.978314536582057
0.08,0.275,0.0894281097433128,0.279779841270659,0.00942810974331285,0.0047798412706585,0.0105705314863843,-0.792193788991213,-0.196563699629003,-0.534354449469176,0.975584932128031
0.08,0.29,0.0899114235912223,0.294433018530472,0.00991142359122227,0.00443301853047173,0.0108576227092372,-0.743665429767947,-0.208438573191149,-0.562893955079338,0.955696442996211
0.08,0.305,0.0897405062738268,0.308899144323882,0.0097405062738268,0.00389914432388233,0.0104919392358574,-0.684078049269556,-0.215719145979666,-0.569331565914724,0.915780439499159
0.08,0.32,0.0888409723826201,0.323170459241842,0.00884097238262008,0.00317045924184151,0.00939226301135297,-0.61389276026598,-0.216314298507599,-0.552058770737621,0.853486117542012
0.08,0.335,0.0871511647938804,0.337242525331594,0.00715116479388042,0.00224252533159391,0.00749453652817005,-0.533681942066631,-0.208160511296767,-0.51005475935924,0.76701490024188
0.08,0.35,0.0846222530600335,0.351114095560781,0.00462225306003347,0.00111409556078063,0.00475462220050551,-0.444105010833611,-0.189298486178633,-0.442864236644212,0.65513096837117
0.1,0.05,0.0965634672466034,0.0497817397035991,-0.00343653275339664,-0.000218260296400874,0.00344345682739786,-0.391841180702652,-0.130569453036131,0.21029391709448,0.463478797671781
0.1,0.065,0.0941885097932195,0.0651641412877222,-0.00581149020678048,0.000164141287722241,0.00581380776994223,-0.475013830588145,-0.151147434991083,0.252319716386505,0.558705109229919
0.1,0.08,0.0926111352131285,0.0806167842489845,-0.00738886478687154,0.000616784248984481,0.00741456307872996,-0.556093080628876,-0.164037456961899,0.271388409512301,0.640159147015375
0.1,0.095,0.0917862943563368,0.0961291889056649,-0.00821370564366325,0.00112918890566488,0.00829096061897668,-0.633776883556494,-0.17102498022783,0.26846990557191,0.709228591407863
0.1,0.11,0.0916559762802284,0.111688183347405,-0.00834402371977161,0.00168818334740495,0.00851308961837984,-0.706718502302208,-0.173897096968456,0.245082982370568,0.767962069019879
0.1,0.125,0.0921492916787781,0.127277974697505,-0.00785070832122188,0.00227797469750451,0.00817452077294891,-0.773558774907299,-0.174366103879067,0.203294495596739,0.818618817375975
0.1,0.14,0.0931830165842804,0.142880341341321,-0.00681698341571958,0.00288034134132104,0.00740051546398755,-0.832961818983587,-0.173990333183551,0.145694455120976,0.863330182541835
0.1,0.155,0.0946626214714452,0.15847495077178,-0.0053373785285548,0.00347495077177962,0.00636890040928335,-0.883652521452501,-0.174097223752365,0.0753457892886703,0.903795080462465
0.1,0.17,0.0964837804899527,0.174039798699663,-0.00351621951004731,0.00403979869966292,0.00535572340367159,-0.924453846562544,-0.175714001396938,-0.00429052599261039,0.941025312573427
0.1,0.185,0.0985343216100022,0.189551755164983,-0.0014656783899978,0.00455175516498263,0.00478191261158677,-0.954321841365125,-0.179511200917149,-0.0894522841972666,0.975181581094351
0.1,0.2,0.100696544821134,0.204987193835865,0.000696544821134023,0.00498719383586455,0.0050356009615868,-0.972376255636773,-0.185763556530739,-0.1761901745326,1.00553100890559
0.1,0.215,0.102849805348648,0.22032267250246,0.00284980534864848,0.00532267250245971,0.00603756847527431,-0.977924937258118,-0.194331548231773,-0.260492973227046,1.03052760842468
0.1,0.23,0.104873236541128,0.235535627149415,0.00487323654112795,0.0055356271494148,0.00737506625889713,-0.970480602890819,-0.204665247584222,-0.338416476378523,1.04798702030589
0.1,0.245,0.106648474819042,0.250605039762925,0.00664847481904247,0.00560503976292537,0.00869590065280281,-0.949769147851396,-0.215830246146917,-0.406208492120871,1.05531083214872
0.1,0.26,0.10806224910104,0.265512041573359,0.00806224910104003,0.00551204157335933,0.00976639456880902,-0.915729314518297,-0.226553615517545,-0.460422595026066,1.04971734576057
0.1,0.275,0.109008708848019,0.280240418517275,0.00900870884801935,0.00524041851727508,0.0104220353743682,-0.868504171372348,-0.235286262457448,-0.498014435668716,1.02844829614361
0.1,0.29,0.109391387222541,0.294776993786082,0.00939138722254076,0.00477699378608182,0.0105364995893307,-0.808425416133561,-0.240276896800217,-0.516416025032582,0.98893600961858
0.1,0.305,0.109124725487986,0.309111872353089,0.00912472548798565,0.00411187235308907,0.0100084019443262,-0.735991934813727,-0.239652232297608,-0.513585358170789,0.928927414928649
0.1,0.32,0.108135118592776,0.323238542966053,0.00813511859277649,0.00323854296605258,0.00875604448718178,-0.651844297108527,-0.231498013984981,-0.488030745134772,0.846569172971032
0.1,0.335,0.106361475512921,0.337153843353575,0.00636147551292138,0.00215384335357494,0.00671620517057343,-0.556736936977134,-0.213935952225706,-0.438811066488954,0.740464308276108
0.1,0.35,0.103755318468805,0.350857802925748,0.00375531846880461,0.000857802925748052,0.00385204395893491,-0.45150968135285,-0.185192518940558,-0.365514661962344,0.609722672919553
0.12,0.05,0.117548395469435,0.0496737283286337,-0.00245160453056509,-0.000326271671366285,0.00247322016363756,-0.375694298667983,-0.116216247719961,0.11984236373117,0.411114752319603
0.12,0.065,0.115129463073179,0.0652034059936,-0.00487053692682143,0.00020340599359997,0.0048747824519422,-0.471495926642547,-0.145565846646645,0.163822286405571,0.519939824639826
0.12,0.08,0.113496936652425,0.0807892328874008,-0.00650306334757547,0.000789232887400793,0.00655078021712944,-0.564077649637671,-0.167196128292408,0.186296606364072,0.617129036435881
0.12,0.095,0.112605684918174,0.0964194608053297,-0.00739431508182559,0.00141946080532973,0.00752932696243035,-0.651994135388408,-0.182684383398696,0.188274912132584,0.702796963504785
0.12,0.11,0.112397863374782,0.112079765429493,-0.00760213662521769,0.00207976542949312,0.00788149132526268,-0.733769292999524,-0.193596693054082,0.171276241825579,0.777972946036034
0.12,0.125,0.11280301700592,0.127753350021308,-0.00719698299407995,0.00275335002130805,0.00770567975956132,-0.807932392658062,-0.201419540427632,0.13732402596168,0.843916670124076
0.12,0.14,0.113738631841262,0.143421166997485,-0.00626136815873821,0.00342116699748513,0.00713506235739689,-0.873057146963271,-0.207489922365343,0.0889189202396578,0.901778360226186
0.12,0.155,0.115111158580049,0.15906226025513,-0.00488884141995084,0.00406226025512996,0.00635631408992944,-0.92780190243598,-0.212928384800922,0.028988783363206,0.952373928715126
0.12,0.17,0.116817501974432,0.174654222336828,-0.00318249802556841,0.00465422233682794,0.00563826917088701,-0.970948816722457,-0.218579649466433,-0.0391832707013012,0.996031616234665
0.12,0.185,0.118746936859872,0.190173750937514,-0.00125306314012849,0.00517375093751388,0.0053233322267706,-1.00143980080126,-0.224965287140884,-0.112050051499066,1.03250913748788
0.12,0.2,0.120783379455495,0.205597280337167,0.000783379455495275,0.00559728033716705,0.00565183426368192,-1.01840710756009,-0.232252199948385,-0.185906327983132,1.06098418952434
0.12,0.215,0.122807913488354,0.220901655625333,0.00280791348835391,0.00590165562533312,0.00653558851811418,-1.0211967634507,-0.240239545932238,-0.257003994672072,1.08011271269108
0.12,0.23,0.124701449466826,0.236064812626068,0.00470144946682617,0.00606481262606823,0.00767369397868046,-1.0093835303082,-0.248365287982009,-0.321669778731212,1.08813944984937
0.12,0.245,0.126347383765668,0.251066424808044,0.00634738376566819,0.00606642480804376,0.0087801361390537,-0.982776708309041,-0.255731948010396,-0.376418659982244,1.08303962113903
0.12,0.26,0.127634124361762,0.265888480292758,0.0076341243617624,0.00588848029275807,0.0096412683257471,-0.941416766160686,-0.26114959096394,-0.41805658550481,1.06267037064698
0.12,0.275,0.128457361488371,0.28051575752023,0.00845736148837076,0.00551575752022987,0.010097056222828,-0.885563436223184,-0.263192742325004,-0.443767068475499,1.02491474800809
0.12,0.29,0.128721983041353,0.294936176242163,0.00872198304135324,0.00493617624216286,0.0100219171852169,-0.815676467796488,-0.260267005622854,-0.451177713511175,0.967807115973058
0.12,0.305,0.128343563239983,0.309141010390888,0.00834356323998259,0.00414101039088804,0.0093146666390715,-0.732390634356162,-0.25068067981889,-0.438404432020526,0.889635426068044
0.12,0.32,0.127249385573762,0.323124959854986,0.00724938557376165,0.00312495985498623,0.00789423620702719,-0.63648681347393,-0.232716690999244,-0.404072862327121,0.789022964542502
0.12,0.335,0.125378993613259,0.336886087985529,0.00537899361325883,0.00188608798552853,0.0057000789626666,-0.52886100168145,-0.204700597270101,-0.347318120565068,0.665004612716384
0.12,0.35,0.1226842927898,0.350425639960088,0.00268429278980037,0.00042563996008832,0.00271782949373176,-0.410493002448154,-0.165061192157214,-0.267765313233773,0.517155470761666
0.14,0.05,0.138670563655981,0.0494170482341955,-0.00132943634401939,-0.000582951765804529,0.00145163141122471,-0.308347999787834,-0.0875366726983232,0.0296375383304731,0.321900317296569
0.14,0.065,0.136195624116726,0.0650871794774839,-0.0038043758832742,8.71794774838786e-05,0.00380537463629177,-0.414112330562598,-0.125991761667472,0.0765633675849871,0.439574616370251
0.14,0.08,0.13449443309273,0.0807993614974824,-0.00550556690726972,0.000799361497482443,0.00556329450722149,-0.515647155507252,-0.1566180773981,0.103540817344225,0.548766083218726
0.14,0.095,0.133521828375331,0.0965406512142514,-0.00647817162466921,0.0015406512142514,0.00665885228569035,-0.611406981545303,-0.180773820870571,0.111604367940068,0.647269389046496
0.14,0.11,0.133220218242621,0.112295653567363,-0.00677978175737939,0.00229565356736339,0.00715789535960415,-0.699829732386089,-0.199795811925686,0.102255219068252,0.734944594319798
0.14,0.125,0.133519704115233,0.128046655991391,-0.00648029588476701,0.00304665599139098,0.0071607504832948,-0.779375211702431,-0.214939629707805,0.0774525427881419,0.812178986876232
0.14,0.14,0.134338639094012,0.143773877127177,-0.00566136090598846,0.00377387712717692,0.00680390739787686,-0.84856595614077,-0.227319312947276,0.0395848282893018,0.879386371961831
0.14,0.155,0.135584643468313,0.159455830931217,-0.00441535653168712,0.00445583093121749,0.00627294209996447,-0.906028526512075,-0.237850450508791,-0.00857904055382148,0.936778349588239
0.14,0.17,0.137156069807255,0.175069798784828,-0.00284393019274459,0.00506979878482788,0.00581298534832547,-0.950533067249459,-0.247200615592466,-0.0639578710313422,0.984243713538237
0.14,0.185,0.138943878910361,0.190592393129563,-0.00105612108963897,0.00559239312956328,0.00569124350837027,-0.981028920802441,-0.255750836646866,-0.123242774782827,1.02129458640087
0.14,0.2,0.140833856801874,0.206000187703615,0.000833856801874104,0.00600018770361477,0.00605785190019049,-0.996674239492314,-0.2635711411341,-0.182994271642037,1.04706575778431
0.14,0.215,0.142709075515002,0.221270382356935,0.00270907551500228,0.00627038235693533,0.00683057721193098,-0.996857896402734,-0.270412207535458,-0.239746733490574,1.06035796525306
0.14,0.23,0.144452480053072,0.236381466174367,0.00445248005307211,0.00638146617436697,0.00778123956433644,-0.981212515086655,-0.27571391409986,-0.290114347626513,1.05971435288043
0.14,0.245,0.145949473048142,0.251313841365311,0.00594947304814179,0.0063138413653106,0.00867529955314932,-0.949618071776866,-0.278630227069338,-0.330892640594881,1.04351776477023
0.14,0.26,0.147090368909929,0.266050372699809,0.00709036890992946,0.00605037269980918,0.00932096245489116,-0.902196193396415,-0.278068585090204,-0.359150017642698,1.0100966636487
0.14,0.275,0.147772600316981,0.280576832867868,0.00777260031698049,0.00557683286786836,0.00956631488733577,-0.83929590874979,-0.272740862027068,-0.372304675110669,0.957829492826019
0.14,0.29,0.14790258061468,0.294882222198458,0.00790258061467991,0.00488222219845841,0.00928907282599479,-0.761472137577744,-0.261222243838421,-0.368183526258101,0.885240969969514
0.14,0.305,0.14739715315756,0.308958951006551,0.00739715315755962,0.00395895100655097,0.00838994445206077,-0.669458580784615,-0.242014000689637,-0.345061256865696,0.791089616224389
0.14,0.32,0.146184589866841,0.322802882881549,0.00618458986684148,0.00280288288154912,0.00679008867900261,-0.564136867238848,-0.213606176731518,-0.301679141487911,0.674457975656784
0.14,0.335,0.144205132469552,0.336413246783032,0.00420513246955162,0.0014132467830324,0.00443626031204535,-0.446503840128529,-0.174536614307883,-0.237244628142928,0.53489793476622
0.14,0.35,0.141411098331632,0.349792433680512,0.00141109833163189,-0.000207566319487484,0.0014262826783355,-0.317638726987296,-0.123443384183888,-0.151413821024081,0.372906511146981
0.16,0.05,0.15991767307757,0.0489852906814461,-8.23269224300149e-05,-0.00101470931855391,0.00101804357633499,-0.187327157267349,-0.0394663090978155,-0.056478196614678,0.199596794524692
0.16,0.065,0.15737482948565,0.064788375679506,-0.00262517051435002,-0.000211624320493986,0.0026336865953331,-0.300417315521595,-0.0869064941536903,-0.00570846292351932,0.31278767834047
0.16,0.08,0.155591715772355,0.0806194785981278,-0.00440828422764519,0.000619478598127776,0.0044515978665243,-0.408403958885469,-0.126343120130992,0.0267256054272697,0.428335721275182
0.16,0.095,0.154523194802514,0.0964645446414013,-0.0054768051974862,0.00146454464140128,0.00566924035280469,-0.509682788386934,-0.158914128794039,0.0418677854981332,0.535523336893425
0.16,0.11,0.154112015310557,0.112307198062648,-0.00588798468944329,0.00230719806264806,0.00632388540403806,-0.602646603231808,-0.185728822527703,0.0411842450115781,0.631963855671701
0.16,0.125,0.154288954792347,0.128128905413132,-0.0057110452076527,0.00312890541313193,0.00651199558109334,-0.685724699538679,-0.207816584699232,0.0265518155382334,0.71702008684598
0.16,0.14,0.154973383858417,0.143909248880307,-0.00502661614158287,0.00390924888030653,0.00636781725891999,-0.757424047283219,-0.226076001885151,0.000228630377828072,0.790450193365385
0.16,0.155,0.156074270936387,0.159626309239196,-0.00392572906361348,0.00462630923919588,0.00606746123659383,-0.816370288146652,-0.24122762694339,-0.0351929194942563,0.851999491193437
0.16,0.17,0.157491618910449,0.175257149683499,-0.00250838108955071,0.005257149683499,0.00582491188646912,-0.861346426034064,-0.253773650145591,-0.0768496924777693,0.901244336183202
0.16,0.185,0.159118295471187,0.190778383290844,-0.000881704528813192,0.00577838329084385,0.00584526443645051,-0.891327095840822,-0.263967461757212,-0.121685259621896,0.937533853710912
0.16,0.2,0.160842189208221,0.206166798787096,0.000842189208221254,0.00616679878709575,0.00622404128705538,-0.905506483924055,-0.271795486224779,-0.166537667265548,0.95998496462545
0.16,0.215,0.162548597714492,0.221400013085178,0.002548597714492,0.00640001308517796,0.00688879654226796,-0.903318356070906,-0.276972803906601,-0.208232946622473,0.967512888665238
0.16,0.23,0.164122734612888,0.236457115154131,0.00412273461288847,0.00645711515413061,0.00766102322160766,-0.884447165909211,-0.278953029317675,-0.243679314363748,0.958886150952789
0.16,0.245,0.165452232319669,0.251319265147187,0.00545223231966852,0.00631926514718667,0.00834625360674393,-0.848829831255235,-0.276951809639335,-0.269956949327202,0.932797062726138
0.16,0.26,0.166429517746139,0.265970215306095,0.00642951774613866,0.00597021530609526,0.00877394832723821,-0.796648403001761,-0.26998226834457,-0.284398623794544,0.88794000943324
0.16,0.275,0.166953948762195,0.280396724835812,0.00695394876219464,0.00539672483581188,0.00880238844522878,-0.728314442089746,-0.256899864691103,-0.284657273375108,0.823092267827674
0.16,0.29,0.166933618997662,0.294588849058817,0.00693361899766212,0.00458884905881746,0.00831460210048268,-0.644446411004751,-0.236453559521913,-0.268757680513114,0.737197158578108
0.16,0.305,0.166286764783611,0.3085400926112,0.00628676478361115,0.00354009261120036,0.00721496134018255,-0.545841720666923,-0.207339914468209,-0.235130709729706,0.629462834508876
0.16,0.32,0.164942737734349,0.322247426267605,0.0049427377343487,0.00224742626760488,0.00542969438724454,-0.433445253444183,-0.168256812411215,-0.182629808699668,0.499540158945975
0.16,0.335,0.162842536356298,0.335711176091247,0.00284253635629833,0.00071117609124699,0.00293015091243423,-0.308316185769168,-0.117953824350808,-0.110530653022163,0.348122640985113
0.16,0.35,0.159938917222118,0.348934801099956,-6.10827778815271e-05,-0.00106519890004364,0.0010669488283924,-0.171594802300495,-0.0552767982497682,-0.018515762576627,0.18122682319646
0.18,0.05,0.181277009807535,0.0483536675710442,0.00127700980753465,-0.00164633242895579,0.00208354613943899,-0.0121869321321622,0.0326603336469933,-0.135055533607187,0.139481989788719
0.18,0.065,0.178654567983173,0.0642816303605968,-0.00134543201682724,-0.000718369639403194,0.00152520236385868,-0.130109382025758,-0.0232519685613952,-0.0796637546203056,0.154322498462068
0.18,0.08,0.176776604474472,0.0802237141735267,-0.00322339552552769,0.000223714173526679,0.00323114944647082,-0.242201457614978,-0.0709366923218596,-0.0409854207585534,0.255682368552518
0.18,0.095,0.175598067384159,0.0961648435751431,-0.00440193261584124,0.00116484357514313,0.00455344609158372,-0.346837532147159,-0.111318645825897,-0.0179828271193683,0.36470802815051
0.18,0.11,0.175062134074327,0.112087758882334,-0.00493786592567282,0.00208775888233353,0.00536108730116226,-0.442401631621454,-0.145289612501127,-0.0092402588208209,0.465741185583508
0.18,0.125,0.175100374116845,0.127973205876606,-0.00489962588315533,0.00297320587660627,0.00573116802925649,-0.527326546641181,-0.173665334969807,-0.0129779327438221,0.555341135261639
0.18,0.14,0.175633318062981,0.143800231020236,-0.00436668193701915,0.00380023102023591,0.00578875348812269,-0.600134124907805,-0.197143518566122,-0.0270813299088128,0.632268922199132
0.18,0.155,0.176571448657351,0.15954658012826,-0.00342855134264905,0.00454658012826026,0.00569441438357551,-0.659474852840237,-0.216265532434015,-0.0491457237006606,0.69577231415948
0.18,0.17,0.17781660518491,0.175189190697681,-0.00218339481508956,0.00518919069768131,0.00562982353324349,-0.704164715331817,-0.231384447527478,-0.0765346328576644,0.745152390529558
0.18,0.185,0.179263763218214,0.190704759846676,-0.000736236781786023,0.00570475984667568,0.00575207175781889,-0.733217373375043,-0.242641760440023,-0.106449874130301,0.77963048591743
0.18,0.2,0.180803124055317,0.20607036259566,0.000803124055316737,0.0060703625956598,0.00612325977654173,-0.745869916655199,-0.249954618535337,-0.136009951750587,0.798315890570234
0.18,0.215,0.182322423810575,0.221264089407806,0.00232242381057471,0.00626408940780615,0.00668075358510652,-0.741600824042958,-0.25301462830174,-0.162332828260471,0.800219057770804
0.18,0.23,0.183709354004509,0.236265668704605,0.0037093540045091,0.00626566870460521,0.00728133994856969,-0.720139264773969,-0.251298470390917,-0.182618745141328,0.784289928868366
0.18,0.245,0.184853976117967,0.251057039845501,0.00485397611796666,0.00605703984550093,0.00776201106954742,-0.681465444308458,-0.244089654284367,-0.194228766518136,0.749471636626332
0.18,0.26,0.185651013070665,0.2656228448567,0.00565101307066476,0.00562284485670012,0.00797184627343898,-0.625802287143304,-0.230509924788341,-0.194755082579697,0.694765273160094
0.18,0.275,0.18600191071064,0.279950813067079,0.00600191071063974,0.00495081306707928,0.00778032661291639,-0.553599280283374,-0.209558165847252,-0.18207980441559,0.619308951502545
0.18,0.29,0.185816581178586,0.294032020641008,0.00581658117858633,0.00403202064100822,0.00707741528077878,-0.465509744207576,-0.180154207091602,-0.154419909351367,0.522496182395889
0.18,0.305,0.185014764777844,0.30786101628994,0.00501476477784438,0.00286101628994023,0.0057734980720887,-0.362363097715064,-0.141184750887318,-0.110357048940235,0.404251783721872
0.18,0.32,0.183526975254168,0.321435813837709,0.00352697525416809,0.00143581383770924,0.00380803306446667,-0.245133829940047,-0.0915487034233454,-0.0488519973138891,0.2661924205823
0.18,0.335,0.181295021633597,0.334757761013444,0.00129502163359718,-0.000242238986556453,0.0013174827354059,-0.114908902258592,-0.0301994831204573,0.0307555132341072,0.122727225799104
0.18,0.35,0.178272125784851,0.347831300965673,-0.00172787421514886,-0.00216869903432676,0.00277286941720416,0.0271448315275679,0.0438176707184768,0.128760027877425,0.138693851049047
0.2,0.05,0.202735630907918,0.0474991887516352,0.00273563090791784,-0.00250081124836476,0.00370644484166474,0.215748692103484,0.132845602967376,-0.203142426706181,0.324750027308549
0.2,0.065,0.200022165987669,0.0635434831510254,2.21659876694646e-05,-0.00145651684897463,0.00145668550564504,0.095260213954547,0.0692886859595328,-0.142487936703032,0.184873665311742
0.2,0.08,0.198036829537744,0.0795882054732016,-0.00196317046225564,-0.000411794526798404,0.00200589456257654,-0.0188225374442847,0.0142148501453858,-0.0969548560662149,0.0997827465595135
0.2,0.095,0.196734718480485,0.0956173569467757,-0.00326528151951549,0.000617356946775671,0.00332313000068032,-0.124884821713777,-0.0331011656518451,-0.0655258153831264,0.144863900002206
0.2,0.11,0.196059526519683,0.111612895627695,-0.00394047348031693,0.00161289562769468,0.00425778857564788,-0.221332506530561,-0.0733498204016764,-0.0468485715282914,0.237830074778514
0.2,0.125,0.195943726576745,0.12755495005045,-0.00405627342325506,0.00255495005044992,0.0047938631441145,-0.306629903554137,-0.107151425767599,-0.0392514139705542,0.327176237167397
0.2,0.14,0.196309142333847,0.143422133340981,-0.00369085766615319,0.00342213334098113,0.00503323225325997,-0.379338245362296,-0.135022230896988,-0.0407718233656907,0.404711662575596
0.2,0.155,0.197067923382845,0.159191954497348,-0.00293207661715547,0.00419195449734788,0.00511561880877622,-0.438153024176326,-0.157344103225936,-0.0491980096239338,0.468141968625602
0.2,0.17,0.198123913707751,0.174841315870726,-0.00187608629224893,0.00484131587072578,0.00519211316672756,-0.481938348802326,-0.174339890686308,-0.062122070295397,0.516255677253865
0.2,0.185,0.199374376506709,0.19034707847243,-0.000625623493290602,0.0053470784724301,0.00538355393264362,-0.509756554195953,-0.186056272201752,-0.0770026467050701,0.548087930259202
0.2,0.2,0.200712012031254,0.205686669846749,0.000712012031253862,0.00568666984674893,0.00573107102368953,-0.520891523866994,-0.192355439820167,-0.0912342184693048,0.562720910234932
0.2,0.215,0.202027182392877,0.220838704218512,0.00202718239287678,0.0058387042185119,0.00618060963055088,-0.514864546022803,-0.192916348155892,-0.10221963901439,0.559243735535418
0.2,0.23,0.203210240370934,0.235783581884596,0.00321024037093431,0.00578358188459649,0.0066147912026767,-0.491441989576244,-0.187245575200647,-0.107442256916931,0.536770044260985
0.2,0.245,0.204153850616845,0.250504034957949,0.00415385061684451,0.00550403495794916,0.00689556928508342,-0.450634599240167,-0.174697133382203,-0.104533999656791,0.494489135649773
0.2,0.26,0.204755192221208,0.264985589698794,0.00475519222120806,0.00498558969879448,0.00688969939150927,-0.392688738857372,-0.15449993379242,-0.0913361345082198,0.431761330823732
0.2,0.275,0.204917941252994,0.279216921392661,0.0049179412529939,0.00421692139266105,0.00647831553721966,-0.318070379883344,-0.125791096427945,-0.065950009310332,0.348341705785717
0.2,0.29,0.20455394951806,0.293190085507703,0.00455394951805961,0.00319008550770256,0.00556013504867366,-0.227443019310346,-0.0876529714259556,-0.0267758493462256,0.245215024669962
0.2,0.305,0.203584559216889,0.306900617774488,0.0035845592168893,0.00190061777448813,0.00405726665429896,-0.121640976962027,-0.0391516094263362,0.0274614397001981,0.130703916830009
0.2,0.32,0.201941519735588,0.320347504822545,0.0019415197355884,0.000347504822545475,0.00197237381988598,-0.00163964352538676,0.020625515291093,0.0976996414574868,0.0998665248071834
0.2,0.335,0.199567499566469,0.333533035275591,-0.00043250043353138,-0.00146696472440877,0.0015293927316633,0.131475741231262,0.0925344816421853,0.184539146194555,0.244751482925494
0.2,0.35,0.196416210995605,0.346462547944804,-0.00358378900439454,-0.00353745205519551,0.00503558444183257,0.276541316709137,0.177344184808797,0.288254133269649,0.437055409884678
