target_x,target_y,gaze_x,gaze_y,error_px_x,error_px_y,error_px_xy,error_deg_x,error_deg_y,error_deg_z,error_deg_xyz
-0.2,0.05,-0.19712439361205,0.0525849418106087,0.00287560638794959,0.00258494181060868,0.00386665698797416,-0.223586772344436,0.137067540406325,-0.208409365730337,0.334982594718741
-0.2,0.065,-0.200009970624601,0.0664332773271986,-9.97062460147968e-06,0.00143327732719863,0.00143331200721147,-0.0992529401020653,0.0709735295461599,-0.143487388282808,0.18835352548426
-0.2,0.08,-0.20211191884477,0.080307946203188,-0.00211191884476963,0.000307946203187984,0.00213425211044783,0.0194457531645838,0.0133411655164322,-0.0939643465250527,0.0968784014458051
-0.2,0.095,-0.203478609769907,0.0942243627163504,-0.00347860976990672,-0.000775637283649586,0.00356403410857384,0.130617059052101,-0.0364725414029657,-0.0588275800260706,0.147823403712981
-0.2,0.11,-0.20417100087499,0.108199361676064,-0.00417100087499007,-0.00180063832393589,0.00454307678482266,0.232387620581083,-0.0790714019081764,-0.0367398079378592,0.248205968158079
-0.2,0.125,-0.204262417404622,0.122250960578393,-0.00426241740462151,-0.00274903942160652,0.00507202325238825,0.322946805768994,-0.114988635902447,-0.0260558824795599,0.343796872281044
-0.2,0.14,-0.203837897316062,0.136398045508422,-0.0038378973160621,-0.00360195449157784,0.00526341447807737,0.400591290479534,-0.144657438966623,-0.0248520711856451,0.426635234253277
-0.2,0.155,-0.20299308489045,0.150659987113099,-0.00299308489044961,-0.00434001288690082,0.0052720270314086,0.463768404080552,-0.168385432651276,-0.0309673350615507,0.494363508563493
-0.2,0.17,-0.201832686765848,0.165056198717123,-0.00183268676584789,-0.00494380128287665,0.00527256217661649,0.511116185003726,-0.186334762704235,-0.0420552512546502,0.545647590227413
-0.2,0.185,-0.200468534429004,0.179605654373343,-0.000468534429003822,-0.00539434562665662,0.00541465504450573,0.541498187442259,-0.19850930053415,-0.05564445772166,0.579418153171394
-0.2,0.2,-0.199017326810287,0.194326389296643,0.000982673189712974,-0.00567361070335672,0.00575808171277766,0.554031327398015,-0.204749944137855,-0.0692048582486771,0.594698023262421
-0.2,0.215,-0.197598152104784,0.209235008258469,0.00240184789521625,-0.00576499174153079,0.00624531849401397,0.54810544739271,-0.204738450428374,-0.0802163895112258,0.590571902133628
-0.2,0.23,-0.19632990620206,0.224346228642301,0.00367009379794024,-0.00565377135769886,0.00674052809880765,0.52339377350482,-0.198009616215336,-0.0862369660817587,0.566205151455516
-0.2,0.245,-0.195328734171037,0.239672483498968,0.00467126582896268,-0.00532751650103173,0.00708541858421927,0.47985399223439,-0.183971026272829,-0.0849663099489048,0.520889945159973
-0.2,0.26,-0.194705619605292,0.255223606498297,0.00529438039470832,-0.00477639350170338,0.00713052583243242,0.417720231682227,-0.161929065702057,-0.0743027152158628,0.454129042710179
-0.2,0.275,-0.194564234721501,0.27100661509869,0.00543576527849876,-0.00399338490131047,0.00674497347162664,0.337486742524109,-0.131119503097056,-0.0523903673731307,0.365834430792393
-0.2,0.29,-0.194999143251331,0.287025601470714,0.00500085674866854,-0.00297439852928601,0.00581855779654396,0.239884491807765,-0.0907407223024039,-0.0176555480555985,0.257080293581896
-0.2,0.305,-0.196094420955014,0.303281733238034,0.00390557904498595,-0.00171826676196583,0.00426684758831505,0.125852179363726,-0.0399876267761961,0.0311691544833868,0.135680898209862
-0.2,0.32,-0.197922728101218,0.319773358869459,0.00207727189878201,-0.000226641130541064,0.00208959918250423,-0.00349665234024821,0.0219156491232098,0.0950327298358569,0.0975896730963727
-0.2,0.335,-0.200544837602429,0.336496206126871,-0.000544837602428516,0.00149620612687097,0.00159231931066174,-0.146908715137934,0.0956858413514293,0.174565125774029,0.247408627715357
-0.2,0.35,-0.204009594630728,0.353443657069147,-0.00400959463072834,0.00344365706914747,0.00528541607753399,-0.303026670808797,0.181954745951639,0.270086945582826,0.444837773748975
-0.18,0.05,-0.178690811930248,0.0516844436896664,0.00130918806975247,0.00168444368966639,0.00213338321584265,0.011206379130709,0.031320146818063,-0.128904602236861,0.13312752901652
-0.18,0.065,-0.181481757435185,0.065651663839399,-0.00148175743518511,0.000651663839398964,0.00161872507125409,0.133953033865639,-0.0270183126208679,-0.0694319199203521,0.15327821115037
-0.18,0.08,-0.183470756511281,0.0796321148765837,-0.00347075651128062,-0.000367885123416262,0.00349019916689977,0.251710750540001,-0.0771605085408657,-0.0269239760795536,0.264645179477882
-0.18,0.095,-0.184706315364634,0.0936403010507434,-0.00470631536463426,-0.00135969894925664,0.00489879429492626,0.362557085067223,-0.119950610794025,-0.00034246043502978,0.381885383500173
-0.18,0.11,-0.185249939579273,0.107692271808453,-0.00524993957927292,-0.00230772819154748,0.0057347602384127,0.464576034207358,-0.15619425896791,0.0117187092163596,0.490271692908264
-0.18,0.125,-0.185175937679705,0.121805405960805,-0.0051759376797051,-0.0031945940391947,0.00608241415389065,0.555903833674222,-0.186619444221454,0.0110178255885697,0.586498325073738
-0.18,0.14,-0.184570768960743,0.135998115528769,-0.00457076896074297,-0.00400188447123076,0.00607511384367152,0.634776130684848,-0.211839055149457,-0.000364844465835727,0.669194848483718
-0.18,0.155,-0.183531918456623,0.150289474188599,-0.00353191845662304,-0.00471052581140116,0.00588757177485855,0.699574382141701,-0.232317500376898,-0.020071583939096,0.737418545967471
-0.18,0.17,-0.182166311985573,0.164698781677909,-0.0021663119855732,-0.00530121832209052,0.00572676377348554,0.748869213641386,-0.248343711447225,-0.0455246505885156,0.790292410406335
-0.18,0.185,-0.180588316124255,0.179245081368685,-0.000588316124254674,-0.0057549186313148,0.00578491178110024,0.78145853340521,-0.260012496858994,-0.0739942518317574,0.826904441666868
-0.18,0.2,-0.178917399598376,0.193946653543747,0.0010826004016235,-0.00605334645625288,0.00614939240486609,0.796398439804272,-0.267215682017277,-0.102673894571951,0.846291702343065
-0.18,0.215,-0.177275559776217,0.208820510472078,0.00272444022378275,-0.00617948952792227,0.00675341879041026,0.793025372247146,-0.269643776991942,-0.12875934696753,0.847460364969149
-0.18,0.23,-0.175784637609641,0.223881920915158,0.00421536239035902,-0.00611807908484152,0.00742968180815495,0.770968499569286,-0.266798137168049,-0.149527169822129,0.829423933544564
-0.18,0.245,-0.174563654193289,0.239143990786597,0.00543634580671058,-0.00585600921340312,0.00799041298291909,0.730151959177309,-0.258012804290969,-0.162408831272053,0.791251584062727
-0.18,0.26,-0.17372630054518,0.254617323283884,0.00627369945481969,-0.00538267671611561,0.00826634825540383,0.670787195475842,-0.242484523566409,-0.165056811313296,0.732123794036924
-0.18,0.275,-0.17337869968866,0.270309776392009,0.00662130031134009,-0.00469022360799146,0.0081141737290936,0.59335623257744,-0.219308897422947,-0.155399766578682,0.651399776760688
-0.18,0.29,-0.173617537954814,0.286226328691199,0.00638246204518586,-0.00377367130880124,0.00741460834468738,0.498587199069033,-0.187520307028158,-0.131684695312892,0.548722353247775
-0.18,0.305,-0.174528633656408,0.302369056720982,0.00547136634359219,-0.00263094327901822,0.00607105527920843,0.387423768057922,-0.146133129213474,-0.0925050038358091,0.424275931206962
-0.18,0.32,-0.17618597891501,0.318737219614779,0.00381402108498968,-0.00126278038522104,0.00401763252899576,0.260990363234528,-0.0941818885654221,-0.0368143347284779,0.279895782163616
-0.18,0.335,-0.178651258033636,0.335327439975778,0.001348741966364,0.000327439975777888,0.00138791996511646,0.120555013681769,-0.0307582779596266,0.0360731177637559,0.129540958626346
-0.18,0.35,-0.181973816549304,0.352133964762373,-0.00197381654930351,0.00213396476237285,0.00290684663808626,-0.032508363276303,0.044956595107691,0.12649437637259,0.138125760165038
-0.16,0.05,-0.16015213448258,0.0510098414326354,-0.000152134482579808,0.0010098414326354,0.00102123680890229,0.191221637025636,-0.0445715783075794,-0.0419292321635563,0.200774604513995
-0.16,0.065,-0.162861065451422,0.0651042201821383,-0.00286106545142195,0.000104220182138293,0.00286296303917554,0.309904794458562,-0.0942339499184258,0.0126241248948845,0.324161484097839
-0.16,0.08,-0.16475093586822,0.079198462150062,-0.00475093586821954,-0.000801537849937986,0.00481807581393424,0.424407411360479,-0.135937020832112,0.0486152065948209,0.448291186590255
-0.16,0.095,-0.165870311521213,0.0933060649647343,-0.00587031152121326,-0.00169393503526567,0.00610982595986085,0.532810933094027,-0.170742499995375,0.0670943237079243,0.563511046619656
-0.16,0.11,-0.166281143837094,0.107442193415989,-0.00628114383709394,-0.00255780658401114,0.00678197186837825,0.633188966160384,-0.199676902116243,0.0695242458295857,0.66756107891632
-0.16,0.125,-0.166058596118826,0.121623488334097,-0.00605859611882568,-0.00337651166590298,0.00693595112158589,0.723654038043303,-0.223684000330904,0.0577665871535679,0.759641448493726
-0.16,0.14,-0.165290396162689,0.135867791232625,-0.00529039616268917,-0.00413220876737491,0.00671293086925274,0.802406430205756,-0.243578412684442,0.0340512412049715,0.839260748054582
-0.16,0.155,-0.164075695825984,0.150193788428846,-0.00407569582598376,-0.00480621157115414,0.00630166375909072,0.867782824907945,-0.260003303730087,0.000929035515519659,0.905906567266897
-0.16,0.17,-0.162523449199199,0.164620584772092,-0.00252344919919853,-0.00537941522790832,0.00594187714911606,0.918302331810105,-0.273395129248542,-0.0387910248364095,0.958931841892378
-0.16,0.185,-0.160750355178599,0.179167223702697,-0.000750355178599386,-0.00583277629730304,0.00588084281616429,0.952707473798706,-0.28395801117749,-0.0821173702408991,0.997522971759473
-0.16,0.2,-0.158878443326935,0.193852175906978,0.00112155667306508,-0.00614782409302166,0.00624929039568769,0.969997935912801,-0.291649717662637,-0.125960742165745,1.02071015262561
-0.16,0.215,-0.157032411083881,0.20869282308191,0.00296758891611894,-0.0063071769180905,0.0069704422134586,0.969455299687079,-0.296180391451256,-0.167223963855751,1.02740378623976
-0.16,0.23,-0.155336841272839,0.223704965279213,0.00466315872716123,-0.00629503472078745,0.00783406098078254,0.950657564084296,-0.297024206367703,-0.202891837415521,1.01644742964079
-0.16,0.245,-0.153913439499934,0.23890237974049,0.0060865605000663,-0.00609762025951018,0.00861552038765833,0.913482929046835,-0.293443143500115,-0.230116406725789,0.986680069529315
-0.16,0.26,-0.152878429547116,0.254296456083503,0.00712157045288427,-0.00570354391649718,0.00912398920005971,0.858103023136741,-0.284521179781085,-0.24629325334727,0.937002152640954
-0.16,0.275,-0.152340231756004,0.269895927229226,0.00765976824399581,-0.00510407277077403,0.00920454281325713,0.784966414371555,-0.26920646856878,-0.24912526905352,0.866442208363431
-0.16,0.29,-0.15239752607328,0.285706708540169,0.00760247392671951,-0.00429329145983143,0.0087309771140183,0.694773791359577,-0.246358634600775,-0.236671385227715,0.774225847906856
-0.16,0.305,-0.153137771049418,0.301731849708395,0.00686222895058183,-0.00326815029160531,0.00760072315630054,0.588446596128576,-0.214798135809401,-0.207378902854843,0.659862453585214
-0.16,0.32,-0.15463621599064,0.317971596133297,0.00536378400935961,-0.00202840386670307,0.00573450966914502,0.467091106652616,-0.173354753336368,-0.160099231695061,0.523316004188567
-0.16,0.335,-0.156955409447228,0.334423549489975,0.00304459055277204,-0.000576450510025334,0.0030986814654845,0.331960007995416,-0.120912617629584,-0.0940879005892233,0.365609483761706
-0.16,0.35,-0.160145176433562,0.351082911659939,-0.000145176433562072,0.00108291165993907,0.00109259958818123,0.18441337568963,-0.056449695692319,-0.00899054953741528,0.193069227297596
-0.14,0.05,-0.141494122585115,0.0505385893621142,-0.00149412258511511,0.00053858936211415,0.00158823197308629,0.314812408909676,-0.0947282231486134,0.0497362842625162,0.332497063590308
-0.14,0.065,-0.144133961230233,0.0647679257603421,-0.00413396123023305,-0.000232074239657917,0.00414047025176884,0.426680081812606,-0.135112532770028,0.100044174096929,0.458607946282945
-0.14,0.08,-0.145938980142799,0.0789835546203106,-0.00593898014279912,-0.00101644537968945,0.00602533371245562,0.535333153000814,-0.167726643867405,0.13020042439317,0.575906897598049
-0.14,0.095,-0.146957733179051,0.0931978762447251,-0.00695773317905127,-0.00180212375527487,0.00718732919937558,0.638897235552602,-0.193859739085731,0.141252450845109,0.68244343130234
-0.14,0.11,-0.147252514562496,0.107425076277456,-0.00725251456249579,-0.00257492372254377,0.00769605091304184,0.73547451321309,-0.214772175694522,0.134705057312879,0.777948968248696
-0.14,0.125,-0.146899208170072,0.121680961717976,-0.00689920817007209,-0.00331903828202351,0.00765604914375078,0.82319018457762,-0.23163905202947,0.11250955255267,0.862537639772332
-0.14,0.14,-0.145986646747869,0.135982709171424,-0.00598664674786867,-0.00401729082857591,0.00720961613992913,0.90024170981351,-0.245494137519753,0.0770335848612821,0.936299198726464
-0.14,0.155,-0.144615459262853,0.150348527638793,-0.00461545926285332,-0.00465147236120665,0.00655275967315512,0.96494856571424,-0.257177759613056,0.0310115739251018,0.99912619230522
-0.14,0.17,-0.142896416853315,0.164797244718378,-0.00289641685331506,-0.00520275528162194,0.00595465306366479,1.01579997381409,-0.267292270341977,-0.0225229723013362,1.05063455042232
-0.14,0.185,-0.140948323730722,0.179347832093154,-0.000948323730721647,-0.00565216790684581,0.00573117090527124,1.05149802462741,-0.276168386877845,-0.0803205416260827,1.09013958451923
-0.14,0.2,-0.138895534237168,0.194018892310437,0.00110446576283228,-0.00598110768956348,0.00608222770170799,1.07099380786402,-0.283845021158508,-0.139010101870912,1.11667318917181
-0.14,0.215,-0.136865207997049,0.208828133449867,0.00313479200295063,-0.00617186655013288,0.00692234480609081,1.07351456431277,-0.290064238067692,-0.195199997303984,1.12903280205219
-0.14,0.23,-0.134984437374957,0.223791860912938,0.00501556262504327,-0.00620813908706216,0.00798103122221934,1.05858046665507,-0.294281813056097,-0.245579712995813,1.12585281886384
-0.14,0.245,-0.133377392801821,0.238924515352217,0.00662260719817942,-0.00607548464778322,0.00898723760711975,1.02601034888187,-0.295692632699933,-0.28701690524514,1.10568893146764
-0.14,0.26,-0.13216263019217,0.25423828299095,0.00783736980782961,-0.00576171700904991,0.0097273710938287,0.975916461363917,-0.293269040465785,-0.316644546394189,1.06710653350612
-0.14,0.275,-0.131450691016546,0.26974279936278,0.00854930898345449,-0.00525720063721966,0.010036375971164,0.908689047607477,-0.285809305041746,-0.331933924819546,1.0087661577051
-0.14,0.29,-0.131342101189587,0.285444960428573,0.00865789881041334,-0.00455503957142682,0.00978302597914475,0.824972144040059,-0.271992774740097,-0.330750458018229,0.929501975126079
-0.14,0.305,-0.131925843061444,0.301348847063208,0.00807415693855612,-0.00365115293679212,0.00886131638281129,0.725632445833656,-0.250438026259205,-0.311390662399044,0.828394682653909
-0.14,0.32,-0.133278339103,0.317455760807292,0.00672166089700021,-0.00254423919270806,0.00718706325865951,0.611723330068032,-0.219760414622195,-0.272600020556804,0.704852544307904
-0.14,0.335,-0.135462950240564,0.333764361460487,0.00453704975943636,-0.00123563853951349,0.00470229976925468,0.484446181147392,-0.178625832402466,-0.213572745467857,0.558758518887733
-0.14,0.35,-0.138529959726282,0.350270891261817,0.00147004027371794,0.000270891261816897,0.00149479111653819,0.345111047756805,-0.12579811107958,-0.133935461981201,0.390980947365285
-0.12,0.05,-0.122702737540657,0.0502463324000198,-0.00270273754065739,0.000246332400019797,0.00271393991550629,0.382208356574274,-0.124032938148406,0.142856424515414,0.426469454129191
-0.12,0.065,-0.125286633071494,0.0646178473451986,-0.00528663307149402,-0.000382152654801446,0.00530042733033725,0.484320339037561,-0.154943762247512,0.18972231437388,0.542743511719501
-0.12,0.08,-0.127021448962345,0.0789619460699736,-0.00702144896234533,-0.00103805393002643,0.00709776735970288,0.584328761936226,-0.178207667710216,0.214902000040283,0.647599729184095
-0.12,0.095,-0.127955660156938,0.0932898484217851,-0.00795566015693785,-0.00171015157821494,0.00813739190116585,0.680448516425336,-0.195342746381522,0.219424721533029,0.741163841856488
-0.12,0.11,-0.128151800968428,0.107614672931777,-0.00815180096842777,-0.00238532706822299,0.00849362374085744,0.77085487292071,-0.207847781955434,0.204820707296312,0.824245821461608
-0.12,0.125,-0.127686337282925,0.121951302115978,-0.00768633728292455,-0.00304869788402182,0.00826887777240146,0.853728102542721,-0.217136843058711,0.173113763344829,0.897766643880671
-0.12,0.14,-0.126649033957707,0.136316156938925,-0.00664903395770655,-0.00368384306107455,0.0076013388471612,0.927301604611751,-0.224473228617343,0.126792292251505,0.962483540590812
-0.12,0.155,-0.125141793145714,0.15072688109936,-0.00514179314571436,-0.0042731189006404,0.006685625018824,0.98991130422177,-0.230906984945458,0.0687582584432568,1.0188216106313
-0.12,0.17,-0.123276973018223,0.165201942763712,-0.00327697301822298,-0.0047980572362878,0.00581032747827996,1.04004377969755,-0.237220355385604,0.00225523311417974,1.06677200982784
-0.12,0.185,-0.121175233440546,0.179760168521031,-0.00117523344054555,-0.00523983147896935,0.00537001001561214,1.07638047343459,-0.243885232904109,-0.0692216667903,1.10585013990788
-0.12,0.2,-0.118962991838872,0.194420231042026,0.00103700816112752,-0.00557976895797353,0.00567531563444802,1.09783547105553,-0.251035955999618,-0.14202957585625,1.13511070634887
-0.12,0.215,-0.116769604715975,0.209200117112594,0.00323039528402498,-0.00579988288740552,0.00663883236711624,1.10358470339151,-0.258459673023026,-0.212489816938136,1.15321178369576
-0.12,0.23,-0.114724413710279,0.224116605706899,0.00527558628972093,-0.00588339429310078,0.00790228695431786,1.09308500139653,-0.265605117266303,-0.277001640940278,1.15851479697364
-0.12,0.245,-0.11295380725005,0.239184786177567,0.00704619274995014,-0.00581521382243298,0.00913594790210986,1.06608215463931,-0.27160914741281,-0.332151285003711,1.14920469908224
-0.12,0.26,-0.111578447618464,0.254417644159346,0.00842155238153589,-0.00558235584065402,0.0101037241275995,1.02260790772832,-0.275338996183551,-0.374810324385352,1.12341519813268
-0.12,0.275,-0.110710799142141,0.269825737731926,0.00928920085785938,-0.00517426226807377,0.0106330730551646,0.962966587465809,-0.275447002101559,-0.402218294756894,1.07934688957176
-0.12,0.29,-0.110453067805778,0.285416979475771,0.00954693219422198,-0.00458302052422929,0.0105899948747192,0.887712702787122,-0.270433801264384,-0.412045965914048,1.01537044626071
-0.12,0.305,-0.110895629430679,0.301196531851713,0.00910437056932126,-0.00380346814828694,0.00986691103732857,0.797621342907673,-0.258715595723653,-0.402437270977979,0.930111993968813
-0.12,0.32,-0.112115986260083,0.317166815136843,0.00788401373991715,-0.00283318486315666,0.00837762550607405,0.693653478582803,-0.238691191370667,-0.372029535821706,0.822524302147493
-0.12,0.335,-0.114178254837888,0.33332761952076,0.00582174516211234,-0.00167238047924004,0.00605719185761204,0.576918347358666,-0.208804955994381,-0.319953145939015,0.6919610714682
-0.12,0.35,-0.117133154704193,0.349676306840437,0.00286684529580683,-0.000323693159562849,0.00288506138784559,0.448634996203338,-0.167602585001514,-0.245812984016987,0.538321596440604
-0.1,0.05,-0.103764343344432,0.0501070766579028,-0.00376434334443157,0.000107076657902827,0.0037658659330138,0.395811960721486,-0.13785757694595,0.233846423916607,0.4799555362512
-0.1,0.065,-0.106305592179451,0.0646273144047957,-0.00630559217945062,-0.000372685595204314,0.00631659617883094,0.485161508104412,-0.159578132351977,0.278180599557505,0.581579073997156
-0.1,0.08,-0.107985135163394,0.0791063566700797,-0.00798513516339411,-0.000893643329920285,0.00803498487732143,0.573643474244954,-0.173694583464624,0.299400105608896,0.669986702850088
-0.1,0.095,-0.108851306645546,0.0935541688840169,-0.00885130664554559,-0.00144583111598313,0.00896861510766432,0.659609784708953,-0.181945140749412,0.298501378262852,0.746525323882001
-0.1,0.11,-0.108966779724508,0.107982722689804,-0.00896677972450829,-0.00201727731019639,0.00919089475372699,0.741356798791995,-0.186061183038096,0.277022338290958,0.813007462019335
-0.1,0.125,-0.108408460759824,0.122405892374079,-0.00840846075982428,-0.00259410762592058,0.0087995230964163,0.817166455580796,-0.187693248545731,0.237039071854882,0.871316202212366
-0.1,0.14,-0.10726686618112,0.136839257817331,-0.00726686618112016,-0.00316074218266928,0.00792449589813843,0.885351533994264,-0.18833515361398,0.181138812045771,0.923118178341951
-0.1,0.155,-0.105644955059732,0.151299812956581,-0.00564495505973195,-0.00370018704341861,0.00674958530449659,0.944302964047768,-0.189251062351388,0.112368310081595,0.96962525114867
-0.1,0.17,-0.103656425797503,0.165805585908056,-0.00365642579750255,-0.00419441409194367,0.00556440106276837,0.992536756730775,-0.191410609613357,0.0341585058826007,1.01141514822075
-0.1,0.185,-0.101423523630276,0.180375184374797,-0.00142352363027569,-0.00462481562520306,0.00483893987285187,1.02873794905987,-0.195436955115495,-0.0497716588112904,1.04833451197678
-0.1,0.2,-0.099074443833887,0.19502728707199,0.000925556166113035,-0.00497271292800955,0.00505811507194361,1.0517990248003,-0.201571889809792,-0.135527613052323,1.07949739244643
-0.1,0.215,-0.0967404490361645,0.209780107640995,0.00325955096383549,-0.0052198923590054,0.00615401890844055,1.06085057526928,-0.20966087594578,-0.219161554489587,1.10337257361937
-0.1,0.23,-0.094552843797243,0.224650861121151,0.00544715620275698,-0.00534913887884936,0.00763444807713378,1.05528249142865,-0.219159309740379,-0.29679776901385,1.11793582317967
-0.1,0.245,-0.092639962208362,0.239655263848284,0.00736003779163798,-0.0053447361517158,0.00909595299162199,1.03475466852623,-0.229159540103451,-0.364753504402365,1.12085525511372
-0.1,0.26,-0.0911243234045324,0.254807095669168,0.00887567659546759,-0.00519290433083215,0.0102831848381961,0.999196978519148,-0.238436477960135,-0.419648480831188,1.10968008649854
-0.1,0.275,-0.0901200952902027,0.270117848538995,0.00987990470979731,-0.00488215146100501,0.0110203411908556,0.948799032078457,-0.245508197404926,-0.458497217076486,1.08201126131766
-0.1,0.29,-0.0897309805550753,0.285596478723701,0.0102690194449248,-0.00440352127629905,0.0111733504371366,0.883990924079964,-0.24870692503526,-0.47877993941094,1.03564208125094
-0.1,0.305,-0.0900486046810535,0.301249271692313,0.00995139531894654,-0.00375072830768669,0.0106347652363385,0.805416668176943,-0.246255327453891,-0.478489696690803,0.968665285243168
-0.1,0.32,-0.0911514470618956,0.317079820289366,0.00884855293810441,-0.00292017971063421,0.00931795785785898,0.713902339051999,-0.236343049516297,-0.456155206311644,0.87954951587408
-0.1,0.335,-0.0931043180505039,0.333089109008674,0.00689568194949614,-0.00191089099132588,0.00715555266414393,0.610421045029536,-0.217198961187302,-0.410840678532784,0.767194954521069
-0.1,0.35,-0.095958350349237,0.349275690729017,0.00404164965076301,-0.000724309270983325,0.0041060389452056,0.496056770001128,-0.187155422263453,-0.342125259832397,0.630993810344805
-0.08,0.05,-0.0846659141717751,0.0500933942625623,-0.00466591417177512,9.33942625623296e-05,0.0046668487812068,0.36038001182926,-0.141696796170066,0.318923683119912,0.501662893166912
-0.08,0.065,-0.0871778802159947,0.0647681313255909,-0.00717788021599472,-0.000231868674409136,0.0071816242924105,0.434044883063796,-0.155033031040827,0.361713090799127,0.585892099676186
-0.08,0.08,-0.0888172696922573,0.0793878916748256,-0.0088172696922573,-0.000612108325174388,0.00883849090217028,0.508176064870328,-0.160717819660067,0.380118475799103,0.654650936391525
-0.08,0.095,-0.0896322205338371,0.0939613229810159,-0.00963222053383705,-0.00103867701898408,0.0096880608153664,0.581310010693099,-0.160689422949619,0.375090571465469,0.710240674277901
-0.08,0.11,-0.0896854457014416,0.108499179973989,-0.00968544570144156,-0.00150082002601093,0.00980103663833822,0.651912783226174,-0.156894176087802,0.348157143658823,0.755531420620903
-0.08,0.125,-0.0890541488862588,0.123014253462508,-0.00905414888625884,-0.00198574653749223,0.00926934740775771,0.718416049199429,-0.151204758600159,0.30142417676604,0.793631591800543
-0.08,0.14,-0.0878294116514532,0.137521203708107,-0.00782941165145322,-0.00247879629189324,0.00821243677994632,0.779257643362803,-0.145335217325487,0.23755150426636,0.827530918884639
-0.08,0.155,-0.0861150234437839,0.152036295437185,-0.00611502344378388,-0.00296370456281511,0.00679537022197302,0.832924910891709,-0.140758102742614,0.159701518398548,0.859706457042529
-0.08,0.17,-0.0840257617022495,0.166577039042765,-0.00402576170224953,-0.00342296095723457,0.00528426144300708,0.877998643420872,-0.138629517033605,0.0714615730307605,0.891752527294187
-0.08,0.185,-0.0816851687048649,0.181161750293413,-0.00168516870486492,-0.00383824970658742,0.00419189150312535,0.913195172811139,-0.139727739251458,-0.0232571232198141,0.924125896341203
-0.08,0.2,-0.0792229113966927,0.195809048380422,0.000777088603307289,-0.00419095161957783,0.00426238691052703,0.937404190373922,-0.144410340446133,-0.120339243940248,0.956077249089867
-0.08,0.215,-0.0767718449837558,0.210537318391294,0.00322815501624417,-0.00446268160870583,0.00550785910763735,0.949720055842032,-0.152593363296132,-0.215597069877577,0.985778365831427
-0.08,0.23,-0.0744649269754597,0.225364168438905,0.00553507302454028,-0.00463583156109521,0.0072199700587911,0.949464811572889,-0.163754360484767,-0.304906405686119,1.01059057599715
-0.08,0.245,-0.072432141534998,0.240305913011052,0.00756785846500203,-0.00469408698894758,0.00890544408809072,0.936201729577551,-0.17695907399654,-0.384338489754964,1.02739113738104
-0.08,0.26,-0.0707975933002944,0.255377112556298,0.00920240669970565,-0.0046228874437021,0.010298319153334,0.909738939198752,-0.190909552561971,-0.450280114139665,1.0328855057255
-0.08,0.275,-0.0696769150244559,0.270590194847194,0.0103230849755441,-0.00440980515280559,0.0112255273772779,0.870123417460611,-0.204009798037453,-0.499535343105675,1.02386435337055
-0.08,0.29,-0.069175106372544,0.285955176962602,0.010824893627456,-0.00404482303739823,0.0115559039217884,0.817626289382805,-0.214443804943969,-0.529403964168296,0.997392887826557
-0.08,0.305,-0.0693848859109992,0.301479498588586,0.0106151140890008,-0.00352050141141413,0.011183674588894,0.752720909884505,-0.22026022947133,-0.537733892102753,0.950937344506829
-0.08,0.32,-0.0703855985732232,0.317167968821469,0.00961440142677683,-0.00283203117853142,0.0100228297097867,0.676055538901685,-0.219457914778462,-0.522946888831045,0.882440768090138
-0.08,0.335,-0.0722426814919726,0.333022820544542,0.00775731850802738,-0.00197717945545803,0.00800532504237457,0.588422564203964,-0.210067040492345,-0.484038923372273,0.790362486708587
-0.08,0.35,-0.0750076557368792,0.349043859827301,0.00499234426312076,-0.000956140172699349,0.00508308029361767,0.49072618468641,-0.190221619308661,-0.420558079067964,0.673699324525317
-0.06,0.05,-0.0653952411314253,0.0501766593344416,-0.00539524113142534,0.000176659334441553,0.00539813258327999,0.283044103869956,-0.140736016071235,0.394297247137108,0.505363795480101
-0.06,0.065,-0.0678912776757689,0.0650108233494772,-0.00789127767576886,1.08233494771903e-05,0.0078912850981942,0.338356314814132,-0.147021721180201,0.436570144499212,0.571573777099291
-0.06,0.08,-0.0695057290625509,0.079776296370915,-0.0095057290625509,-0.00022370362908497,0.00950836096939376,0.395534444249898,-0.145514851617746,0.453399799877079,0.619029219541252
-0.06,0.095,-0.0702864871907972,0.0944803568492697,-0.0102864871907972,-0.000519643150730276,0.0102996042511611,0.453343286884495,-0.138322292912844,0.445681055994161,0.65060690468609
-0.06,0.11,-0.0702962091805661,0.109132483700078,-0.0102962091805661,-0.00086751629992235,0.0103326912283589,0.51046433423803,-0.127575489464684,0.414914623260519,0.670081043165468
-0.06,0.125,-0.0696122526587242,0.123744318956658,-0.0096122526587242,-0.00125568104334228,0.00969392263522665,0.56552506922813,-0.115342385626743,0.363212909743076,0.681946902383218
-0.06,0.14,-0.0683260738430841,0.138329533113578,-0.00832607384308408,-0.00167046688642214,0.00849199418623928,0.617133072972113,-0.103534686324139,0.293278830611883,0.691079534915448
-0.06,0.155,-0.0665420580928676,0.15290358871433,-0.00654205809286762,-0.00209641128567012,0.00686974994953526,0.663913534200601,-0.093816227679416,0.208355767319697,0.702140271586291
-0.06,0.17,-0.0643757889708025,0.167483405032339,-0.00437578897080251,-0.00251659496766066,0.00504784898231433,0.704548335475283,-0.0875188505155327,0.11214896160181,0.718771223122869
-0.06,0.185,-0.0619518024422499,0.182086934768532,-0.00195180244224989,-0.0029130652314675,0.0035064913826156,0.737814610394671,-0.085572152362352,0.00872100417595249,0.742816785643572
-0.06,0.2,-0.0594009132015977,0.196732671521969,0.000599086798402331,-0.00326732847803124,0.0033217977625638,0.762620560439659,-0.088452772579447,-0.0976335950857995,0.773922113489374
-0.06,0.215,-0.0568572358550869,0.211439113539229,0.0031427641449131,-0.00356088646077105,0.00474940826388445,0.778036423895514,-0.096157470831143,-0.202527758737067,0.809700772058042
-0.06,0.23,-0.0544550503608732,0.226224213917131,0.00554494963912677,-0.0037757860828688,0.00670842955124653,0.7833188117377,-0.10820232730189,-0.301626750386533,0.84633789058269
-0.06,0.245,-0.0523256749266372,0.241104849413305,0.00767432507336284,-0.00389515058669535,0.0086062456056447,0.777927122207369,-0.123648159154463,-0.390789720850338,0.879312945532316
-0.06,0.26,-0.0505945089839231,0.256096338794226,0.00940549101607692,-0.00390366120577418,0.0101834096481959,0.761531356818228,-0.141149999604393,-0.466199327928936,0.903997840643938
-0.06,0.275,-0.0493783939495366,0.271212037671839,0.0106216060504634,-0.003787962328161,0.0112768423634813,0.73401132235081,-0.159026518460285,-0.524472078079739,0.916051794800668
-0.06,0.29,-0.0487834118635856,0.286463030262765,0.0112165881364144,-0.00353696973723497,0.0117610375538924,0.695447823347449,-0.175343814275836,-0.56274391219772,0.911642129549608
-0.06,0.305,-0.0489032059556027,0.301857930437571,0.0110967940443973,-0.00314206956242863,0.0115330585361781,0.646106963464748,-0.188007226963665,-0.578727834388533,0.887548637558056
-0.06,0.32,-0.0498178664961607,0.317402795861809,0.0101821335038393,-0.00259720413819139,0.0105081545489893,0.586419035517432,-0.194854741367948,-0.570742749008175,0.841198936978016
-0.06,0.335,-0.0515933850410585,0.3331011507406,0.00840661495894146,-0.00189884925939973,0.00861839913080273,0.516953666487665,-0.193746106808393,-0.537714848184427,0.770665205847629
-0.06,0.35,-0.0542816439961065,0.34895410580773,0.00571835600389348,-0.00104589419227047,0.0058132168417056,0.438392901931939,-0.182642835230755,-0.479154659630196,0.674641525621887
-0.04,0.05,-0.0459411323851233,0.050327310867334,-0.00594113238512328,0.000327310867333952,0.00595014171439938,0.173137240188023,-0.139395837442252,0.456380461321174,0.507634233080806
-0.04,0.065,-0.0484345070905005,0.0653249117582538,-0.00843450709050053,0.000324911758253832,0.00844076285120932,0.207855545070731,-0.140451431445588,0.499168781323148,0.558661325968606
-0.04,0.08,-0.0500392393640343,0.0802402426267447,-0.0100392393640343,0.000240242626744686,0.0100421134990639,0.245869948101375,-0.133482304633554,0.51570976794425,0.586710430885581
-0.04,0.095,-0.050802931771605,0.0950791741404587,-0.010802931771605,7.91741404586599e-05,0.0108032218993442,0.286210206291239,-0.120722260639876,0.506835596855442,0.594454067642683
-0.04,0.11,-0.0507880937944041,0.109849862776196,-0.0107880937944041,-0.000150137223803748,0.0107891384689803,0.327812344663695,-0.104446643031993,0.474004934743698,0.585707862448989
-0.04,0.125,-0.0500720946445696,0.124562747702126,-0.0100720946445696,-0.000437252297873753,0.0100815812302021,0.369539989791987,-0.086879785966664,0.419313228142029,0.565627158897653
-0.04,0.14,-0.0487465725930456,0.139230449199403,-0.00874657259304561,-0.000769550800597346,0.00878036107230885,0.410210511358445,-0.0700964079576246,0.345475000870928,0.54087088912086
-0.04,0.155,-0.0469162689708109,0.153867562436912,-0.00691626897081088,-0.0011324375630877,0.00700836580886681,0.448625029605517,-0.0559230222034216,0.255775885328585,0.519437150313474
-0.04,0.17,-0.0446972918861804,0.168490347727671,-0.00469729188618043,-0.00150965227232899,0.00493392349427153,0.483600940550098,-0.0458462012337228,0.153994330498968,0.509595633401286
-0.04,0.185,-0.0422148559822952,0.18311632667277,-0.00221485598229522,-0.00188367332723013,0.00290754401961985,0.514005298518447,-0.040934638640757,0.0442954348613964,0.517533572016118
-0.04,0.2,-0.0396005856656306,0.197763801696575,0.000399414334369424,-0.00223619830342547,0.00227158857690884,0.538787206627062,-0.0417812959229592,-0.0688981124030782,0.544781163908915
-0.04,0.215,-0.0369895058550179,0.212451323800306,0.00301049414498206,-0.00254867619969401,0.00394446769131881,0.557007357909771,-0.0484705146272297,-0.181050796949934,0.587698057560173
-0.04,0.23,-0.0345168715655216,0.227197138425625,0.00548312843447835,-0.0028028615743749,0.00615798103554179,0.567863030829888,-0.0605729472500082,-0.287665981658544,0.639447781206282
-0.04,0.245,-0.0323150019454285,0.242018641894247,0.00768499805457151,-0.00298135810575334,0.00824303895741789,0.570707187436672,-0.0771687594657527,-0.384435077093535,0.692428967585766
-0.04,0.26,-0.0305102841085465,0.256931880271793,0.00948971589145353,-0.00306811972820745,0.00997336785479817,0.565060773721347,-0.0968970937967154,-0.467374978527746,0.739682157589128
-0.04,0.275,-0.0292204969270195,0.271951118760005,0.0107795030729805,-0.00304888123999536,0.0112023820375843,0.550617878882367,-0.118027591549867,-0.532945783844396,0.775339243807928
-0.04,0.29,-0.0285525771697226,0.287088503653555,0.0114474228302774,-0.00291149634644522,0.0118118711655064,0.527243922701871,-0.138548113062454,-0.578142754657511,0.794632556417724
-0.04,0.305,-0.0286009136482186,0.302353830893535,0.0113990863517814,-0.00264616910646476,0.0117021955459382,0.494967539745478,-0.156261862339442,-0.600558906973792,0.793783165516931
-0.04,0.32,-0.0294462137319459,0.317754426664157,0.0105537862680541,-0.00224557333584333,0.0107900418997526,0.45396718456871,-0.168886955668109,-0.598417158181141,0.769883771584933
-0.04,0.335,-0.0311549456614402,0.333295137148183,0.00884505433855978,-0.00170486285181673,0.00900786010079974,0.404553722283643,-0.174152014610598,-0.570573319610553,0.720800529746093
-0.04,0.35,-0.033779323312354,0.348978417343141,0.006220676687646,-0.00102158265685903,0.00630400266315122,0.347150358540473,-0.169882450161034,-0.516493154387311,0.645091460824601
-0.02,0.05,-0.0262936006623912,0.05051513718729,-0.00629360066239115,0.00051513718728996,0.00631464770350487,0.0418164211656333,-0.140907677712938,0.50200562471629,0.523082339977913
-0.02,0.065,-0.0287974248933682,0.0656792126654827,-0.00879742489336816,0.000679212665482681,0.00882360553285366,0.0542820681135594,-0.138951299781296,0.54630824188375,0.566312027694468
-0.02,0.08,-0.0304075705577317,0.0807476410987449,-0.0104075705577317,0.000747641098744894,0.0104343898780281,0.0714689212080433,-0.128655691974629,0.563849650675191,0.582743039195105
-0.02,0.095,-0.0311713137884269,0.0957248604535342,-0.0111713137884269,0.000724860453534176,0.0111948056899883,0.0926979745550623,-0.11233183459971,0.555396305177485,0.574176950404653
-0.02,0.11,-0.0311509290490121,0.110617671299687,-0.0111509290490121,0.000617671299686678,0.0111680229445752,0.117188824888661,-0.092348554083907,0.522352468663537,0.543245606036794
-0.02,0.125,-0.0304236570339579,0.125435268057027,-0.0104236570339579,0.000435268057026733,0.0104327409745976,0.144072192942318,-0.0710376486015973,0.466774470319574,0.493642641817879
-0.02,0.14,-0.0290811252413317,0.140189171138638,-0.00908112524133173,0.000189171138637811,0.00908309536272992,0.172407015505372,-0.050591751963454,0.391356537818716,0.430632693868006
-0.02,0.155,-0.0272281881915935,0.154893052091418,-0.00722818819159353,-0.000106947908582289,0.00722897934623155,0.201201670937586,-0.032961126094873,0.299385573634329,0.362216381305315
-0.02,0.17,-0.0249811914689193,0.169562451145886,-0.00498119146891933,-0.000437548854114317,0.00500037173115874,0.229438557936426,-0.019756470057784,0.194664471546258,0.301540770599664
-0.02,0.185,-0.0224657054039044,0.184214394938659,-0.00246570540390445,-0.000785605061340761,0.00258783277111327,0.256100904461383,-0.0121650635050262,0.0814061701328245,0.269003270420161
-0.02,0.2,-0.0198138159923396,0.198866930645591,0.000186184007660409,-0.00113306935440893,0.00114826418850767,0.280200441021654,-0.0108869961287322,-0.0358967102584787,0.282700459454467
-0.02,0.215,-0.017161097633016,0.213538600372111,0.00283890236698405,-0.00146139962788866,0.00319296970259048,0.300804431631201,-0.0160968627072271,-0.152619433679953,0.337691333500774
-0.02,0.23,-0.0146434201735419,0.228247885311981,0.00535657982645811,-0.00175211468801859,0.00563585426685152,0.317060554634881,-0.0274342477445215,-0.26416095913868,0.413596165844214
-0.02,0.245,-0.0123937573855032,0.243012652259402,0.00760624261449684,-0.00198734774059847,0.00786158239495393,0.328218278836742,-0.0440238303548358,-0.366098193959232,0.493654465539962
-0.02,0.26,-0.0105391639252965,0.25784963497614,0.00946083607470351,-0.00215036502385987,0.0097021383709083,0.333645651688332,-0.0645233359184484,-0.454329049961152,0.567362492384493
-0.02,0.275,-0.00919807271691636,0.272773979631432,0.0108019272830836,-0.00222602036856828,0.0110289074576908,0.332840791140838,-0.0871951951315242,-0.525195832332333,0.627869892280095
-0.02,0.29,-0.00847803671188372,0.287798877809151,0.0115219632881163,-0.00220112219084928,0.0117303272295255,0.325437792080993,-0.10999594640204,-0.575582466616979,0.6703052776471
-0.02,0.305,-0.00847400199861987,0.302935302749924,0.0115259980013801,-0.00206469725007555,0.0117094664550648,0.311207166605465,-0.130676335491033,-0.602981559311397,0.691027318121527
-0.02,0.32,-0.00926715746657273,0.318191856013646,0.0107328425334273,-0.00180814398635451,0.0108840844136168,0.290051307475102,-0.146884802160614,-0.605529955220487,0.687296949709547
-0.02,0.335,-0.010924364940579,0.333574723246797,0.00907563505942105,-0.0014252767532032,0.00918686919222289,0.26199573219582,-0.15626753583883,-0.582013943018661,0.657119676662591
-0.02,0.35,-0.013498136501102,0.34908773046924,0.006501863498898,-0.000912269530759846,0.00656555135956265,0.227177043627988,-0.156559375354888,-0.531847325912376,0.599153650224553
0,0.05,-0.00644403235345126,0.0507095757903998,-0.00644403235345126,0.000709575790399791,0.00648298162689422,-0.0984994378025549,-0.146978789933916,0.528616118613663,0.557442692986376
0,0.065,-0.00897119591446272,0.066042152789575,-0.00897119591446272,0.00104215278957503,0.00903152470917793,-0.109243391148646,-0.144495700947012,0.575365913634655,0.603210097317094
0,0.08,-0.0106017148714206,0.0812659720781879,-0.0106017148714206,0.00126597207818785,0.0106770334605475,-0.113879988976629,-0.133289814721614,0.595152881619175,0.620439796175105
0,0.095,-0.0113825076864913,0.0963840280800786,-0.0113825076864913,0.00138402808007856,0.01146634270199,-0.11278337704024,-0.115694726687468,0.588678270400198,0.610451464984528
0,0.11,-0.0113755311854629,0.111401745726153,-0.0113755311854629,0.00140174572615268,0.0114615706093112,-0.106434053027069,-0.0941164236811776,0.55728259393841,0.575111098290966
0,0.125,-0.0106577607790433,0.126327045728725,-0.0106577607790433,0.00132704572872519,0.0107400612283842,-0.0954154983907283,-0.0709384074436494,0.502963090343828,0.516826911427558
0,0.14,-0.00932062201613409,0.141170310607823,-0.00932062201613409,0.00117031060782274,0.00939380762451659,-0.0804066866027059,-0.0484186265379321,0.428362898602792,0.438526293746707
0,0.155,-0.00746883960716657,0.155944241917438,-0.00746883960716657,0.000944241917437638,0.00752829050158311,-0.0621703714227471,-0.0285843452117153,0.336729051294668,0.343611739803503
0,0.17,-0.0052187073673667,0.170663606376903,-0.0052187073673667,0.000663606376902603,0.00526072998828806,-0.0415373506118211,-0.0131320740113594,0.231838585973727,0.235896187793171
0,0.185,-0.00269582426393463,0.185344877004959,-0.00269582426393463,0.00034487700495911,0.00271779480656069,-0.0193872198735945,-0.00334002635355519,0.117894684819875,0.119524817342118
0,0.2,-3.2383948007311e-05,0.200005784118953,-3.2383948007311e-05,5.78411895318931e-06,3.28964454098747e-05,0.00337357007540201,-1.02486148389926e-07,-0.000602555642957424,0.00342695893265291
0,0.215,0.00263585781195076,0.214664798900704,0.00263585781195076,-0.000335201099296328,0.00265708603206432,0.0258352811010742,-0.00337511222483423,-0.119003658460174,0.12182253260378
0,0.23,0.00517278491427044,0.229340578535219,0.00517278491427044,-0.000659421464780513,0.00521464672221591,0.0471088458759577,-0.0131849336109951,-0.232666688887438,0.237753980119224
0,0.245,0.00744512432511507,0.24405140536744,0.00744512432511507,-0.000948594632560085,0.0075053119850771,0.0663489272679977,-0.0286228050127479,-0.337113674349569,0.344771566724798
0,0.26,0.00932548323483584,0.25881465304278,0.00932548323483584,-0.00118534695722031,0.00940051514397992,0.082774853646735,-0.0484002886186265,-0.428176682315879,0.438782949275551
0,0.275,0.0106950671291113,0.273646309862592,0.0106950671291113,-0.00135369013740835,0.0107803959984925,0.0956883918669751,-0.0708169825828892,-0.502124803255442,0.51604498991023
0,0.29,0.0114459538808615,0.288560584108748,0.0114459538808615,-0.00143941589125154,0.0115361075909856,0.104487582729085,-0.0938491151458096,-0.555765209951926,0.573239060941858
0,0.305,0.0114828360159932,0.303569608649718,0.0114828360159932,-0.00143039135028167,0.0115715834000862,0.108676190876057,-0.115249950527339,-0.586513963804487,0.607532018484181
0,0.32,0.0107241851721812,0.31868325370265,0.0107241851721812,-0.00131674629734957,0.0108047197288414,0.107868653859171,-0.132654563577245,-0.592434940285341,0.616616337690133
0,0.335,0.0091028342616104,0.333909048119444,0.0091028342616104,-0.00109095188055619,0.00916797510904329,0.101790725975647,-0.143681955437664,-0.572247813636262,0.598729219680075
0,0.35,0.00656601021164319,0.349252202143471,0.00656601021164319,-0.000747797856528787,0.00660845607790743,0.0902762610294287,-0.146028531547883,-0.525308186019727,0.552652869016029
0.02,0.05,0.01361466714896,0.0508800217122949,-0.00638533285104001,0.000880021712294871,0.00644568955447601,-0.234826558651502,-0.157596813840206,0.534412460955848,0.604632400260524
0.02,0.065,0.0110515550979019,0.0663820948481807,-0.00894844490209809,0.00138209484818072,0.00905454870964053,-0.268968493629893,-0.157180264413,0.584449305800801,0.662295675041971
0.02,0.08,0.00938595651741301,0.0817626271205227,-0.010614043482587,0.00176262712052266,0.0107594039526476,-0.295686251435174,-0.14760458960362,0.607641023177672,0.691701451598248
0.02,0.095,0.00857133652610457,0.0970231727595983,-0.0114286634738954,0.00202317275959829,0.0116063593264526,-0.315049248361643,-0.131170415843524,0.604627166695716,0.694292169101187
0.02,0.11,0.00854613362941335,0.112167775312062,-0.0114538663705867,0.00216777531206178,0.0116571996911282,-0.32723583484244,-0.110262703643118,0.576678179898619,0.672163715388606
0.02,0.125,0.00923377017277184,0.127203066149263,-0.0107662298272282,0.00220306614926319,0.0109893223244533,-0.332538889663061,-0.0872581626338961,0.525715104904884,0.6281531849526
0.02,0.14,0.0105432102951898,0.142138264053319,-0.00945678970481019,0.00213826405331907,0.00969551673108352,-0.33136787597349,-0.0644238877197299,0.454301703347261,0.565992711300863
0.02,0.155,0.0123700997039505,0.156985064773657,-0.00762990029604954,0.00198506477365748,0.00788389882502767,-0.324246761804289,-0.0438131143390689,0.365605936099714,0.490637058368727
0.02,0.17,0.0145984844117898,0.17175741658963,-0.00540151558821024,0.00175741658962952,0.00568021863304427,-0.311807420797617,-0.0271650398119603,0.263329874983853,0.409029510741928
0.02,0.185,0.0171030639321139,0.186471186329352,-0.0028969360678861,0.00147118632935234,0.00324909645857007,-0.294778414289869,-0.0158160812485229,0.151609654187433,0.331858790881764
0.02,0.2,0.0197518922696186,0.201143729206593,-0.000248107730381362,0.00114372920659264,0.00117033069851561,-0.273969394222419,-0.0106295882682814,0.0348897452444457,0.276386793406244
0.02,0.215,0.0224094029711323,0.215793383996304,0.00240940297113234,0.000793383996303854,0.00253666727082848,-0.250251710319033,-0.0119498549359442,-0.0822217058801876,0.26368399493554
0.02,0.23,0.0249396059405297,0.230438921773777,0.00493960594052974,0.00043892177377669,0.0049590683773479,-0.224536131930819,-0.0195843713270697,-0.195107822471697,0.298106163985105
0.02,0.245,0.0272092888152776,0.24509898040177,0.00720928881527765,9.89804017702822e-05,0.00720996826220629,-0.197748839048303,-0.0328158350813259,-0.299298503519101,0.360224241293566
0.02,0.26,0.0290910552572919,0.259791518000511,0.00909105525729191,-0.000208481999489224,0.00909344546556727,-0.170806987139009,-0.0504428229981364,-0.390616712093634,0.429303835602846
0.02,0.275,0.030466047274445,0.274533316354693,0.010466047274445,-0.000466683645306609,0.0104764468774348,-0.144595167004356,-0.0708455522864989,-0.465306725856089,0.492380641124427
0.02,0.29,0.031226226382127,0.289339560286267,0.011226226382127,-0.000660439713733502,0.011245636460345,-0.119943981698372,-0.0920711629190819,-0.520137350031806,0.541672138864551
0.02,0.305,0.0312761253453186,0.304223511754018,0.0112761253453186,-0.000776488245982199,0.0113028287078715,-0.09761174420441,-0.111931661567557,-0.552475519405093,0.572091485834477
0.02,0.32,0.0305340238116541,0.319196289221872,0.0105340238116541,-0.000803710778127797,0.0105646395432771,-0.0782700187133536,-0.128107189228208,-0.560328372798116,0.580093447328858
0.02,0.335,0.0289325427398386,0.334266754445151,0.00893254273983862,-0.000733245554848577,0.00896258717350905,-0.062493398516241,-0.138247585263733,-0.542354456958051,0.563177352414533
0.02,0.35,0.0264186896770753,0.349441501121905,0.00641868967707532,-0.00055849887809481,0.00644294173242521,-0.0507535954620743,-0.140066180652972,-0.4978468973487,0.519661280851954
0.04,0.05,0.033887956455386,0.0509961371971254,-0.006112043544614,0.000996137197125435,0.00619268646120201,-0.354374636277675,-0.171004918206038,0.518434378056496,0.65084777348337
0.04,0.065,0.0312766197966863,0.0666676648019373,-0.0087233802033137,0.00166766480193728,0.0088813550803459,-0.411329260075522,-0.175186781790403,0.572485128128662,0.726380380733996
0.04,0.08,0.0295615636214725,0.0822052531493084,-0.0104384363785275,0.00220525314930839,0.0106688375880928,-0.459637945511562,-0.169738020556672,0.600119428924114,0.774745449188846
0.04,0.095,0.028696657907162,0.0976090336104054,-0.011303342092838,0.0026090336104054,0.0116005430410799,-0.499078993598064,-0.156873565115045,0.601920777699243,0.797501127363906
0.04,0.11,0.0286208092403144,0.112881676515018,-0.0113791907596856,0.0028816765150175,0.0117384003119044,-0.529540379781243,-0.138901529727289,0.579085946779409,0.796904900287991
0.04,0.125,0.0292579650849159,0.128028521660295,-0.0107420349150841,0.0030285216602946,0.0111607910814493,-0.551033619319621,-0.118135005035502,0.533445917532705,0.775994639533085
0.04,0.14,0.0305176618997294,0.143057610667954,-0.00948233810027062,0.0030576106679539,0.00996311792786923,-0.563704745093634,-0.0967948502726774,0.467460409885446,0.738687400469559
0.04,0.155,0.0322961515110474,0.157979608644432,-0.00770384848895259,0.00297960864443247,0.00825998481927865,-0.567841358159676,-0.076909008630129,0.384182932160214,0.68989932571574
0.04,0.17,0.0344781033074615,0.172807609580596,-0.00552189669253851,0.00280760958059564,0.0061946763143945,-0.563874843801822,-0.0602149211601183,0.287195269619464,0.635661815459337
0.04,0.185,0.0369388384910835,0.187556828331038,-0.00306116150891651,0.00255682833103776,0.00398849356249566,-0.552377087218231,-0.0480720921870421,0.180512737029765,0.583111615011964
0.04,0.2,0.0395470109328056,0.202244190963737,-0.000452989067194386,0.00224419096373726,0.00228945237485247,-0.534051370399026,-0.0413916108940945,0.0684640862832886,0.540012612321351
0.04,0.215,0.0421676120059464,0.216887843779973,0.00216761200594636,0.00188784377997328,0.00287445576516784,-0.50971755614873,-0.0405884045487132,-0.0444476449776722,0.513260908745043
0.04,0.23,0.0446651487566014,0.231506608202447,0.00466514875660142,0.00150660820244738,0.00490239545496908,-0.480292109713414,-0.0455602573967667,-0.153695153404894,0.506339921836235
0.04,0.245,0.046906829402897,0.246119413362862,0.00690682940289696,0.00111941336286181,0.00699695495752799,-0.446763931149475,-0.0556953684341787,-0.254878456883596,0.517363344950746
0.04,0.26,0.0487655897733801,0.260744739593991,0.00876558977338007,0.000744739593991461,0.00879717006417654,-0.410167314267347,-0.0699077288424221,-0.343868572914061,0.53978890946933
0.04,0.275,0.0501228085893718,0.275400104397933,0.0101228085893718,0.000400104397933448,0.0101307125744591,-0.371553557021987,-0.0866972053791725,-0.416934627620084,0.565159733711399
0.04,0.29,0.0508705868225732,0.290101617938026,0.0108705868225732,0.000101617938025655,0.0108710617730022,-0.331962819342808,-0.10422923458969,-0.470847404732004,0.58545991124773
0.04,0.305,0.0509135028016691,0.304863628203019,0.0109135028016691,-0.000136371796980894,0.0109143547985693,-0.292397727142506,-0.120427695564557,-0.502954608658908,0.594109216907602
0.04,0.32,0.0501697959458515,0.319698468013266,0.0101697959458515,-0.000301531986734133,0.01017426513903,-0.253800001533497,-0.133073959533959,-0.511225670082762,0.586069791106118
0.04,0.335,0.0485719731697528,0.33461630770535,0.00857197316975275,-0.000383692294650378,0.00858055614747291,-0.217031075748616,-0.139905302803421,-0.494266414264853,0.557653767804012
0.04,0.35,0.046066868996667,0.349625109607247,0.006066868996667,-0.000374890392752653,0.00607844077287075,-0.182857287336051,-0.138706702268346,-0.451306082589453,0.506315302160229
0.06,0.05,0.0543795731433999,0.0510281553896843,-0.00562042685660005,0.00102815538968434,0.00571369421265508,-0.4452814342661,-0.183852158743441,0.480570335372047,0.680463416811355
0.06,0.065,0.05170811429593,0.0668680730516047,-0.00829188570407002,0.00186807305160475,0.00849970972771969,-0.523746337463461,-0.194943355926496,0.539235892655486,0.776593664039938
0.06,0.08,0.0499296187730718,0.0825620905663458,-0.0100703812269282,0.00256209056634576,0.0103911927191168,-0.592459182074329,-0.195914722384552,0.57220204740785,0.846651455602583
0.06,0.095,0.0489983788683765,0.0981089472353158,-0.0110016211316235,0.0031089472353158,0.0114324634456342,-0.650932682475627,-0.188849073003861,0.580003000397186,0.892074484462395
0.06,0.11,0.0488538371756714,0.113509961846731,-0.0111461628243286,0.0035099618467308,0.0116857510615257,-0.698788721311575,-0.175928058150197,0.563760464300941,0.914931695634943
0.06,0.125,0.049420587854387,0.128769193544323,-0.010579412145613,0.00376919354432265,0.011230796112534,-0.735779387153401,-0.159350065013435,0.525204821806075,0.917944376293676
0.06,0.14,0.0506089156848439,0.143893505726542,-0.00939108431515606,0.00389350572654185,0.0101662112636412,-0.761805763989564,-0.1412392448657,0.466671477408643,0.904486486118244
0.06,0.155,0.0523159070252689,0.158892519123821,-0.00768409297473108,0.00389251912382083,0.00861376746688825,-0.776933077746781,-0.123550702652793,0.3910694098324,0.878544358169877
0.06,0.17,0.0544271304926874,0.173778447011426,-0.00557286950731263,0.00377844701142568,0.00673301836947491,-0.78140085665059,-0.107977898346795,0.301820772350024,0.844603588397542
0.06,0.185,0.056818844454264,0.188565813806931,-0.00318115554573597,0.00356581380693111,0.00477857496664719,-0.77562695899906,-0.0958688085701885,0.202772611877106,0.807412861190815
0.06,0.2,0.0593606473262307,0.203271067313344,-0.000639352673769254,0.0032710673133437,0.00333296462775732,-0.760204666200742,-0.0881572407596088,0.0980841708402181,0.77156486079377
0.06,0.215,0.0619184499804992,0.217912103537592,0.00191844998049924,0.00291210353759166,0.00348723347961266,-0.7358925010507,-0.0853148188669972,-0.00790449842292624,0.740868760516696
0.06,0.23,0.0643576218458385,0.232507730215231,0.00435762184583847,0.00250773021523121,0.00502768127308328,-0.703596975107907,-0.0873276209880197,-0.110815049645383,0.717608196464586
0.06,0.245,0.0665461470159301,0.247077100242797,0.00654614701593006,0.00207710024279692,0.0068677788383725,-0.664349025227251,-0.0936994075731363,-0.20637579616841,0.701951806508582
0.06,0.26,0.0683576260276437,0.261639148035039,0.00835762602764369,0.00163914803503881,0.00851684912973799,-0.619275397819129,-0.103481087710982,-0.290560162768901,0.69183912697218
0.06,0.275,0.0696739729597171,0.276212060817384,0.00967397295971709,0.00121206081738448,0.00974960738955042,-0.569566625432836,-0.115323830633461,-0.359710342886004,0.683449190542838
0.06,0.29,0.0703876841038911,0.290812812641959,0.0103876841038911,0.000812812641959343,0.0104194359460174,-0.516443456564961,-0.127551328840866,-0.410639343262777,0.672021601488768
0.06,0.305,0.0704035902851078,0.305456782640898,0.0104035902851078,0.000456782640897768,0.0104136132634842,-0.461123631826566,-0.138245385662533,-0.440706661308771,0.652666651476215
0.06,0.32,0.0696400453992128,0.320157471119111,0.00964004539921284,0.000157471119110686,0.00964133146677567,-0.40479075512853,-0.145338359415227,-0.447865207124259,0.620939458901867
0.06,0.335,0.0680295443190632,0.334926319042233,0.00802954431906316,-7.3680957767025e-05,0.00802988236871108,-0.348566715024735,-0.146706060023994,-0.430679444098651,0.573156999355541
0.06,0.35,0.0655187998354558,0.349772628675675,0.00551879983545578,-0.00022737132432446,0.00552348163235398,-0.293488723054321,-0.140255371081836,-0.388316807203172,0.506555834867394
0.08,0.05,0.0750914831354394,0.0509471709718081,-0.00490851686456065,0.000947170971808131,0.00499906697889839,-0.497243091481217,-0.191496044942338,0.421496887016154,0.679401546602728
0.08,0.065,0.0723484216786515,0.0669534219775541,-0.00765157832134847,0.00195342197755405,0.0078969936197341,-0.595308077624951,-0.211454656175063,0.485245656305169,0.796604260591029
0.08,0.08,0.0704929617111197,0.082802297180849,-0.00950703828888028,0.00280229718084901,0.00991144018374877,-0.682645876896333,-0.220802904575205,0.524266007122511,0.888611270363725
0.08,0.095,0.069479832363944,0.0984911872506521,-0.010520167636056,0.00349118725065212,0.011084327472149,-0.758538475637939,-0.221453987092442,0.539049783403671,0.956565946416212
0.08,0.11,0.0692490755596672,0.114020093910182,-0.0107509244403328,0.00402009391018227,0.0114779585017733,-0.822375819218558,-0.215422624436559,0.530643873885257,1.00215638512088
0.08,0.125,0.069726047406294,0.129391819168369,-0.010273952593706,0.00439181916836895,0.0111732796217302,-0.873682642847406,-0.204750355838967,0.5006707238358,1.02759113780346
0.08,0.14,0.0708219490205949,0.144612059127937,-0.00917805097940512,0.00461205912793705,0.0102716945622495,-0.912143622792835,-0.1914223755672,0.451325936106337,1.03555434760105
0.08,0.155,0.0724349202354396,0.15968938738244,-0.00756507976456038,0.00468938738243996,0.00890060592694385,-0.937625195184006,-0.177280391397866,0.385350158795195,1.02912222885555
0.08,0.17,0.0744516941079372,0.174635119574818,-0.00554830589206277,0.00463511957481794,0.00722966332167404,-0.950192376813665,-0.163936920263893,0.305974097658683,1.01162621604458
0.08,0.185,0.0767497702128426,0.189463058900038,-0.00325022978715738,0.00446305890003773,0.00552113108108575,-0.950119073021025,-0.152696930742811,0.216837509819335,0.986450783223739
0.08,0.2,0.0792000245576562,0.204189131252834,-0.00079997544234377,0.00418913125283366,0.00426483075418249,-0.937890684141137,-0.144492660421505,0.121885205564859,0.956762425344797
0.08,0.215,0.0816696378193003,0.218830927572352,0.00166963781930032,0.00383092757235171,0.00417895878326677,-0.914198302919652,-0.139836720264588,0.0252451670914907,0.925185799006875
0.08,0.23,0.0840251965748716,0.233407178314538,0.00402519657487157,0.00340717831453802,0.00527362034407255,-0.879924392672107,-0.138797281585103,-0.068904396382182,0.893473902816757
0.08,0.245,0.0861358069858652,0.247937190420513,0.00613580698586524,0.00293719042051299,0.00680258884059194,-0.836120483507832,-0.140997357246545,-0.156471137065152,0.862249943975448
0.08,0.26,0.0878760595703119,0.262440279510868,0.00787605957031194,0.00244027951086823,0.00824543985765863,-0.783978038407245,-0.145638151445713,-0.233579559235621,0.8309052569966
0.08,0.275,0.0891286972490794,0.276935229396914,0.00912869724907944,0.00193522939691437,0.00933157147987584,-0.724794158487365,-0.151544423697797,-0.296689165079264,0.797701086714563
0.08,0.29,0.089786864612075,0.291439807390914,0.00978686461207495,0.00143980739091371,0.00989220724904279,-0.659934139939998,-0.157228050216591,-0.342693269734079,0.760053206818271
0.08,0.305,0.0897558512984755,0.305970357994871,0.00975585129847553,0.00097035799487083,0.00980399047307659,-0.590793042685988,-0.160964679995871,-0.368993811184826,0.714918954485574
0.08,0.32,0.088954281924786,0.320541489984035,0.00895428192478595,0.000541489984035359,0.00897063967570647,-0.518758366485473,-0.160877700086423,-0.3735496198609,0.659193438114941
0.08,0.335,0.0873147447501798,0.335165864042586,0.00731474475017976,0.000165864042585728,0.00731662501710353,-0.44517568283982,-0.15502367158382,-0.354897783108443,0.590058675876559
0.08,0.35,0.0847838871080488,0.349854080355713,0.00478388710804878,-0.00014591964428734,0.00478611203432852,-0.371318691875545,-0.141473910190785,-0.312149698594926,0.505303401404652
0.1,0.05,0.0960238656547753,0.0507254112361519,-0.0039761343452247,0.000725411236151885,0.00404176518278968,-0.501978581795275,-0.18841207007054,0.342560163174977,0.636265063019182
0.1,0.065,0.0931981703410519,0.0668949927331425,-0.00680182965894813,0.00189499273314248,0.00706086992997387,-0.617272087515368,-0.218751695273849,0.411726848597566,0.773566559527585
0.1,0.08,0.0912527302691365,0.0828962503436443,-0.00874726973086351,0.00289625034364427,0.00921428205545828,-0.721004559308564,-0.238003896294382,0.457347142338434,0.886383386209604
0.1,0.095,0.0901427238955539,0.0987252811147461,-0.00985727610444614,0.00372528111474613,0.0105377232637401,-0.812268263984813,-0.247885197415845,0.479876902154951,0.975464826877213
0.1,0.11,0.0898088514793706,0.114380816003881,-0.0101911485206294,0.00438081600388102,0.0110928380962397,-0.890261925732664,-0.250213848478016,0.48028951672703,1.04205624516734
0.1,0.125,0.0901773395946817,0.129864435163249,-0.0098226604053183,0.00486443516324858,0.0109611763463443,-0.954321832221585,-0.2468433127318,0.460095082239234,1.08783492020202
0.1,0.14,0.09116046454609,0.145180689686995,-0.00883953545390997,0.00518068968699531,0.0102458251338714,-1.00395171963583,-0.239587926099625,0.421338763485253,1.11484841858449
0.1,0.155,0.0926576271667176,0.16033711382568,-0.00734237283328243,0.00533711382568036,0.00907718143540121,-1.03884962922476,-0.230144618190777,0.366575784073232,1.12543041817178
0.1,0.17,0.0945569768238147,0.175344118059044,-0.00544302317618531,0.00534411805904433,0.00762798132702842,-1.05892986171285,-0.220015421944134,0.298821945882846,1.12208468237466
0.1,0.185,0.0967375436215352,0.190214761383847,-0.00326245637846478,0.00521476138384713,0.00615120784170465,-1.06433827139173,-0.210435963510107,0.221480347337109,1.10733507197164
0.1,0.2,0.0990717986810794,0.2049644100683,-0.000928201318920647,0.00496441006830001,0.00505043810126255,-1.05545944043572,-0.202315101678936,0.138246905654708,1.08354659746712
0.1,0.215,0.101428527278409,0.219610298938224,0.00142852727840909,0.0046102989382244,0.00482654602018378,-1.03291474912434,-0.196190317400883,0.0529991472819886,1.05273149784479
0.1,0.23,0.103675873128929,0.234171018920692,0.0036758731289292,0.00417101892069194,0.00555962607526386,-0.99755097629377,-0.192202362874813,-0.0303257127812744,1.01636432188823
0.1,0.245,0.105684397342369,0.248665960189712,0.00568439734236932,0.00366596018971177,0.0067639956577815,-0.950419754884221,-0.190091168448452,-0.107856344547067,0.975237568964992
0.1,0.26,0.107329994476921,0.263114743133688,0.00732999447692133,0.00311474313368754,0.00796432318659601,-0.892748889870022,-0.189213249507511,-0.175909102832576,0.929389684571457
0.1,0.275,0.108496521140857,0.277536669163407,0.00849652114085736,0.00253666916340733,0.00886710561240914,-0.825907153241301,-0.188579076406146,-0.231098985486311,0.878126715647558
0.1,0.29,0.109078017423067,0.291950220296588,0.00907801742306671,0.00195022029658792,0.00928513648465796,-0.751364607223531,-0.186907285828902,-0.270433712916181,0.820139612699481
0.1,0.305,0.108980435275356,0.306372630955798,0.00898043527535619,0.00137263095579837,0.0090847307871878,-0.670650749318585,-0.182691412839216,-0.291386445496441,0.753699430814994
0.1,0.32,0.108122826312356,0.320819548342001,0.00812282631235592,0.000819548342000931,0.00816406557945109,-0.585312786798405,-0.174274128956754,-0.291944534418262,0.676904329295714
0.1,0.335,0.106437980237692,0.335304789961295,0.00643798023769226,0.000304789961294905,0.00644519095616432,-0.496876163751018,-0.159923820186967,-0.270633635833562,0.587968663300351
0.1,0.35,0.103872540042883,0.349840199394651,0.00387254004288326,-0.000159800605348981,0.00387583573145253,-0.40680910599919,-0.137908690657005,-0.226518320582189,0.485617562456572
0.12,0.05,0.117175133614203,0.0503364818426058,-0.00282486638579724,0.000336481842605763,0.00284483569437859,-0.453495133612884,-0.16865288212068,0.245618627035661,0.542616200841358
0.12,0.065,0.114256248208647,0.0666655050965038,-0.00574375179135275,0.00166550509650376,0.0059803504802936,-0.583348739403522,-0.210396752905498,0.320407289167163,0.698018196377197
0.12,0.08,0.112208366920494,0.0828158206116639,-0.00779163307950617,0.00281582061166386,0.00828482901228057,-0.700954235949374,-0.240602655791533,0.372995016536892,0.82967691880232
0.12,0.095,0.110987128863099,0.0987822971136178,-0.00901287113690113,0.00378229711361777,0.00977433463648891,-0.805258017296853,-0.260774244376485,0.403807009900709,0.937829098882702
0.12,0.11,0.110533947656382,0.114562451702193,-0.00946605234361836,0.00456245170219288,0.0105081926375074,-0.895311383148381,-0.272515210492663,0.413745151629089,1.02325944567323
0.12,0.125,0.110776021816036,0.130156688645973,-0.00922397818396381,0.00515668864597252,0.0105675546523187,-0.970304396612807,-0.277471296586198,0.40420537324888,1.08715150068836
0.12,0.14,0.111626851543349,0.145568446777914,-0.00837314845665113,0.00556844677791368,0.0100557055742288,-1.02959886073303,-0.277265239879814,0.37707639249746,1.13100750198105
0.12,0.155,0.112987293092525,0.160804238728955,-0.00701270690747488,0.00580423872895508,0.00910314480785887,-1.07275853492264,-0.273427949466222,0.334717556455335,1.15657035294289
0.12,0.17,0.114747148330608,0.17587357130614,-0.00525285166939164,0.00587357130614036,0.00787980269733614,-1.09957462956008,-0.267329946244947,0.279914783485634,1.16573102783772
0.12,0.185,0.116787249514803,0.190788744114008,-0.00321275048519686,0.00578874411400804,0.00662052294744119,-1.11008469166088,-0.260117515926834,0.215815131476844,1.16041860730121
0.12,0.2,0.118981961507136,0.205564532252685,-0.00101803849286369,0.00556453225268522,0.0056568915107262,-1.10458326724424,-0.252658045165153,0.145842198058987,1.14247690389865
0.12,0.215,0.121201989698857,0.220217767714943,0.00120198969885741,0.0052177677149427,0.00535442612828468,-1.08362317907341,-0.245498574903472,0.073596180364802,1.11353678482842
0.12,0.23,0.123317356264078,0.234766841873991,0.00331735626407759,0.00476684187399123,0.00580754974446634,-1.04800686299096,-0.238840727063621,0.00274380813329817,1.07489752699422
0.12,0.245,0.12520039298941,0.249231157308318,0.00520039298941044,0.00423115730831775,0.00670423593051736,-0.998767898860029,-0.232533916776747,-0.0630956856021935,1.02743305890504
0.12,0.26,0.126728597684285,0.263630560464509,0.00672859768428512,0.00363056046450855,0.00764558670629139,-0.937143588901327,-0.2260872954362,-0.120462009926087,0.971538616263716
0.12,0.275,0.127787213591144,0.277984786901474,0.00778721359114426,0.00298478690147364,0.00833964317949578,-0.864540071751333,-0.218699350304621,-0.166156357244529,0.907129574760442
0.12,0.29,0.128271414964906,0.292312948284013,0.00827141496490624,0.00231294828401313,0.00858871557837342,-0.782491970349727,-0.209302706703049,-0.197329545311717,0.833698098474269
0.12,0.305,0.128088014566711,0.306633085266077,0.00808801456671063,0.00163308526607692,0.00825123912619194,-0.692618874746193,-0.196620592998715,-0.211551558228915,0.750428327860663
0.12,0.32,0.127156645776906,0.320961803729144,0.00715664577690589,0.000961803729143618,0.0072209864415812,-0.596581051350826,-0.179230752466336,-0.206859883178794,0.656375149175314
0.12,0.335,0.125410409509005,0.33531400435651,0.00541040950900526,0.000314004356509689,0.00541951379655423,-0.496036646304802,-0.15563236165375,-0.1817857320804,0.550746924059648
0.12,0.35,0.122796010061422,0.349702708167674,0.00279601006142219,-0.000297291832325908,0.00281177074050176,-0.39260234390189,-0.124311723888148,-0.135358847323413,0.433489237522923
0.14,0.05,0.138541988008556,0.0497555825260632,-0.00145801199144366,-0.000244417473936831,0.00147835681374936,-0.348152029812205,-0.126299439606817,0.132868820636566,0.393466791771725
0.14,0.065,0.135519851516164,0.0662393452529063,-0.00448014848383604,0.00123934525290625,0.00464840909270254,-0.489764430077147,-0.17997877972951,0.213359291617417,0.563725384380575
0.14,0.08,0.133357660060251,0.0825346114314919,-0.00664233993974947,0.00253461143149186,0.00710949611321648,-0.618589415813769,-0.221707418075967,0.273109020281161,0.711619344357979
0.14,0.095,0.132011524394968,0.0986350956063423,-0.00798847560503207,0.00363509560634234,0.00877665440583381,-0.733471151504787,-0.252770216125709,0.312516647282475,0.836392126702781
0.14,0.11,0.131423622873757,0.11453716715805,-0.00857637712624285,0.00453716715804969,0.00970258369876943,-0.83335718857431,-0.274549102121898,0.332414943541477,0.938286087892461
0.14,0.125,0.131522220185953,0.13024010985321,-0.00847777981404721,0.00524010985321005,0.00996651904373716,-0.917333663578044,-0.288473530030227,0.334086104574364,1.01801710059773
0.14,0.14,0.132222178196045,0.145746292404196,-0.0077778218039546,0.00574629240419594,0.009670283781182,-0.984659830332232,-0.295964682215655,0.319260597508206,1.07662041071563
0.14,0.155,0.133425988504397,0.16106123262409,-0.00657401149560272,0.00606123262409025,0.00894182129477282,-1.03480006714124,-0.298376160287969,0.290097604271228,1.11536335675731
0.14,0.17,0.135025324006484,0.176193543616077,-0.00497467599351643,0.00619354361607682,0.00794401559444055,-1.06745139677947,-0.296934523894729,0.249146169695013,1.1356666038032
0.14,0.185,0.136903070558901,0.191154757950646,-0.00309692944109916,0.00615475795064596,0.00688999400538102,-1.08256460934273,-0.292683407637342,0.199287469566712,1.13902060219195
0.14,0.2,0.138935763543617,0.205959034338123,-0.00106423645638331,0.00595903433812256,0.0060533205332296,-1.08035732430395,-0.286434995217395,0.143660036727211,1.12689666638379
0.14,0.215,0.140996321501595,0.220622759997598,0.000996321501595229,0.00562275999759787,0.00571034907209076,-1.06131773975303,-0.27873230644437,0.0855711809577882,1.10065740569595
0.14,0.23,0.142956944337699,0.235164069731236,0.00295694433769882,0.00516406973123629,0.00595072567048086,-1.02619838974173,-0.269825066686287,0.0283990310789521,1.06147417899664
0.14,0.245,0.144692029689038,0.24960230876207,0.00469202968903779,0.0046023087620703,0.00657239595157208,-0.975999897077443,-0.259660933884822,-0.0245095164818458,1.0102607379293
0.14,0.26,0.14608095975149,0.263957469898839,0.00608095975148989,0.00395746989883883,0.0072553180150463,-0.911945406740392,-0.247892662409068,-0.0699392755277604,0.947632402224482
0.14,0.275,0.147010622491175,0.278249636384157,0.00701062249117515,0.00324963638415743,0.00772715758497331,-0.835447032451692,-0.233900523896896,-0.104900136525856,0.873899332306593
0.14,0.29,0.147377553897861,0.29249845953772,0.00737755389786107,0.0024984595377201,0.00778913355755758,-0.748066178929653,-0.216828132996504,-0.126708417023807,0.789102219440195
0.14,0.305,0.147089618959888,0.306722695867126,0.00708961895988816,0.00172269586712614,0.00729591516172023,-0.651469951763351,-0.195628871973915,-0.133052337624065,0.693103553836954
0.14,0.32,0.146067184519991,0.320939822032001,0.00606718451999139,0.000939822032000881,0.0061395434236967,-0.547386014298472,-0.169119473702201,-0.122039097622439,0.585772460193385
0.14,0.335,0.144243773175465,0.335165738927379,0.00424377317546484,0.000165738927378534,0.00424700837729849,-0.437558187988582,-0.136037051844869,-0.0922224664193704,0.467407148263099
0.14,0.35,0.141566220200483,0.349414568929759,0.0015662202004825,-0.000585431070240672,0.00167205719232405,-0.323704847458089,-0.095095957551266,-0.0426112086212713,0.340064882038869
0.16,0.05,0.160119503711816,0.0489596891687655,0.000119503711816155,-0.00104031083123446,0.00104715221564086,-0.184546426987001,-0.0558561971514181,0.00667432172296889,0.192929728695314
0.16,0.065,0.1569845656185,0.0655927576329109,-0.00301543438150031,0.000592757632910945,0.00307314271072926,-0.335131566486067,-0.121545810892951,0.0928313029511259,0.368381146760512
0.16,0.08,0.154696817637286,0.082028160680936,-0.00530318236271429,0.00202816068093603,0.00567777940042574,-0.472534623319995,-0.174919354929413,0.159775825579009,0.528598190759397
0.16,0.095,0.153212853494424,0.0982585401000927,-0.00678714650557632,0.00325854010009269,0.0075288406326651,-0.59553848425772,-0.217045930831445,0.207882877725357,0.66707971028265
0.16,0.11,0.152475664316629,0.114279191385264,-0.00752433568337063,0.0042791913852635,0.00865604450010269,-0.703027909257769,-0.249087983497486,0.23791877915347,0.782884375935162
0.16,0.125,0.152414667824668,0.130088341200659,-0.0075853321753321,0.00508834120065865,0.00913391922366564,-0.794024839701206,-0.27225979966438,0.251054319031784,0.876152997053324
0.16,0.14,0.152946213764928,0.14568733842232,-0.00705378623507247,0.00568733842231955,0.00906099986646563,-0.867723157314249,-0.287780554155194,0.248863554764239,0.947478047860276
0.16,0.155,0.153974593416019,0.161080740931016,-0.00602540658398083,0.00608074093101646,0.00856042842224725,-0.923521117182045,-0.29682414044089,0.233306614447235,0.997723887043673
0.16,0.17,0.155393549995678,0.176276285861407,-0.00460645000432245,0.00627628586140699,0.00778531604088232,-0.961049564324212,-0.300468529666606,0.206695736065441,1.02793437130442
0.16,0.185,0.157088252217937,0.191284738284368,-0.00291174778206314,0.00628473828436821,0.00692648615456301,-0.98019408696556,-0.299647723039584,0.171644869065145,1.03925972641234
0.16,0.2,0.158937658551954,0.206119621590867,-0.00106234144804586,0.00611962159086715,0.00621114625231475,-0.981109473681531,-0.29510942839819,0.131004354577068,1.03288741264576
0.16,0.215,0.160817168582583,0.220796841417407,0.000817168582582808,0.00579684141740677,0.00585415535418415,-0.96422520843079,-0.287381360849311,0.0877833728492803,1.00997556028054
0.16,0.23,0.16260143436034,0.235334222679971,0.00260143436034029,0.00533422267997063,0.00593476135414662,-0.930241265030009,-0.27674854823448,0.0450638660924492,0.971592477756989
0.16,0.245,0.164167191161094,0.249750985540212,0.00416719116109417,0.00475098554021219,0.00631960012788837,-0.880114073841782,-0.263243245066155,0.00591039138032387,0.918667949808802
0.16,0.26,0.165395965832606,0.264067189780801,0.00539596583260581,0.00406718978080095,0.0067571058878562,-0.815033192534328,-0.246648110097489,-0.0267192766713041,0.851963431534234
0.16,0.275,0.166176531713974,0.278303178325781,0.00617653171397368,0.00330317832578142,0.00700432231308889,-0.736389834657642,-0.226512283402763,-0.0500580208426237,0.77207035197654
0.16,0.29,0.16640700071294,0.292479048820005,0.0064070007129404,0.0024790488200046,0.006869886548378,-0.645738935147991,-0.202179027749719,-0.0616034348253465,0.679452371353268
0.16,0.305,0.165996472444205,0.306614178228633,0.00599647244420484,0.00161417822863336,0.00620993181346639,-0.544756801527451,-0.172822782751049,-0.0591785828326917,0.574571630285486
0.16,0.32,0.164866194315455,0.320726819599692,0.00486619431545482,0.000726819599692063,0.00492017416828524,-0.43519659041295,-0.137492904757599,-0.0409770728721812,0.458236413796082
0.16,0.335,0.162950220690643,0.334833783351879,0.0029502206906428,-0.000166216648120943,0.0029548993379825,-0.318843836518858,-0.0951610728357973,-0.00559125787613616,0.332789115485207
0.16,0.35,0.160195590871718,0.348950208483961,0.000195590871718443,-0.00104979151603857,0.0010678567395705,-0.197474081489773,-0.0447693416372581,0.0479764297428748,0.208091547691491
0.18,0.05,0.181901243071012,0.0479276998501968,0.00190124307101211,-0.00207230014980325,0.00281232166118069,0.03673765896851,0.0474417758880569,-0.13058631077751,0.143712118750344
0.18,0.065,0.178644474255887,0.0647039982804716,-0.00135552574411293,-0.000296001719528427,0.00138746785941755,-0.120171435373088,-0.0299390466826981,-0.0389019790446172,0.129810984041395
0.18,0.08,0.176220569654903,0.0812741013808539,-0.00377943034509695,0.00127410138085388,0.00398841172174256,-0.263641603702488,-0.094693589529609,0.0351240605271068,0.282325400919558
0.18,0.095,0.17458661822281,0.0976296652586683,-0.00541338177718978,0.00262966525866831,0.00601829225264588,-0.392430936994082,-0.147685411361407,0.0918450622156345,0.429242819682383
0.18,0.11,0.173686468829081,0.113764991476636,-0.00631353117091935,0.00376499147663634,0.00735090720015662,-0.50539779392745,-0.189867350927871,0.131963776955413,0.555781793123861
0.18,0.125,0.173450771646499,0.129677319504436,-0.00654922835350104,0.00467731950443601,0.00804796308222642,-0.601535218724677,-0.222247423139389,0.156543490957746,0.660113036528863
0.18,0.14,0.173797478553846,0.145367035482855,-0.00620252144615409,0.0053670354828545,0.00820221568627774,-0.680004854644456,-0.245850016920862,0.16700670471436,0.742123825469323
0.18,0.155,0.174632828445435,0.160837779208036,-0.00536717155456452,0.0058377792080363,0.00793008175102297,-0.740168696814285,-0.261674181068641,0.165120069324269,0.802245740942443
0.18,0.17,0.175852813759808,0.176096436513246,-0.00414718624019178,0.00609643651324648,0.00737330942459904,-0.781616923578421,-0.27065119961754,0.152964936465129,0.841182541694225
0.18,0.185,0.177345091638215,0.191153011169784,-0.0026549083617846,0.00615301116978423,0.00670134948088542,-0.804190081937492,-0.273603930479331,0.132893777104134,0.859799643695035
0.18,0.2,0.178991270190961,0.206020378463091,-0.0010087298090392,0.00602037846309117,0.00610430116118924,-0.807994080515333,-0.27121045387847,0.107473704097081,0.859054111278357
0.18,0.215,0.180669470790552,0.220713930971849,0.000669470790552174,0.00571393097184864,0.00575301645143256,-0.793406775225042,-0.263974424094338,0.0794193061590946,0.839938609847853
0.18,0.23,0.182257044992532,0.235251134698071,0.00225704499253174,0.00525113469807076,0.00571565111912853,-0.761075393061648,-0.252204132620406,0.0515178536844792,0.803434717285321
0.18,0.245,0.18363331183631,0.249651020024788,0.00363331183630987,0.00465102002478812,0.00590194393152371,-0.711904593006781,-0.236001701473815,0.0265505753597607,0.750478472755656
0.18,0.26,0.184682179973937,0.263933635818398,0.00468217997393705,0.00393363581839801,0.00611525143065442,-0.647035557236346,-0.215263087766238,0.00721405055301884,0.681946289532119
0.18,0.275,0.185294529184164,0.278119496591302,0.00529452918416362,0.00311949659130228,0.00614518496589866,-0.567817087735941,-0.189688776323553,-0.00395423825943036,0.598679358234114
0.18,0.29,0.185370246075193,0.29222905126281,0.00537024607519346,0.00222905126280964,0.00581448298994537,-0.475770176885636,-0.158804248378904,-0.00464248131711477,0.501596660731943
0.18,0.305,0.18481983653752,0.306282198560152,0.00481983653752038,0.00128219856015183,0.00498747003961647,-0.372547895377023,-0.121988633848955,0.00717982559182559,0.392078194894993
0.18,0.32,0.183565569602892,0.32029786876865,0.00356556960289189,0.0002978687686504,0.00357798999389377,-0.259892649969766,-0.0785094459657648,0.0332194031096824,0.273517080687527
0.18,0.335,0.181542139962531,0.334293685112409,0.00154213996253133,-0.00070631488759082,0.00169619467764422,-0.139592903526911,-0.0275610059717118,0.0748310930251557,0.160765348275223
0.18,0.35,0.178696866581721,0.348285711435564,-0.00130313341827926,-0.00171428856443584,0.00215335598264469,-0.0134413215244374,0.0316958985888722,0.133004375012557,0.137388034159368
0.2,0.05,0.203879392930147,0.0466405437953749,0.003879392930147,-0.00335945620462513,0.00513182574697045,0.313468583290165,0.187424299884685,-0.276642678738129,0.458173232782587
0.2,0.065,0.200492292866024,0.0635534485838095,0.000492292866024424,-0.00144655141619054,0.0015280259374832,0.152656099634005,0.0989868777249261,-0.179661023510361,0.255696066838767
0.2,0.08,0.197922295207399,0.0802522803223731,-0.00207770479260125,0.000252280322373066,0.0020929650179243,0.00541146906667092,0.023424829748265,-0.0987938317951484,0.101677089642658
0.2,0.095,0.196126997726279,0.0967278005453104,-0.00387300227372053,0.00172780054531041,0.00424092458511341,-0.127029550962433,-0.0399353247005705,-0.0337083773977791,0.137359385264452
0.2,0.11,0.195051149157825,0.11297340134277,-0.00494885084217539,0.00297340134276969,0.00577340802328093,-0.243529663134867,-0.0918522262128953,0.0162376290717773,0.260782105003154
0.2,0.125,0.19462670409593,0.128985409881734,-0.0053732959040704,0.0039854098817344,0.00668997763808863,-0.343082800645206,-0.133142183233064,0.0520051367044754,0.371668760713929
0.2,0.14,0.194773318571217,0.14476331208608,-0.00522668142878253,0.00476331208608016,0.00707158686486828,-0.424846386638816,-0.164647657828005,0.0748723002419484,0.461747028975291
0.2,0.155,0.195399310138548,0.160309877299036,-0.00460068986145168,0.00530987729903648,0.00702574865278336,-0.488171579225414,-0.187203132369282,0.0864213412293645,0.529931272609483
0.2,0.17,0.196403078208053,0.175631170726406,-0.00359692179194714,0.00563117072640595,0.00668191066442193,-0.532629901470892,-0.201600092608259,0.0885131913191341,0.576345898974614
0.2,0.185,0.197674949237904,0.190736447086582,-0.002325050762096,0.00573644708658166,0.00618972424454228,-0.558034689579909,-0.208553092322587,0.0832501173722657,0.601523908536183
0.2,0.2,0.199099380318482,0.205637926644676,-0.000900619681517834,0.00563792664467633,0.00570940738268768,-0.564455941070453,-0.208668939691325,0.0729273242700265,0.606197210752053
0.2,0.215,0.200557426785767,0.220350462883598,0.000557426785766701,0.00535046288359797,0.0053794216873424,-0.552227436649863,-0.202420952045403,0.059975326828403,0.59121022040842
0.2,0.23,0.201929358475339,0.234891118603622,0.00192935847533873,0.00489111860362162,0.00525789552207487,-0.521945402229954,-0.190129947159848,0.0468955858786979,0.557474705633647
0.2,0.245,0.203097296990737,0.249278673473716,0.00309729699073727,0.00427867347371608,0.00528207301573083,-0.474458468355299,-0.171953204175811,0.0361924448843502,0.50595483906614
0.2,0.26,0.203947745126033,0.263533090176773,0.0039477451260332,0.00353309017677317,0.00529786917329316,-0.410849204750696,-0.14788206513311,0.0303047130573064,0.437704788200054
0.2,0.275,0.204373888858777,0.277674967997145,0.0043738888587774,0.00267496799714517,0.00512702228732116,-0.332408033025299,-0.117748225712904,0.0315402826661007,0.354054986407746
0.2,0.29,0.204277571280105,0.291725011926258,0.0042775712801054,0.00172501192625851,0.00461229684670411,-0.240600774188071,-0.0812381371870543,0.0420169382130076,0.257398333325841
0.2,0.305,0.203570863926799,0.305703542147431,0.00357086392679892,0.000703542147431235,0.0036395110573985,-0.137031444110545,-0.0379143844546994,0.0636120309536168,0.155761428625721
0.2,0.32,0.202177191119931,0.319630064015546,0.00217719111993134,-0.000369935984453895,0.00220839620659467,-0.0234021318107223,0.0127575310217941,0.0979230243121249,0.101485643091572
0.2,0.335,0.20003199378962,0.333522912566415,3.19937896198774e-05,-0.00147708743358532,0.0014774338865174,0.098528134041742,0.0713788514452186,0.146240124956525,0.190233911342787
0.2,0.35,0.197082947894252,0.347398979330725,-0.00291705210574822,-0.00260102066927526,0.00390826067575427,0.226983698062136,0.138585616257743,0.209531396367595,0.33857246173642
