target_x,target_y,gaze_x,gaze_y,error_px_x,error_px_y,error_px_xy,error_deg_x,error_deg_y,error_deg_z,error_deg_xyz
-0.2,0.05,-0.198181206078604,0.0536254107358631,0.00181879392139617,0.00362541073586307,0.0040560589655747,-0.12600676137694,0.128997386697018,-0.309491006481934,0.358194263853135
-0.2,0.065,-0.200156268984583,0.0670724876073664,-0.000156268984582847,0.00207248760736643,0.00207837072685072,-0.0514501078358052,0.070537331797577,-0.213212808004849,0.230396184429055
-0.2,0.08,-0.20157903504996,0.0805543296877591,-0.00157903504995954,0.000554329687759078,0.00167350921471374,0.0212869940886197,0.0222378499241274,-0.138273623299655,0.141658967979207
-0.2,0.095,-0.202488198565982,0.094091249248024,-0.00248819856598198,-0.000908750751976009,0.00264895451696924,0.0907078347764704,-0.0171927230043096,-0.0834853255587908,0.124472112099337
-0.2,0.11,-0.202930152209762,0.107705564691394,-0.00293015220976152,-0.00229443530860578,0.00372158909039502,0.155309028868248,-0.0490244031175446,-0.0471882852092413,0.169561321634099
-0.2,0.125,-0.202958777610986,0.121421304241706,-0.00295877761098605,-0.00357869575829393,0.00464342850507072,0.21362086935915,-0.0744484655282353,-0.0272646408560919,0.227859340201554
-0.2,0.14,-0.202634991698807,0.135263801140019,-0.00263499169880656,-0.00473619885998076,0.00541984878885588,0.264249383313155,-0.0945204349062273,-0.0211715806237589,0.281443145756293
-0.2,0.155,-0.20202604269174,0.149259186183717,-0.00202604269174016,-0.00574081381628309,0.00608783970403136,0.305917933335727,-0.110106822056632,-0.0259946977125976,0.326167603863128
-0.2,0.17,-0.201204564010493,0.163433791665216,-0.00120456401049349,-0.00656620833478354,0.00667578207786601,0.337506040556652,-0.121839325874925,-0.0385200189725647,0.360886922992086
-0.2,0.185,-0.200247410009734,0.177813489006241,-0.000247410009733828,-0.0071865109937586,0.0071907685247357,0.358083149792856,-0.130079916218671,-0.0553218167647529,0.384974528703201
-0.2,0.2,-0.199234312530864,0.192422989574033,0.000765687469136099,-0.00757701042596683,0.00761560006142668,0.366935303199025,-0.134899537799876,-0.0728619609190211,0.397679396351639
-0.2,0.215,-0.198246410506015,0.207285143479629,0.00175358949398469,-0.0077148565203715,0.00791164251235685,0.363583148646335,-0.136072189423335,-0.0875955587927986,0.397972317386873
-0.2,0.23,-0.197364714566714,0.222420273659223,0.00263528543328561,-0.00757972634077726,0.00802477293859209,0.347790320301521,-0.133084937782042,-0.0960770508466281,0.384579071899951
-0.2,0.245,-0.196668573843509,0.237845581873439,0.00333142615649101,-0.00715441812656135,0.00789202755734052,0.319561932745111,-0.125163158681041,-0.0950608921665853,0.356121645870751
-0.2,0.26,-0.196234212022771,0.253574659249749,0.00376578797722904,-0.00642534075025135,0.0074475608655642,0.279133643027843,-0.111309112599667,-0.0815914467249687,0.311388362110771
-0.2,0.275,-0.196133394536038,0.269617127051653,0.00386660546396231,-0.0053828729483467,0.00662766617988458,0.226952375161854,-0.0903509925129507,-0.0530776852861626,0.249976043326488
-0.2,0.29,-0.196432278856136,0.285978424210715,0.00356772114386361,-0.00402157578928482,0.00537603069088461,0.163650306405219,-0.0609989329825093,-0.00734957785120744,0.174803697348538
-0.2,0.305,-0.197190486595468,0.302659747900251,0.00280951340453162,-0.00234025209974865,0.00365652095038724,0.0900140346501416,-0.0219041899266785,0.0573054537577408,0.10893226599588
-0.2,0.32,-0.198460420791604,0.319658143094396,0.00153957920839587,-0.000341856905604218,0.00157707649872609,0.00695097077094212,0.0282822101534065,0.142126179521297,0.14507950080937
-0.2,0.335,-0.200286836183338,0.336966727828765,-0.000286836183337996,0.00196672782876466,0.00198753448989175,-0.0845450623563416,0.0908546472841228,0.247880136507679,0.277213178774248
-0.2,0.35,-0.202706655595402,0.354575033463378,-0.00270665559540151,0.0045750334633778,0.00531572344118324,-0.183427257976784,0.167004568096963,0.37488290888951,0.449526769693074
-0.18,0.05,-0.17919288268336,0.0524132533198283,0.000807117316639822,0.00241325331982825,0.00254464731318152,0.0285479086198439,0.0414314001256876,-0.187483197978115,0.194117308785394
-0.18,0.065,-0.181103301017207,0.066021720453564,-0.00110330101720676,0.001021720453564,0.00150372398391477,0.103323378609426,-0.00927714871027862,-0.100772190874945,0.144626524594936
-0.18,0.08,-0.182450353830727,0.0796489612178768,-0.00245035383072745,-0.000351038782123198,0.0024753711079988,0.176622138495298,-0.0499855756491337,-0.0373407430255677,0.187318712152892
-0.18,0.095,-0.183272821779209,0.093313774639503,-0.00327282177920898,-0.00168622536049703,0.00368167331044567,0.246923394269385,-0.0822144153466538,0.00403809643318695,0.260282145867804
-0.18,0.11,-0.183617411573482,0.107037111397943,-0.00361741157348207,-0.00296288860205743,0.00467593577374239,0.312690106949443,-0.107466844375984,0.0251175485386711,0.331595271040625
-0.18,0.125,-0.183538558961365,0.120841817859997,-0.00353855896136485,-0.00415818214000349,0.00546002547910717,0.372410800685058,-0.127161870584729,0.0281658293404604,0.394529941531665
-0.18,0.14,-0.183097977915608,0.134752267526298,-0.0030979779156082,-0.00524773247370183,0.00609394480456961,0.424643646191252,-0.142566899324308,0.0159319356001045,0.448221371844125
-0.18,0.155,-0.182363948528214,0.1487938834507,-0.00236394852821397,-0.00620611654930026,0.00664109443296386,0.468060525426139,-0.154734055440256,-0.00841185202449032,0.493047201342039
-0.18,0.17,-0.181410351368025,0.162992563748135,-0.00141035136802517,-0.0070074362518654,0.00714795451896889,0.501488562563809,-0.164444782559671,-0.0413493590138081,0.52938136350414
-0.18,0.185,-0.180315472405526,0.177374031023186,-0.000315472405525548,-0.00762596897681389,0.0076324914460467,0.523946607012555,-0.172166932789277,-0.0791186038950433,0.557156799626594
-0.18,0.2,-0.17916061875604,0.191963134403364,0.000839381243959713,-0.00803686559663583,0.00808057977444069,0.534674404071916,-0.178027787122965,-0.117823752400752,0.575722013496691
-0.18,0.215,-0.178028599580149,0.206783138992885,0.00197140041985083,-0.00821686100711494,0.0084500428653134,0.533152658981828,-0.181805267530456,-0.153554824145653,0.583855244817719
-0.18,0.23,-0.177002136942072,0.22185504078929,0.00299786305792779,-0.00814495921070973,0.00867914416623053,0.519112873987528,-0.182938149163838,-0.182508320253686,0.57987645195472
-0.18,0.245,-0.17616227708078,0.237196945175486,0.00383772291921962,-0.00780305482451363,0.00869573354002231,0.492536606822061,-0.180554520728622,-0.201101840560159,0.561815559844089
-0.18,0.26,-0.175586872649432,0.25282354357563,0.00441312735056761,-0.0071764564243704,0.00842479790993321,0.453644596741545,-0.173516272223935,-0.206076340569242,0.52760851214726
-0.18,0.275,-0.175349200959598,0.268745716247246,0.00465079904040243,-0.00625428375275444,0.00779397183560323,0.402876918392198,-0.160476184308419,-0.194580823828834,0.475316115655298
-0.18,0.29,-0.175516772950558,0.284970280105723,0.00448322704944168,-0.00502971989427728,0.00673775979029634,0.34086588998051,-0.13994338767708,-0.164235827286959,0.403420111089572
-0.18,0.305,-0.176150373488777,0.30149989000499,0.00384962651122286,-0.00350010999500983,0.00520292170353135,0.268403820420166,-0.110352617842007,-0.113173830558098,0.311491357793701
-0.18,0.32,-0.177303357503135,0.318333091307258,0.00269664249686544,-0.00166690869274166,0.00317024689036018,0.186407815470546,-0.0701328074518721,-0.04005648714228,0.203152774404932
-0.18,0.335,-0.179021209867159,0.335464511831167,0.000978790132841412,0.000464511831167108,0.00108342113946606,0.0958837890770989,-0.0177710684163474,0.0559298530094936,0.112417366953657
-0.18,0.35,-0.181341361622352,0.352885173431499,-0.00134136162235243,0.00288517343149947,0.00318174114782305,-0.00210841646985334,0.0481310880351313,0.175097618585109,0.181604654952764
-0.16,0.05,-0.160137580878084,0.0514917108923899,-0.00013758087808402,0.00149171089238995,0.00149804201693049,0.145179131454907,-0.025922874237067,-0.0606832594530227,0.159472411453523
-0.16,0.065,-0.161992501536823,0.0652729354876573,-0.00199250153682318,0.000272935487657319,0.00201110819069126,0.218396348117637,-0.0682891679430501,0.0173716748991406,0.229482506565011
-0.16,0.08,-0.163273679460786,0.0790566136662076,-0.00327367946078647,-0.000943386333792429,0.00340689814740058,0.290584425539697,-0.100774077290247,0.070199650921528,0.315472606483221
-0.16,0.095,-0.164019927111662,0.0928598894550564,-0.0040199271116618,-0.00214011054494363,0.00455410662234126,0.360227019031944,-0.125137384834038,0.0990509810285997,0.393998196548717
-0.16,0.11,-0.164278195980261,0.106702198691996,-0.00427819598026084,-0.0032978013080041,0.00540170846238425,0.425780983899668,-0.143128609502842,0.105757899522909,0.461477117178215
-0.16,0.125,-0.164103392771224,0.120605057459821,-0.00410339277122397,-0.0043949425401789,0.00601276576680044,0.485718661722194,-0.15640995376308,0.0927261067122473,0.51863923832376
-0.16,0.14,-0.163557932817951,0.13459173438236,-0.00355793281795135,-0.00540826561763953,0.00647365607118552,0.538573039688445,-0.166477679777233,0.0629003398445277,0.567216728729463
-0.16,0.155,-0.162711021897693,0.148686807875112,-0.00271102189769319,-0.00631319212488753,0.00687066478119213,0.582983418753919,-0.174587066013472,0.0197032599172198,0.608885882353391
-0.16,0.17,-0.161637673480701,0.162915618220622,-0.00163767348070114,-0.00708438177937769,0.00727120620154389,0.61773893429885,-0.18168635128095,-0.0330510278505429,0.644754277567368
-0.16,0.185,-0.160417485763706,0.177303633534739,-0.00041748576370626,-0.00769636646526102,0.00770768130701392,0.641817232553877,-0.188364783377267,-0.0912653606724924,0.675089097948761
-0.16,0.2,-0.159133219753293,0.191875757227937,0.000866780246707225,-0.00812424277206338,0.0081703505809424,0.654415833036681,-0.194819022196859,-0.150684379406422,0.699232711129279
-0.16,0.215,-0.15786923472208,0.206655611420336,0.00213076527792046,-0.00834438857966448,0.00861214151288902,0.654974181984192,-0.200840764916227,-0.20702885652892,0.715678558346473
-0.16,0.23,-0.156709848512121,0.221664834950277,0.0032901514878789,-0.00833516504972327,0.00896103081231842,0.643185111155978,-0.205826721320632,-0.256131572942268,0.722261737210272
-0.16,0.245,-0.155737696268632,0.2369224353478,0.00426230373136843,-0.00807756465219976,0.00913314205566213,0.618995240562673,-0.208810175928427,-0.294066660091389,0.716406787138342
-0.16,0.26,-0.155032161471747,0.252444231317941,0.00496783852825258,-0.00755576868205872,0.00904262462007409,0.582594728026894,-0.208511578372428,-0.317264979764957,0.695382411661332
-0.16,0.275,-0.154667947400069,0.26824241602899,0.00533205259993125,-0.00675758397101046,0.00860788743268005,0.534397550985763,-0.203404125617737,-0.322609455354068,0.656532982996823
-0.16,0.29,-0.154713846368968,0.284325262585723,0.00528615363103208,-0.00567473741427739,0.00775538941200719,0.475014126815932,-0.191789309009208,-0.30750611942822,0.597482056793379
-0.16,0.305,-0.155231749270083,0.300696982520884,0.00476825072991702,-0.00430301747911603,0.00642278556772155,0.405218472396114,-0.171876978896759,-0.269928743403013,0.516340040174253
-0.16,0.32,-0.156275920965412,0.31735773723247,0.00372407903458832,-0.00264226276753049,0.00456621475497355,0.32591225484074,-0.141864626307444,-0.208437006528684,0.412057141136932
-0.16,0.335,-0.157892549681233,0.334303792164868,0.00210745031876675,-0.000696207835131843,0.00221947115227232,0.238088004047607,-0.100011208483367,-0.122170005843071,0.285681324040331
-0.16,0.35,-0.16011956240284,0.351527795135463,-0.000119562402839585,0.00152779513546294,0.00153246635986472,0.142793494269185,-0.0447018186128923,-0.010818349578126,0.150017612758286
-0.14,0.05,-0.141006513844496,0.0508325673498503,-0.00100651384449582,0.000832567349850252,0.00130623065007618,0.22319695930827,-0.0758858601423659,0.067875645305999,0.245321710376581
-0.14,0.065,-0.142815244861428,0.0647971191548666,-0.00281524486142759,-0.000202880845133438,0.00282254570682505,0.292888180305933,-0.109600304325111,0.138373904651935,0.3419698780828
-0.14,0.08,-0.144040629039062,0.0787475542164046,-0.00404062903906247,-0.0012524457835954,0.00423028408882439,0.362096273205643,-0.133496086589563,0.18173530685617,0.426571774112393
-0.14,0.095,-0.144721458087532,0.0926992308881695,-0.00472145808753222,-0.0023007691118305,0.0052522095329753,0.429342337101462,-0.149575856044787,0.199216775341239,0.496383565255454
-0.14,0.11,-0.144904858813394,0.106669932923727,-0.00490485881339417,-0.00333006707627331,0.00592848941230479,0.493109632588125,-0.159842052485407,0.192712150324258,0.553034301758634
-0.14,0.125,-0.144646123062921,0.120679705957098,-0.00464612306292082,-0.00432029404290205,0.00634439911519914,0.551885151562712,-0.166209410037573,0.164747373977707,0.599456223321755
-0.14,0.14,-0.144008266651534,0.134750574899845,-0.00400826665153371,-0.00524942510015466,0.00660474567503784,0.604204648400764,-0.170414697336211,0.118446655359876,0.638856998775368
-0.14,0.155,-0.143061307084398,0.148906140700023,-0.00306130708439832,-0.00609385929997742,0.00681958372871165,0.648698764488381,-0.173929643554538,0.0574684625239391,0.674069338306079
-0.14,0.17,-0.141881266395116,0.163171063834988,-0.00188126639511644,-0.00682893616501237,0.00708332777691448,0.684137538944254,-0.177883404055023,-0.0140874950469709,0.707030040775585
-0.14,0.185,-0.140548923458509,0.177570451523218,-0.000548923458508488,-0.0074295484767824,0.00744979916052511,0.709470496561376,-0.183000672166461,-0.0917986258218659,0.738425464495452
-0.14,0.2,-0.139148358059618,0.192129174867925,0.00085164194038238,-0.00787082513207453,0.00791676589614183,0.723859688529766,-0.189560593924311,-0.171057138583973,0.767577633739175
-0.14,0.215,-0.137765344722182,0.206871149781587,0.00223465527781752,-0.00812885021841302,0.00843041458553914,0.726703531807764,-0.197380057374118,-0.247219141561471,0.792580741191634
-0.14,0.23,-0.136485666279091,0.221818620588462,0.00351433372090883,-0.00818137941153828,0.00890424115674431,0.717649999447048,-0.205822880183878,-0.315756103923939,0.810615480591507
-0.14,0.245,-0.135393423721684,0.236991486855855,0.00460657627831643,-0.00800851314414472,0.00923887589417059,0.696598575621928,-0.213834167428655,-0.372399376943122,0.818332027054265
-0.14,0.26,-0.134569419237094,0.252406711803215,0.0054305807629059,-0.00759328819678462,0.00933537535731007,0.663691295010663,-0.219996952444295,-0.413269190408375,0.812211342546732
-0.14,0.275,-0.134089683607407,0.268077844963699,0.00591031639259268,-0.0069221550363012,0.00910209152926621,0.619294020595201,-0.222606447703653,-0.434981084339945,0.78885809150189
-0.14,0.29,-0.134024207746755,0.284014683060079,0.00597579225324499,-0.00598531693992049,0.00845778410254376,0.563969778827383,-0.219756029982562,-0.434724891220695,0.745216870521356
-0.14,0.305,-0.134435922793775,0.300223082542035,0.00556407720622518,-0.00477691745796478,0.0073333413637334,0.498446398122476,-0.209428571772497,-0.410313839630507,0.678728202278148
-0.14,0.32,-0.135379955353092,0.316704926051692,0.0046200446469081,-0.00329507394830762,0.00567470923169106,0.423580867949633,-0.189586905438117,-0.360203788116663,0.587463819130423
-0.14,0.335,-0.136903166285119,0.333458234577408,0.00309683371488104,-0.00154176542259217,0.003459395854181,0.340322755781043,-0.158257960901585,-0.283484739973754,0.470350933331762
-0.14,0.35,-0.139043964546638,0.350477408192539,0.000956035453362453,0.00047740819253915,0.00106860767842527,0.24967874525596,-0.113606284177557,-0.179848441042243,0.328011614483686
-0.12,0.05,-0.121790899240842,0.0504051296246202,-0.00179089924084161,0.000405129624620193,0.00183615089347035,0.263221265638883,-0.111646897434196,0.194738826021072,0.345939356402374
-0.12,0.065,-0.123562858142415,0.0645626275627398,-0.00356285814241497,-0.000437372437260247,0.00358960343100009,0.327294351968684,-0.136741048736542,0.258947305566465,0.439174633400918
-0.12,0.08,-0.124742717592039,0.0786892701339992,-0.00474271759203887,-0.00131072986600078,0.00492050637022872,0.391517042351392,-0.152011559909334,0.294196314302036,0.512782931917299
-0.12,0.095,-0.125369198679508,0.0927985131165275,-0.0053691986795085,-0.00220148688347255,0.00580300258126235,0.454484105644552,-0.159699299169941,0.301732257589454,0.568422970846452
-0.12,0.11,-0.125489534631044,0.106906363617848,-0.00548953463104371,-0.00309363638215226,0.00630123611130422,0.51474157491354,-0.162057850207081,0.28349101718742,0.609583708544072
-0.12,0.125,-0.125159314844358,0.121031267753808,-0.00515931484435818,-0.0039687322461925,0.00650917547045575,0.570826244518868,-0.161255779630639,0.242097518071697,0.640672703437754
-0.12,0.14,-0.124442050450058,0.135193876947157,-0.00444205045005837,-0.00480612305284311,0.00654451151728941,0.621309144745999,-0.15927472195304,0.180833340654964,0.666407678497421
-0.12,0.155,-0.12340844993969,0.149416688471489,-0.00340844993969022,-0.00558331152851131,0.0065414752629496,0.664840724238789,-0.157810022238058,0.103570704609169,0.691122184619867
-0.12,0.17,-0.122135410367804,0.163723564918827,-0.00213541036780425,-0.006276435081173,0.00662975224025038,0.700195078869771,-0.158181258396626,0.0146737572584834,0.717994794054457
-0.12,0.185,-0.120704748490745,0.178139147230794,-0.000704748490744745,-0.00686085276920623,0.00689695375915569,0.72631040505546,-0.161259790288579,-0.0811290298400614,0.748412592101451
-0.12,0.2,-0.119201714814977,0.192688185763365,0.00079828518502296,-0.00731181423663463,0.00735526251521181,0.742322985394377,-0.167419473285226,-0.178894809206651,0.781719595959982
-0.12,0.215,-0.117713350197894,0.207394822374994,0.00228664980210627,-0.00760517762500594,0.00794150451900417,0.747592444798622,-0.176514892475001,-0.27362987133556,0.815436386752341
-0.12,0.23,-0.116326757130086,0.222281862425706,0.00367324286991447,-0.00771813757429406,0.00854765235588739,0.741716693794519,-0.187889114427566,-0.360456526043106,0.845806048491635
-0.12,0.245,-0.115127364950359,0.237370078167711,0.00487263504964144,-0.00762992183228853,0.00905308121546622,0.724535837434377,-0.200410322279976,-0.434772809617026,0.868422886957912
-0.12,0.26,-0.114197268770682,0.252677583638584,0.00580273122931819,-0.00732241636141623,0.00934288344621941,0.696125242027161,-0.212534151331606,-0.492395227116086,0.878765791069262
-0.12,0.275,-0.113613716029053,0.268219316036877,0.00638628397094651,-0.00678068396312287,0.00931462817107156,0.656778813512349,-0.222386420077618,-0.529676488113795,0.872574367857388
-0.12,0.29,-0.113447802808044,0.284006650244656,0.00655219719195602,-0.00599334975534366,0.00887983836182586,0.606984231593543,-0.227859512166876,-0.543592656495157,0.846082619612889
-0.12,0.305,-0.11376342610459,0.300047162682922,0.0062365738954101,-0.00495283731707817,0.00796400975905685,0.547392341647072,-0.226715045157451,-0.531796957180465,0.796150921581943
-0.12,0.32,-0.114616519660732,0.316344549376749,0.00538348033926769,-0.00365545062325057,0.00650724056895892,0.478783095212634,-0.216685656030014,-0.492640281779478,0.720338259213403
-0.12,0.335,-0.116054582069232,0.332898692179515,0.00394541793076841,-0.002101307820485,0.0044701025944446,0.402030367360662,-0.195569618254239,-0.425160889090362,0.616961385671075
-0.12,0.35,-0.118116488240518,0.349705857808493,0.00188351175948168,-0.000294142191507224,0.0019063410442338,0.318067711484016,-0.161313373141827,-0.329047667263623,0.48524514234963
-0.1,0.05,-0.102482071557342,0.050176468093198,-0.00248207155734162,0.000176468093198018,0.00248833683485199,0.267330252175419,-0.136567587795294,0.316128043966554,0.43595186300536
-0.1,0.065,-0.104226733141461,0.0645354363764934,-0.00422673314146074,-0.00046456362350665,0.00425218677969445,0.323656700252802,-0.153459831765497,0.375451102305497,0.518911312600722
-0.1,0.08,-0.105371467901444,0.0788467270464812,-0.00537146790144374,-0.00115327295351882,0.00549387895039183,0.380835451094855,-0.160448051094809,0.404132403362358,0.578018209881015
-0.1,0.095,-0.105954879691602,0.0931217926531001,-0.00595487969160169,-0.00187820734689993,0.00624405757335718,0.437572621700337,-0.159997309384701,0.403391382222463,0.616276891632542
-0.1,0.11,-0.106024240610662,0.107374754443687,-0.00602424061066245,-0.0026252455563129,0.00657140693962072,0.492515528618053,-0.154600800232595,0.375185153634571,0.638154419243393
-0.1,0.125,-0.105635349122274,0.121622343767519,-0.00563534912227429,-0.00337765623248104,0.00657006250767339,0.544288669174436,-0.146672553825062,0.322213037403633,0.649298657558756
-0.1,0.14,-0.104852103231311,0.135883720494542,-0.00485210323131129,-0.00411627950545763,0.00636291306984089,0.591534070519985,-0.138434367153501,0.247886442806866,0.656147105690797
-0.1,0.155,-0.103745775947826,0.150180161147106,-0.0037457759478257,-0.00481983885289439,0.00610423492496642,0.632953939658248,-0.131804435934414,0.156261850674703,0.665150985752583
-0.1,0.17,-0.102393997758945,0.164534618490117,-0.00239399775894547,-0.00546538150988264,0.0059667093375162,0.667353115199197,-0.128295953456078,0.0519375310056268,0.68155925399817
-0.1,0.185,-0.100879470328383,0.178971164661352,-0.000879470328382988,-0.00602883533864755,0.00609264504127982,0.693678610077568,-0.128933866824076,-0.0600821581363036,0.708117366218904
-0.1,0.2,-0.099288454983089,0.193514340323438,0.000711545016910963,-0.00648565967656226,0.00652457490962258,0.711053593160539,-0.134196941421355,-0.174547905018017,0.744366036170848
-0.1,0.215,-0.0977090969332995,0.20818844161104,0.00229090306670052,-0.00681155838895961,0.00718648485333573,0.718803514542318,-0.143990328346915,-0.286142419562314,0.786955479836209
-0.1,0.23,-0.0962296593009372,0.22301678353775,0.00377034069906285,-0.00698321646224993,0.00793604316682112,0.716472705277137,-0.157651173240687,-0.389661977307841,0.830683798595592
-0.1,0.245,-0.0949367485851944,0.238020982034324,0.00506325141480561,-0.00697901796567606,0.00862225067222939,0.70383058836351,-0.173986793903642,-0.480190763920839,0.869624395354483
-0.1,0.26,-0.0939136139360926,0.253220296327332,0.00608638606390738,-0.00677970367266766,0.00911089881450284,0.680867525786003,-0.191342007928826,-0.553257033177165,0.897943316436824
-0.1,0.275,-0.0932385966134445,0.268631068921232,0.00676140338655548,-0.00636893107876785,0.00928869521740373,0.64778117630349,-0.207689716347784,-0.604962017291799,0.910358142653899
-0.1,0.29,-0.0929837940203388,0.284266292561706,0.00701620597966121,-0.00573370743829443,0.00906104559843877,0.604954934452258,-0.220737155735001,-0.632075288197322,0.90234769566437
-0.1,0.305,-0.0932139860628992,0.300135323264045,0.00678601393710085,-0.0048646767359547,0.00834955477255319,0.552930495888435,-0.228039486609319,-0.632093451700802,0.870224586076239
-0.1,0.32,-0.0939858525139735,0.316243747031416,0.00601414748602649,-0.00375625296858434,0.00709079729985828,0.492376807813213,-0.227112588591233,-0.603262217882715,0.811141998231001
-0.1,0.335,-0.0953474903862438,0.332593396713817,0.00465250961375618,-0.002406603286183,0.00523808983152833,0.424057629827661,-0.215537940058289,-0.544564658570197,0.723076125694169
-0.1,0.35,-0.0973382221297642,0.349182505599111,0.00266177787023578,-0.000817494400888991,0.0027844853251475,0.348799691017351,-0.191054027140407,-0.455680558367641,0.604823142692287
-0.08,0.05,-0.083071600556669,0.0501117082972342,-0.00307160055666897,0.000111708297234225,0.00307363119508507,0.23912695373464,-0.153942551529255,0.42807562444196,0.513936299922169
-0.08,0.065,-0.0847984451993445,0.0646794463381694,-0.0047984451993445,-0.000320553661830647,0.00480914035782127,0.285647513918683,-0.163461904502073,0.484017252074181,0.585311862245781
-0.08,0.08,-0.0859185286195525,0.0791826870980221,-0.0059185286195525,-0.000817312901977896,0.00597469508847117,0.333772223142971,-0.162918762810916,0.507828595972442,0.629158390724075
-0.08,0.095,-0.0864702945996796,0.0936307977322273,-0.00647029459967957,-0.00136920226777265,0.00661357898998087,0.382355447271274,-0.154978491736443,0.500687432546155,0.64877301367414
-0.08,0.11,-0.0865009885703221,0.108035922128532,-0.00650098857032205,-0.0019640778714678,0.0067912041845793,0.43018419085848,-0.142351807171586,0.464551131086233,0.648948942944761
-0.08,0.125,-0.0860665295748018,0.122412977923716,-0.00606652957480176,-0.00258702207628428,0.0065951091200318,0.47600914153071,-0.127679089884581,0.402166474169555,0.636104301078608
-0.08,0.14,-0.0852310918304433,0.136779529606068,-0.00523109183044326,-0.00322047039393245,0.00614294321125677,0.51858029009387,-0.113407233753872,0.317042525570807,0.618309300545027
-0.08,0.155,-0.0840663818653228,0.151155527375773,-0.00406638186532279,-0.00384447262422705,0.00559601923094062,0.556685369283156,-0.101667148980287,0.213383678890709,0.604789880988289
-0.08,0.17,-0.0826506152384084,0.165562910516523,-0.00265061523840843,-0.00443708948347682,0.0051685127673697,0.589188906692997,-0.0941610457414497,0.0959831561860355,0.604339327398212
-0.08,0.185,-0.0810672167368934,0.180025084536472,-0.00106721673689336,-0.0049749154635278,0.00508809742760035,0.615069415738415,-0.0920686746932819,-0.0299192417934182,0.622644363497385
-0.08,0.2,-0.0794032880804395,0.194566292344122,0.000596711919560475,-0.00543370765587753,0.00546637393566225,0.633452245934077,-0.0959806661163988,-0.158807823658579,0.660074828986788
-0.08,0.215,-0.0777479050620591,0.209210909755838,0.00225209493794092,-0.00578909024416224,0.00621172258432019,0.643635866581002,-0.105865015283034,-0.285079868165275,0.711864860877326
-0.08,0.23,-0.0761903199018623,0.223982703486752,0.00380968009813767,-0.00601729651324795,0.00712190422418697,0.645109879756318,-0.12106984024771,-0.403240396963485,0.7703482462779
-0.08,0.245,-0.074818152409925,0.238904094263289,0.00518184759007496,-0.00609590573671137,0.00800072566694024,0.637563778714645,-0.140362173873028,-0.50808998038661,0.827258380841511
-0.08,0.26,-0.0737156546112685,0.253995468184898,0.00628434538873152,-0.00600453181510213,0.00869180069280496,0.620886269870603,-0.161999220823297,-0.594893442168361,0.87501805490125
-0.08,0.275,-0.0729621274315705,0.269274575781826,0.00703787256842948,-0.00572542421817357,0.00907260341729432,0.595155776132137,-0.183825683802984,-0.659519413300087,0.90718538871697
-0.08,0.29,-0.0726305557328159,0.284756050864632,0.00736944426718408,-0.00524394913536813,0.00904476154143715,0.560623411302608,-0.203388807859133,-0.698543709793267,0.918502584740209
-0.08,0.305,-0.0727865110454671,0.300451071202179,0.00721348895453294,-0.00454892879782079,0.00852802298922863,0.517690192073658,-0.218061906694918,-0.709313024983613,0.904818275611467
-0.08,0.32,-0.0734873515612685,0.316367171609368,0.00651264843873151,-0.00363282839063225,0.00745734750446133,0.466880495549687,-0.225167328504383,-0.689968935773606,0.862988374702602
-0.08,0.335,-0.0747817287994056,0.332508208516569,0.00521827120059437,-0.00249179148343137,0.00578267923369901,0.408813778261942,-0.222090928645188,-0.639435287453658,0.790784736449267
-0.08,0.35,-0.0767093916026445,0.348874464860082,0.00329060839735551,-0.00112553513991837,0.00347777701641978,0.344176386410521,-0.206381867754623,-0.557374346299524,0.686820697755286
-0.06,0.05,-0.0635514130002995,0.0501743690396492,-0.00355141300029951,0.000174369039649236,0.00355569105247976,0.183702078526553,-0.166737082064997,0.52658821494678,0.582104604769388
-0.06,0.065,-0.0652698765554812,0.0649568392251887,-0.00526987655548122,-4.31607748113128e-05,0.00527005329787972,0.21854247837712,-0.170118818156572,0.580708802710723,0.643372590354591
-0.06,0.08,-0.0663757979134439,0.0796580816183709,-0.00637579791344392,-0.000341918381629114,0.00638495945271164,0.255764602117934,-0.163204362449631,0.601454816063482,0.673649997448642
-0.06,0.095,-0.066907422078575,0.0942853161377179,-0.006907422078575,-0.000714683862282073,0.00694429642185527,0.294404691895005,-0.148825912499606,0.58995042732788,0.675921652334512
-0.06,0.11,-0.06691190490402,0.108848637579312,-0.00691190490402002,-0.00115136242068828,0.00700714384225051,0.333425135670969,-0.129879096286723,0.54813323136475,0.654595753819632
-0.06,0.125,-0.0664451983737207,0.123361069397343,-0.00644519837372075,-0.00163893060265663,0.00665031394724618,0.371739285353847,-0.109200530659605,0.478769392585393,0.615904729849186
-0.06,0.14,-0.0655716410859648,0.137838493283179,-0.00557164108596481,-0.00216150671682067,0.00597622754567394,0.408240846477059,-0.0894362361151976,0.385430024222814,0.568522985092111
-0.06,0.155,-0.0643632388541357,0.152299441231496,-0.0043632388541357,-0.00270055876850378,0.00513136151137123,0.441836479937969,-0.0729095327724789,0.272425346414353,0.524168637567675
-0.06,0.17,-0.0628986385944034,0.166764745690381,-0.00289863859440342,-0.00323525430961857,0.00434384347656204,0.47147982384985,-0.0614982614468208,0.144696483698052,0.497004911166993
-0.06,0.185,-0.0612618191597257,0.181257054168478,-0.00126181915972566,-0.00374294583152193,0.00394991532688464,0.496204842808827,-0.0565313709006775,0.00766856168054311,0.499475153190052
-0.06,0.2,-0.0595405432721771,0.195800226070416,0.000459456727822925,-0.00419977392958354,0.00422483154035179,0.515156316941676,-0.0587139149748236,-0.132927397707542,0.535261741082648
-0.06,0.215,-0.0578246333268912,0.210418640371721,0.00217536667310885,-0.0045813596282788,0.00507159503569592,0.527615435942652,-0.0680873223963987,-0.271253004110685,0.59715605320472
-0.06,0.23,-0.0562041480539877,0.225136451485675,0.00379585194601233,-0.00486354851432505,0.00616948913178709,0.533018836316032,-0.0840286694719905,-0.401568398942717,0.67263085886851
-0.06,0.245,-0.0547675453749054,0.239976836201165,0.00523245462509463,-0.00502316379883525,0.00725332723331873,0.530969998698634,-0.10528901836188,-0.518431672128064,0.749529403886371
-0.06,0.26,-0.0535999179001385,0.254961276009509,0.00640008209986154,-0.00503872399049141,0.00814553806309453,0.521242598283712,-0.130067209030369,-0.61687866144195,0.818023211612675
-0.06,0.275,-0.0527813815894759,0.270108916332447,0.00721861841052411,-0.00489108366755289,0.00871958434787807,0.503776099434336,-0.156112338904594,-0.692572168930329,0.870535587160839
-0.06,0.29,-0.0523856855500473,0.285436037394053,0.00761431444995272,-0.00456396260594663,0.00887736104995387,0.478664500502599,-0.180845952483442,-0.74191287487986,0.901263793264429
-0.06,0.305,-0.0524790936694954,0.300955661772003,0.00752090633050462,-0.00404433822799663,0.00853936202152476,0.446139596152499,-0.20149392751718,-0.762108029507944,0.905795826176242
-0.06,0.32,-0.0531195685503246,0.316677312242648,0.00688043144967543,-0.00332268775735156,0.00764071926369086,0.406550391086229,-0.215218204858334,-0.751197816465484,0.88086068042494
-0.06,0.335,-0.0543562675867513,0.332606921821052,0.00564373241324867,-0.00239307817894821,0.00613013366272806,0.360340363733627,-0.219239692122933,-0.708042623573373,0.824164600676064
-0.06,0.35,-0.0562293417795269,0.34874688724421,0.00377065822047307,-0.00125311275579046,0.00397343113622797,0.308024168788218,-0.210945571787521,-0.632276985706235,0.734274123594325
-0.04,0.05,-0.0439139144693658,0.050326740083227,-0.00391391446936579,0.000326740083227001,0.00392752919218916,0.107480958833647,-0.177328255114685,0.607828806690114,0.642228653433555
-0.04,0.065,-0.0456333407830406,0.0653284770666625,-0.00563334078304062,0.00032847706666253,0.00564290931711577,0.129067442041119,-0.176177703046046,0.661699591146567,0.696813691894016
-0.04,0.08,-0.0467355493254558,0.0802324306873425,-0.00673554932545575,0.000232430687342466,0.00673955849741405,0.153814683353209,-0.164430265851167,0.68123977003223,0.717489108342042
-0.04,0.095,-0.0472585519818223,0.0950436335305599,-0.00725855198182235,4.36335305598889e-05,0.00725868312835092,0.180968677478354,-0.145043092866359,0.667511436166084,0.706657631731403
-0.04,0.11,-0.0472493552646128,0.109770080953372,-0.00724935526461279,-0.000229919046627919,0.00725300038057158,0.209697496325734,-0.121054581006847,0.622414355593204,0.667856220857271
-0.04,0.125,-0.0467638580846252,0.124422841973889,-0.00676385808462522,-0.000577158026111135,0.00678843778612241,0.239108853570703,-0.0954572085634365,0.548706130487359,0.606108048154256
-0.04,0.14,-0.0458664515126991,0.139016046337961,-0.0058664515126991,-0.000983953662038545,0.00594839626789344,0.268271995834388,-0.0710596804687685,0.449982378638198,0.528682765142666
-0.04,0.155,-0.0446293044613803,0.153566731470657,-0.00462930446138032,-0.0014332685293427,0.00484610343197088,0.296243044890444,-0.0503473401177432,0.330612941574971,0.446766969211838
-0.04,0.17,-0.0431313377129401,0.168094541730882,-0.00313133771294009,-0.00190545826911762,0.00366552139372144,0.322092509221091,-0.0353512170604454,0.195633567376313,0.378505358954472
-0.04,0.185,-0.0414569095306929,0.182621283334401,-0.00145690953069291,-0.00237871666559913,0.00278942258466208,0.344933372444742,-0.0275364279078582,0.0505965060444502,0.34971084110096
-0.04,0.2,-0.0396942571026726,0.19717035012808,0.000305742897327373,-0.00282964987192011,0.00284611965962846,0.363948002231302,-0.0277197227415035,-0.0986124528071203,0.37808923013826
-0.04,0.215,-0.0379337569957791,0.211766046856762,0.00206624300422089,-0.00323395314323779,0.00383768329661912,0.378412133263141,-0.036023756505055,-0.245979404162575,0.452769685051365
-0.04,0.23,-0.0362660825749082,0.226432846270724,0.00373391742509176,-0.00356715372927566,0.00516398344940116,0.387714403618159,-0.0518723959938292,-0.385576613774863,0.549258445257988
-0.04,0.245,-0.0347803449053709,0.241194622907106,0.00521965509462914,-0.003805377092894,0.00645954287283631,0.391370294997085,-0.0740274781748606,-0.511771058931538,0.648509739326074
-0.04,0.26,-0.0335623051420754,0.256073908854258,0.00643769485792456,-0.00392609114574186,0.00754043147097173,0.389029846778264,-0.10066348612594,-0.619413285024467,0.738347967443314
-0.04,0.275,-0.0326927403273037,0.271091214877724,0.00730725967269628,-0.00390878512227602,0.00828701665597094,0.380479054700129,-0.129473175300324,-0.703994834627342,0.810646225876491
-0.04,0.29,-0.0322460320620184,0.286264454187472,0.00775396793798164,-0.00373554581252825,0.00860687639627435,0.365635392638744,-0.157794737532987,-0.761765899629399,0.859586856750417
-0.04,0.305,-0.0322890298790434,0.301608496867786,0.00771097012095665,-0.00339150313221354,0.00842385622515605,0.344538319674449,-0.182749900259056,-0.789808862041822,0.880861794530806
-0.04,0.32,-0.0328802206266516,0.317134871659616,0.0071197793733484,-0.00286512834038435,0.00767464779205085,0.317335919285898,-0.201382459124182,-0.786067444296347,0.871305708558848
-0.04,0.335,-0.0340692141617192,0.332851619942695,0.00593078583828083,-0.0021483800573053,0.00630791229569495,0.284268949796822,-0.210787956889374,-0.749334762903818,0.828706798384167
-0.04,0.35,-0.0358965360362564,0.348763295750816,0.00410346396374364,-0.00123670424918368,0.00428577343097972,0.245653566908786,-0.208227224082926,-0.679206295083596,0.751687134011314
-0.02,0.05,-0.0241521079632278,0.0505302910304006,-0.00415210796322782,0.000530291030400643,0.00418583433919968,0.0179558510935214,-0.18727979518036,0.668301677205547,0.694283201732046
-0.02,0.065,-0.0258817048408306,0.0657543354776157,-0.00588170484083061,0.00075433547761572,0.00592987974982967,0.0251186437383269,-0.183504436361284,0.72346020709801,0.746798092699372
-0.02,0.08,-0.0269905562774618,0.0808642998558747,-0.00699055627746178,0.000864299855874689,0.0070437838772371,0.0361993502731994,-0.168777257053944,0.743654693501732,0.763431124244983
-0.02,0.095,-0.0275164111528375,0.0958630119794851,-0.00751641115283755,0.000863011979485073,0.00756579317026546,0.0506736769925272,-0.146132056608481,0.729880507472711,0.746093707605034
-0.02,0.11,-0.02750607038376,0.110756339881568,-0.00750607038376,0.000756339881568369,0.00754407997189915,0.067937868096147,-0.118700272107373,0.683984301199685,0.697528380813292
-0.02,0.125,-0.0270152961333736,0.125553359369897,-0.00701529613337362,0.000553359369896617,0.00703708650161267,0.0873183322095393,-0.0895813921873893,0.608688542598092,0.621413585392037
-0.02,0.14,-0.0261084209939323,0.140266398775687,-0.00610842099393233,0.000266398775686794,0.00611422728942919,0.10808513850174,-0.0617013911773282,0.507575509541557,0.522612906791543
-0.02,0.155,-0.0248576402051159,0.15491094157255,-0.00485764020511595,-8.90584274502726e-05,0.00485845652093943,0.129469021761531,-0.0376682722456087,0.385026323839383,0.407954776274165
-0.02,0.17,-0.0233419887128947,0.169505376342849,-0.00334198871289471,-0.000494623657151444,0.00337839327481712,0.15068120262569,-0.0196353809081135,0.24611407681419,0.289245033654228
-0.02,0.185,-0.0216460257974905,0.184070594242664,-0.00164602579749052,-0.000929405757335855,0.00189028992161873,0.170935026374045,-0.00918364172928476,0.0964542020029026,0.196485555284307
-0.02,0.2,-0.0198582713656621,0.198629446493529,0.000141728634337907,-0.00137055350647086,0.00137786208304419,0.189468190108029,-0.007233043207657,-0.0579804933239097,0.198273268022563
-0.02,0.215,-0.0180694573206342,0.213206086458617,0.00193054267936578,-0.00179391354138325,0.00263535971563864,0.205564216163078,-0.0139915128186975,-0.21106896394448,0.29496221637335
-0.02,0.23,-0.0163706724253316,0.227825231336423,0.00362932757466836,-0.00217476866357708,0.00423103266169442,0.218571855938827,-0.0289460027255162,-0.356761335530876,0.41939356594579
-0.02,0.245,-0.0148514880282605,0.24251138605561,0.00514851197173952,-0.00248861394439048,0.00571842416119685,0.227921285769873,-0.050896585364515,-0.489293542115845,0.542170580773598
-0.02,0.26,-0.0135981536513972,0.257288075398019,0.00640184634860283,-0.00271192460198105,0.00695256583700935,0.233136236205804,-0.0780302229490952,-0.603382671541883,0.651549263925181
-0.02,0.275,-0.0126919455017608,0.272177129367494,0.00730805449823915,-0.00282287063250572,0.00783430017021921,0.23384157926334,-0.108027237520646,-0.694390712607585,0.740633423548153
-0.02,0.29,-0.0122077384381711,0.287198061494806,0.00779226156182891,-0.00280193850519447,0.00828071250767999,0.229766282392213,-0.138190868182803,-0.758447818392637,0.804451977887137
-0.02,0.305,-0.0122128541781258,0.302367570962332,0.0077871458218742,-0.00263242903766764,0.00822005612447315,0.22074200892145,-0.165588964303824,-0.792530353822171,0.83920420147479
-0.02,0.32,-0.0127662178485093,0.317699188339427,0.00723378215149073,-0.00230081166057347,0.00759087205218588,0.206697939675053,-0.187196879081073,-0.794493209658051,0.842020742211592
-0.02,0.335,-0.0139178336200968,0.333203072768994,0.00608216637990316,-0.00179692723100572,0.00634205765870622,0.187652584911745,-0.20003182478307,-0.763059607184378,0.810861986716758
-0.02,0.35,-0.0157085703603539,0.348885957144248,0.0042914296396461,-0.00111404285575162,0.00443367340209947,0.16370345090732,-0.201270995741187,-0.697774484706524,0.744450039840499
0,0.05,-0.00425970579871815,0.0507461014826123,-0.00425970579871815,0.000746101482612255,0.00432455326178199,-0.0766797232577813,-0.197179906056676,0.70502289274639,0.736087241346024
0,0.065,-0.00600850517579402,0.0661939605392154,-0.00600850517579402,0.00119396053921539,0.00612598369380355,-0.0846266904752612,-0.192894240248147,0.762932639695811,0.791483442140198
0,0.08,-0.00713421152937202,0.081511782678636,-0.00713421152937202,0.001511782678636,0.00729263059624224,-0.0879413429985843,-0.177263454948074,0.785589568036971,0.810134504994039
0,0.095,-0.00767428523829355,0.0967001965573863,-0.00767428523829355,0.00170019655738632,0.00786036400254076,-0.0869077759301955,-0.153345919573876,0.773921465239774,0.793745830300761
0,0.11,-0.00767526915495953,0.111762938019507,-0.00767526915495953,0.00176293801950705,0.00787513219328391,-0.0818887285026506,-0.124311543822686,0.729709824507643,0.744743822279571
0,0.125,-0.00719270797680746,0.126707073117523,-0.00719270797680746,0.00170707311752344,0.00739250611553355,-0.0733241637000946,-0.0933122005493146,0.655617822825449,0.666275717600984
0,0.14,-0.00629076677135304,0.141543099801728,-0.00629076677135304,0.00154309980172848,0.00647726049882618,-0.0617266148690575,-0.0633392311421863,0.555177880823595,0.562180618760548
0,0.155,-0.00504153108382477,0.156284906275306,-0.00504153108382477,0.00128490627530603,0.00520269351446846,-0.04767313386632,-0.03707705413232,0.432734086323185,0.436929227979451
0,0.17,-0.00352398977881025,0.170949572342592,-0.00352398977881025,0.000949572342591992,0.0036496837664344,-0.031793910527537,-0.0167635763627327,0.293338198191036,0.295532337307854
0,0.185,-0.00182272288173369,0.185557011004953,-0.00182272288173369,0.000557011004953284,0.00190593283282351,-0.0147579229280732,-0.0040687185005631,0.142602066171846,0.143421444619724
0,0.2,-2.63381774710737e-05,0.200129459978107,-2.63381774710737e-05,0.00012945997810665,0.000132112018847159,0.00274375702840757,-1.65292023534934e-06,-0.0134863820861455,0.0137626562706946
0,0.215,0.00177428018543075,0.2146908454176,0.00177428018543075,-0.000309154582400245,0.0018010126962993,0.0200161287943252,-0.00485525516099687,-0.168772560416783,0.170024754898324
0,0.23,0.00348783245496303,0.2292660515369,0.00348783245496303,-0.000733948463100098,0.00356421878963405,0.0363788753973221,-0.0181929879399511,-0.317156179050097,0.319754147205726
0,0.245,0.00502448573324646,0.243880138042256,0.00502448573324646,-0.00111986195774419,0.00514777113788092,0.0511843329071062,-0.0388793973905422,-0.452808539917501,0.457349021987509
0,0.26,0.00629768858171942,0.25855755194188,0.00629768858171942,-0.00144244805811983,0.00646076913940537,0.0638337923644693,-0.0651511940961879,-0.57037141284603,0.577620814673956
0,0.275,0.00722583395227115,0.273321380124188,0.00722583395227115,-0.001678619875812,0.00741825053454422,0.073791261813933,-0.0947221379246346,-0.665124820145054,0.675879987386507
0,0.29,0.00773369923399891,0.28819268457484,0.00773369923399891,-0.00180731542516002,0.00794207107044357,0.0805940651072333,-0.124912172097372,-0.733114474147798,0.748039594195827
0,0.305,0.00775360985859638,0.303189953858029,0.00775360985859638,-0.00181004614197064,0.00796208093876129,0.0838599332521197,-0.152789781800735,-0.771233768676192,0.790688721071286
0,0.32,0.00722629369693895,0.318328693653656,0.00722629369693895,-0.00167130634634433,0.00741704695264567,0.0832905368707651,-0.175316462406607,-0.777259513624468,0.801134185808766
0,0.335,0.00610141501555142,0.333621167241546,0.00610141501555142,-0.0013788327584543,0.00625527337274583,0.0786716657768862,-0.189483311126266,-0.749844436334222,0.777411800100216
0,0.35,0.00433779667700132,0.349076285219017,0.00433779667700132,-0.000923714780983215,0.0044350568212381,0.069870462348125,-0.192431774708621,-0.688472444629703,0.718270793625342
0.02,0.05,0.0157687685316015,0.0509353017670798,-0.00423123146839846,0.00093530176707976,0.00433337156665199,-0.167963383298233,-0.206564796193388,0.715659613144025,0.763582362759524
0.02,0.065,0.0139919457264302,0.0666069374583158,-0.00600805427356982,0.00160693745831583,0.00621924144483064,-0.191175926397267,-0.203976466470292,0.777676178290939,0.826405900137617
0.02,0.08,0.0128393621838983,0.0821329963919179,-0.00716063781610171,0.00213299639191786,0.00747157329759405,-0.209101852341125,-0.18962866774098,0.804504051037247,0.852597676552117
0.02,0.095,0.0122738673295942,0.0975119365511452,-0.00772613267040576,0.00251193655114515,0.00812422004119104,-0.221784778689871,-0.166551492054528,0.797005894236792,0.843895228886597
0.02,0.11,0.0122492249271085,0.112745379735597,-0.00775077507289154,0.00274537973559666,0.00822262878422598,-0.229344200523976,-0.137897168523276,0.756889346940787,0.802811571537238
0.02,0.125,0.0127101850127664,0.127838388040294,-0.00728981498723359,0.00283838804029388,0.00782290542032682,-0.231982113515495,-0.106812884425652,0.68673731213631,0.732693759315422
0.02,0.14,0.0135928562646821,0.142799620982251,-0.00640714373531788,0.00279962098225123,0.00699209328379452,-0.229987158951564,-0.0763001725026205,0.589998611701508,0.637823151518025
0.02,0.155,0.014825396852334,0.157641348693692,-0.00517460314766598,0.00264134869369229,0.00580975392400613,-0.223735615949249,-0.0490696232237601,0.470934139576458,0.523685331852558
0.02,0.17,0.016329023145844,0.172379304645396,-0.00367097685415598,0.00237930464539621,0.00437460417173405,-0.213688707624393,-0.0274014064825992,0.334516981977221,0.397889366929974
0.02,0.185,0.0180193145459386,0.187032372184112,-0.00198068545406143,0.0020323721841119,0.00283789562223178,-0.200385925719705,-0.0130227865112081,0.186289007189756,0.273912119648603
0.02,0.2,0.0198077712172793,0.20162211176573,-0.000192228782720674,0.0016221117657301,0.00163346211631194,-0.184434386653815,-0.00701321991215225,0.0321806999631781,0.187352226991755
0.02,0.215,0.0216035617959752,0.216172148959667,0.00160356179597516,0.0011721489596668,0.00198628890576347,-0.166494571420942,-0.00974566388193293,-0.121695105489558,0.206458628053893
0.02,0.23,0.0233153828363032,0.230707455072926,0.00331538283630323,0.000707455072925522,0.00339002301341187,-0.147263142678187,-0.0208695659787067,-0.269262031113861,0.30761053405954
0.02,0.245,0.0248533422954086,0.245253561731463,0.00485334229540861,0.000253561731463375,0.00485996141837205,-0.127453808826368,-0.0393370618191341,-0.404696505988597,0.426112633784284
0.02,0.26,0.0261307775231211,0.25983575606431,0.00613077752312115,-0.000164243935689756,0.00613297718146891,-0.107777390394994,-0.0634697454634615,-0.522626963890776,0.537387602075916
0.02,0.275,0.0270659236255935,0.274478303991227,0.00706592362559345,-0.000521696008772943,0.00708515655495977,-0.0889222989774388,-0.0910596111582405,-0.618303126947275,0.631270002467682
0.02,0.29,0.0275833606130222,0.289203745447593,0.0075833606130222,-0.000796254552406506,0.00762504947520765,-0.071536566095619,-0.119494928121035,-0.687725917626266,0.701690537101599
0.02,0.305,0.0276151852556094,0.304032297683155,0.00761518525560936,-0.000967702316844871,0.00767642457471427,-0.0562123759360985,-0.145900237197422,-0.727732600226491,0.74434483956893
0.02,0.32,0.0271018743914334,0.318981392322177,0.00710187439143342,-0.00101860767782302,0.00717455095967809,-0.0434737889225725,-0.167279449652947,-0.736036011718048,0.756061961641282
0.02,0.335,0.0259928278241427,0.334065360059275,0.0059928278241427,-0.000934639940725096,0.00606527304815023,-0.0337680352725179,-0.18065204203305,-0.711220583360754,0.734586652734501
0.02,0.35,0.0242465991098752,0.349295265091121,0.00424659910987515,-0.00070473490887879,0.00430467830293796,-0.0274604587879448,-0.183174266792338,-0.652700876569104,0.678476751412671
0.04,0.05,0.0359378916546764,0.0510595129182094,-0.00406210834532356,0.00105951291820935,0.00419801046127803,-0.247621394745971,-0.213939574759744,0.698624812210977,0.771473989850761
0.04,0.065,0.0341244656147002,0.066953358817588,-0.00587553438529975,0.00195335881758796,0.00619172956314214,-0.285717135531692,-0.215228076470754,0.765970219700925,0.845387928447417
0.04,0.08,0.0329352137928504,0.0826865775749602,-0.00706478620714959,0.00268657757496024,0.00755836643852429,-0.317945343276551,-0.204338783708364,0.798537995267447,0.883471547013667
0.04,0.095,0.0323333128513117,0.0982555071419819,-0.00766668714868829,0.00325550714198189,0.00832925078187452,-0.344118914362126,-0.184222934840868,0.797130686361036,0.887574786734639
0.04,0.11,0.0322728777940645,0.113659695825027,-0.00772712220593555,0.00365969582502693,0.00854995854476393,-0.364122473803744,-0.157960714251296,0.763376504186969,0.860403604122022
0.04,0.125,0.0326990268107713,0.128902229503098,-0.0073009731892287,0.00390222950309768,0.00827838176243898,-0.377926480818885,-0.128638670452722,0.699760696481803,0.805637671985006
0.04,0.14,0.0335482449340524,0.143989941879117,-0.00645175506594763,0.00398994187911694,0.00758582755074963,-0.385599648517142,-0.0992136273069372,0.609618669976298,0.728129446426911
0.04,0.155,0.0347490648445681,0.158933480829859,-0.00525093515543187,0.00393348082985903,0.0065608377091206,-0.387318552910583,-0.0723714172931132,0.49708600685365,0.63431214014095
0.04,0.17,0.0362230646207086,0.173747211649542,-0.00377693537929136,0.00374721164954231,0.0053204169015039,-0.38337334305828,-0.0503904738950583,0.367003691994547,0.533111695984645
0.04,0.185,0.0378861612800006,0.188448948645502,-0.00211383871999937,0.00344894864550185,0.00404518984640742,-0.374168651591895,-0.0350210678227759,0.224780735575793,0.437899494765187
0.04,0.2,0.0396501575123247,0.20305951929017,-0.000349842487675305,0.00305951929017001,0.00307945580470077,-0.360219120225479,-0.0273904917157534,0.0762204964506849,0.36921279691808
0.04,0.215,0.0414244794320539,0.217602178550315,0.0014244794320539,0.00260217855031464,0.00296655943140571,-0.34213938660459,-0.0279427064648788,-0.0726791981858822,0.350888593959626
0.04,0.23,0.0431180276772619,0.23210190359305,0.00311802767726194,0.0021019035930504,0.00376033180858414,-0.320628864975047,-0.0364180067864454,-0.21593915544726,0.388277524567278
0.04,0.245,0.0446410548207109,0.246584609110037,0.00464105482071087,0.00158460911003724,0.00490411825718514,-0.296452129004184,-0.0518745164825102,-0.34781066982884,0.459943723004008
0.04,0.26,0.0459069798304911,0.261076329831113,0.0059069798304911,0.00107632983111247,0.00600423988721064,-0.270416113678769,-0.0727493205441508,-0.462971795272898,0.541075223156845
0.04,0.275,0.0468340557681409,0.275602418528128,0.00683405576814088,0.000602418528128063,0.00686055583208034,-0.243345620389303,-0.0969533689695905,-0.556695479355136,0.615248356930401
0.04,0.29,0.047346818962253,0.29018680500377,0.007346818962253,0.000186805003770246,0.00734919349136719,-0.216058707552032,-0.121991460776278,-0.624980065878083,0.672434795659941
0.04,0.305,0.0473772654436675,0.304851354425672,0.00737726544366749,-0.000148645574327616,0.0073787628321486,-0.189343472597103,-0.145096983917219,-0.664636580672567,0.706153086603771
0.04,0.32,0.0468657209007346,0.319615353455933,0.00686572090073465,-0.000384646544067085,0.00687648721736959,-0.163937509093265,-0.163370755872924,-0.673331307757478,0.71200216608223
0.04,0.335,0.0457613917770796,0.33449514089726,0.00576139177707957,-0.000504859102740396,0.00578346936731059,-0.140510987041581,-0.173914173549099,-0.649585943033147,0.686991287349751
0.04,0.35,0.0440226051972489,0.349503887762814,0.00402260519724892,-0.000496112237186402,0.00405308276806928,-0.119653921926467,-0.173948652406034,-0.592740616836723,0.629222228376529
0.06,0.05,0.0562512674703994,0.0510812746353471,-0.00374873252960056,0.00108127463534713,0.00390155743460615,-0.308005693442897,-0.216894627461139,0.653119607973106,0.753978920525795
0.06,0.065,0.0543929245136573,0.0671942800728814,-0.00560707548634271,0.00219428007288136,0.00602114279417035,-0.360095161343012,-0.224094915127046,0.726865131514512,0.841565629273836
0.06,0.08,0.0531574809540937,0.0831321644555168,-0.00684251904590633,0.00313216445551681,0.00752532531323356,-0.405818787559812,-0.218710564059369,0.766571684157552,0.894523112737755
0.06,0.095,0.0525084546819367,0.0988892172696894,-0.00749154531806326,0.00388921726968938,0.00844092780584253,-0.444777503711719,-0.203568381071613,0.772988305764428,0.914765439551279
0.06,0.11,0.0524003527364493,0.114462975149567,-0.0075996472635507,0.00446297514956678,0.00881321653631886,-0.476639068336546,-0.18162703280315,0.747660852053241,0.905089478979791
0.06,0.125,0.0527787307518501,0.129854596465295,-0.00722126924814985,0.00485459646529474,0.0087013697999296,-0.501158755179461,-0.155860943473291,0.692963244194412,0.869290103913925
0.06,0.14,0.0535805484214439,0.145069121659041,-0.00641945157855613,0.00506912165904094,0.00817956924071095,-0.518199117752771,-0.129131035704014,0.612092362198007,0.812325835594942
0.06,0.155,0.0547348394013482,0.160115590312628,-0.00526516059865176,0.00511559031262765,0.00734106125681054,-0.527747329520445,-0.10405007766079,0.509021887197108,0.740577193737936
0.06,0.17,0.0561636957714605,0.175006993305292,-0.00383630422853953,0.00500699330529225,0.00630771052705748,-0.529928538859689,-0.0828520330021923,0.388413361651154,0.662237523478645
0.06,0.185,0.0577835464847737,0.189760048905361,-0.00221645351522625,0.00476004890536114,0.00525078391924373,-0.525013817016132,-0.0672755654837202,0.255486362270602,0.587742988246482
0.06,0.2,0.0595066880032139,0.204394804390293,-0.0004933119967861,0.00439480439029294,0.00442240458971261,-0.51342158765333,-0.0584714713947865,0.115853563002814,0.529570282572008
0.06,0.215,0.061243005898692,0.218934078464785,0.00124300589869195,0.00393407846478475,0.00412577714270489,-0.495711913000709,-0.0569422139743071,-0.024669921421292,0.499582728586928
0.06,0.23,0.0629018107990262,0.233402772787004,0.00290181079902618,0.00340277278700446,0.00447206535655764,-0.472573618392683,-0.0625190359975319,-0.160270743738294,0.502914296695448
0.06,0.245,0.0643937026303404,0.247827091627603,0.00439370263034036,0.00282709162760286,0.00522465978554796,-0.444804873796532,-0.0743786614928227,-0.285341400512298,0.533671560926047
0.06,0.26,0.0656323747628064,0.262233715906883,0.0056323747628064,0.00223371590688351,0.00605913626033966,-0.41328845033349,-0.0910978514501111,-0.394670511357896,0.578682832737877
0.06,0.275,0.0665362748324029,0.27664898033934,0.00653627483240291,0.00164898033933988,0.00674107000736775,-0.378963314685807,-0.110740592963378,-0.48360719136016,0.6243047689511
0.06,0.29,0.0670300509005054,0.291098100457032,0.0070300509005054,0.00109810045703251,0.00711529621853032,-0.342794493364275,-0.130969965864956,-0.548190203308948,0.659680606810814
0.06,0.305,0.067045728624884,0.305604489929617,0.00704572862488401,0.000604489929617147,0.00707161225821371,-0.305743176301559,-0.149175079473313,-0.585236202828189,0.676933407090081
0.06,0.32,0.0665235854973356,0.320189199069393,0.00652358549733564,0.000189199069393187,0.00652632852597133,-0.268738849172049,-0.162603032561001,-0.592385271194021,0.67051156270244
0.06,0.335,0.0654127092299149,0.334870493950403,0.00541270922991494,-0.000129506049596939,0.00541425830788378,-0.232654920427475,-0.168486539673937,-0.568105533197032,0.636603559567611
0.06,0.35,0.0636712472038202,0.349663583796362,0.00367124720382023,-0.000336416203637724,0.00368662879791658,-0.198288862870763,-0.164159438575754,-0.511661598808573,0.572771436276571
0.08,0.05,0.0767114723240913,0.0509644504543747,-0.0032885276759087,0.000964450454374655,0.00342703646816911,-0.342468350730812,-0.212302318185476,0.579122097953162,0.705510835465805
0.08,0.065,0.0748001848781794,0.0672921506026969,-0.00519981512182061,0.00229215060269694,0.00568260782445509,-0.407220564432903,-0.227204567222341,0.660179156553947,0.808268430856147
0.08,0.08,0.0735093250830516,0.0834308532178992,-0.00649067491694835,0.00343085321789915,0.00734163569514802,-0.465196750594016,-0.229139744385157,0.708232693449476,0.877793630764539
0.08,0.095,0.0728027631137798,0.0993728901095051,-0.0071972368862202,0.00437289010950515,0.00842154301219062,-0.515811908548352,-0.220771789561734,0.723985472818411,0.915955752523187
0.08,0.11,0.0726354352000126,0.115113867699519,-0.00736456479998743,0.00511386769951877,0.00896596104951361,-0.558542796268098,-0.204895762511597,0.70890010055743,0.925478418817988
0.08,0.125,0.0729533994055876,0.130653085043017,-0.00704660059441244,0.00565308504301659,0.00903393327630615,-0.592954062907971,-0.18432970334696,0.665229062354438,0.910010480113207
0.08,0.14,0.0736941835103598,0.145993840573487,-0.00630581648964021,0.00599384057348706,0.00869996818507965,-0.618724126577039,-0.161794049677291,0.596010701401636,0.87420846582138
0.08,0.155,0.074787443288407,0.161143596763687,-0.00521255671159301,0.00614359676368731,0.00805695529752788,-0.635669005622304,-0.139785711010525,0.505026730496651,0.82381965289902
0.08,0.17,0.0761559315369319,0.176113978912292,-0.00384406846306813,0.00611397891229154,0.00722202191139716,-0.6437621873419,-0.120455413866979,0.39671959176839,0.765724769095401
0.08,0.185,0.0777167578560033,0.190920594516728,-0.00228324214399672,0.00592059451672822,0.0063455995870867,-0.643148691184419,-0.105497655146708,0.276071308864611,0.707807695038966
0.08,0.2,0.0793828983172419,0.205582672371653,-0.00061710168275807,0.00558267237165333,0.00561667564455028,-0.634151792582685,-0.0960623089104396,0.14844905442076,0.658345162916355
0.08,0.215,0.0810648950057661,0.220122534357797,0.00106489500576609,0.00512253435779686,0.00523205118668719,-0.617271386955127,-0.092695532720361,0.0194260114049134,0.624497924594767
0.08,0.23,0.0826726702069674,0.234564926280666,0.00267267020696738,0.0045649262806659,0.00528977485183682,-0.593173656779865,-0.0953152151289839,-0.105411281686386,0.609963137831434
0.08,0.245,0.0841173706075298,0.248936245434063,0.00411737060752979,0.00393624543406279,0.00569620653039638,-0.562672463086539,-0.103223082539913,-0.220656424336579,0.613146108916636
0.08,0.26,0.0853131544606317,0.263263710391465,0.00531315446063174,0.00326371039146522,0.0062354964390888,-0.526703615222823,-0.115152168748046,-0.321264730608215,0.627607907724164
0.08,0.275,0.0861788394797173,0.277574522019751,0.00617883947971731,0.00257452201975084,0.00669374491195289,-0.486293784338469,-0.129345131609798,-0.402711437281536,0.644509650531381
0.08,0.29,0.0866393408625382,0.291895063349594,0.00663934086253817,0.00189506334959394,0.00690449941617373,-0.442526213814837,-0.14365632238664,-0.461117606579984,0.65505779133388
0.08,0.305,0.0866268453725096,0.306250180402243,0.00662684537250957,0.00125018040224323,0.00674374010689206,-0.396505534277356,-0.155668892398835,-0.493338054653345,0.651794799395058
0.08,0.32,0.0860816873800525,0.320662577038875,0.00608168738005252,0.000662577038875456,0.00611767355463946,-0.349323884912077,-0.162817693444725,-0.49700922090778,0.628934746533471
0.08,0.335,0.0849529134284148,0.335152345809104,0.00495291342841475,0.000152345809103505,0.0049552558637191,-0.302030216797756,-0.162509238565665,-0.470558277310923,0.58228817185635
0.08,0.35,0.0831985414482489,0.349736645065093,0.00319854144824891,-0.000263354934907312,0.00320936492439022,-0.255604203691734,-0.152231332836913,-0.41317756950796,0.509141726223743
0.1,0.05,0.0973200197291099,0.0506746003660293,-0.00267998027089011,0.000674600366029288,0.00276358099324176,-0.345641455181374,-0.196568638476415,0.477328064529122,0.621251243586045
0.1,0.065,0.0953480615770722,0.0672112096756445,-0.00465193842292777,0.00221120967564448,0.00515072609642325,-0.42137543746927,-0.220642615902194,0.566446086535333,0.739668297651966
0.1,0.08,0.0939928862512647,0.0835456168104479,-0.0060071137487353,0.0035456168104479,0.00697544365304283,-0.490013692224757,-0.231401505138332,0.623853178811498,0.826356279585485
0.1,0.095,0.0932187248913372,0.0996683038195919,-0.00678127510866283,0.00466830381959188,0.00823278523049072,-0.550816432619947,-0.231316479287662,0.650212825321871,0.883005213053192
0.1,0.11,0.0929809766927968,0.115573045952994,-0.00701902330720319,0.00557304595299435,0.00896245108110769,-0.603100866577437,-0.222985953246685,0.646904891833052,0.912116713846284
0.1,0.125,0.0932262627516269,0.131257368715575,-0.00677373724837306,0.00625736871557458,0.00922161480179302,-0.64627149862227,-0.209036450078459,0.616053558802554,0.917007646963932
0.1,0.14,0.0938927670105296,0.14672289680966,-0.00610723298947038,0.00672289680965954,0.00908271084539224,-0.679850709008711,-0.192012016327961,0.560523776662897,0.901814445822103
0.1,0.155,0.0949108823207073,0.161975562684962,-0.00508911767929274,0.00697556268496169,0.00863467390962275,-0.703507628082504,-0.174258568003347,0.483882222798036,0.87146180500869
0.1,0.17,0.0962041620815128,0.17702564906702,-0.00379583791848722,0.00702564906701963,0.00798549499507321,-0.717083138563457,-0.157810906188928,0.390321195201439,0.831549927842016
0.1,0.185,0.0976905580360505,0.191887649811361,-0.00230944196394949,0.00688764981136136,0.00726451939971235,-0.720608878341398,-0.144290808563959,0.284546878962977,0.788082299627444
0.1,0.2,0.0992839044022028,0.206579945967349,-0.000716095597797239,0.00657994596734868,0.00661879761274,-0.714318395818315,-0.134824375615635,0.171636651455714,0.746923974636784
0.1,0.215,0.100895589777976,0.221124307791379,0.000895589777976328,0.00612430779137929,0.00618944480337007,-0.698649141036864,-0.129985610554272,0.0568731364038899,0.712915136697459
0.1,0.23,0.102436343302053,0.235545247099744,0.00243634330205306,0.00554524709974386,0.00605685843343531,-0.674234689308687,-0.129771114261894,-0.0544348843439456,0.688768341314378
0.1,0.245,0.103818052260868,0.249869256093633,0.00381805226086766,0.00486925609363331,0.00618766336932624,-0.641887428003183,-0.133608028884795,-0.15713318276112,0.674215587175194
0.1,0.26,0.104955525819581,0.264123977275415,0.0049555258195806,0.00412397727541525,0.006447047752008,-0.602572760403377,-0.140394327592855,-0.246392738776791,0.665972126981607
0.1,0.275,0.105768124156313,0.278337353193117,0.00576812415631331,0.00333735319311673,0.00666402150493616,-0.557376593568967,-0.14856764909324,-0.317859734870637,0.658620225160602
0.1,0.29,0.106181183311088,0.29253680432374,0.00618118331108763,0.00253680432373998,0.00668149708540041,-0.507468379194419,-0.156196508231506,-0.367776470427747,0.645898951316411
0.1,0.305,0.106127182365989,0.306748478420495,0.00612718236598941,0.00174847842049469,0.00637177687407738,-0.454062220353959,-0.161086167483732,-0.393067675722502,0.621793571472141
0.1,0.32,0.10554661870781,0.320996606290533,0.00554661870781031,0.000996606290533164,0.00563544170302219,-0.398378514050936,-0.160890862855044,-0.391389928443844,0.581188680700715
0.1,0.335,0.104388577558708,0.335302988268185,0.00438857755870831,0.000302988268184867,0.00439902430994145,-0.341608323384522,-0.153224419795977,-0.361144980536985,0.520193738134222
0.1,0.35,0.102611000968393,0.349686624059765,0.00261100096839348,-0.000313375940234895,0.00262973963290471,-0.284882221750911,-0.135762396803822,-0.301460404104698,0.436427089918826
0.12,0.05,0.118077345438977,0.0501793124928171,-0.00192265456102289,0.000179312492817052,0.00193099806605351,-0.313604628025608,-0.165909111267828,0.349053951589166,0.497708664483811
0.12,0.065,0.116037302650162,0.0669178382270078,-0.0039626973498379,0.00191783822700775,0.00440239409314801,-0.398396002693773,-0.2002577545231,0.446823792536867,0.631251198404568
0.12,0.08,0.114609259054621,0.0834416764362304,-0.0053907409453787,0.00344167643623039,0.00639571924273462,-0.475862231753495,-0.220984835167436,0.514387003892424,0.734765642667822
0.12,0.095,0.113757813642777,0.0997395820351903,-0.00624218635722326,0.00473958203519026,0.00783763538234603,-0.54514268342818,-0.230347989355167,0.552373897246769,0.809548372087476
0.12,0.11,0.113438859292819,0.115803613328903,-0.00656114070718147,0.005803613328903,0.00875959445698569,-0.605429572415453,-0.23072576551783,0.562082958398685,0.857747246461113
0.12,0.125,0.113599636338864,0.131629623340781,-0.00640036366113583,0.00662962334078065,0.00921501821134455,-0.656001120466398,-0.224528101109861,0.545506021362419,0.882237233401377
0.12,0.14,0.114179067260463,0.147217646319268,-0.00582093273953666,0.00721764631926847,0.00927241480674044,-0.696255375116916,-0.214096523434443,0.505324716532906,0.886553788252957
0.12,0.155,0.115108390036855,0.16257214600209,-0.00489160996314546,0.00757214600208966,0.00901472368453445,-0.725742598608518,-0.201599716998637,0.444874625589628,0.874798870669955
0.12,0.17,0.116312090633613,0.177702098502758,-0.00368790936638681,0.00770209850275794,0.00853949628730346,-0.744193928907299,-0.188931283451527,0.36807574652118,0.851476794818697
0.12,0.185,0.117709115781239,0.192620892344512,-0.00229088421876062,0.00762089234451219,0.00795777296926791,-0.751544017841359,-0.177617111088003,0.279330540593852,0.821220643456771
0.12,0.2,0.119214327364987,0.207346040492519,-0.000785672635012539,0.00734604049251936,0.00738793559847009,-0.747945611407809,-0.168739592586957,0.183393685454317,0.788377281470855
0.12,0.215,0.120740141505625,0.2218987130349,0.000740141505625007,0.00689871303489953,0.00693830317774033,-0.73377455510235,-0.162884915768185,0.0852203607607646,0.756457147128003
0.12,0.23,0.122198280849824,0.236303112918338,0.00219828084982367,0.00630311291833829,0.00667545288021903,-0.709624425519578,-0.16011785997702,-0.0101979464790852,0.727540833656323
0.12,0.245,0.123501559427417,0.250585729223924,0.00350155942741674,0.00558572922392431,0.00659251768194315,-0.676290851745178,-0.159986166351672,-0.0979998405638777,0.701836888038384
0.12,0.26,0.124565616888372,0.26477451143782,0.00456561688837163,0.00477451143781998,0.00660611966598079,-0.634746446375611,-0.161553910927328,-0.173612113119639,0.677605515539955
0.12,0.275,0.12531052321182,0.2788980129781,0.00531052321182021,0.00389801297810033,0.00658757633433722,-0.586108049128845,-0.163460763827503,-0.232889910087217,0.651524635583424
0.12,0.29,0.125662185638693,0.292984552428139,0.00566218563869289,0.00298455242813883,0.00640061711113307,-0.531598555396298,-0.164001895150375,-0.272231179859943,0.619360312314707
0.12,0.305,0.125553505096771,0.307061436804662,0.00555350509677149,0.00206143680466248,0.0059237606770939,-0.472505915709904,-0.161221852996353,-0.288660144840995,0.576699066498616
0.12,0.32,0.124925248129801,0.321154283319154,0.00492524812980094,0.0011542833191539,0.00505869935072096,-0.410141920555555,-0.153015117832958,-0.279877369184038,0.519579842858648
0.12,0.335,0.123726620003701,0.335286465876531,0.00372662000370111,0.000286465876530972,0.00373761412540165,-0.345803163912134,-0.137226227352431,-0.244276770454448,0.445065166291341
0.12,0.35,0.121915543322472,0.349478701300976,0.00191554332247187,-0.000521298699023787,0.00198520995208831,-0.280736135417373,-0.111743237911383,-0.180932331148133,0.352187773705104
0.14,0.05,0.138982812946856,0.0494484871446027,-0.00101718705314366,-0.000551512855397285,0.00115708077970017,-0.243937700635529,-0.116618387199624,0.196115361368794,0.334016468095717
0.14,0.065,0.136867591012839,0.06638085923252,-0.00313240898716105,0.00138085923251996,0.00342326719419956,-0.335729136046648,-0.161961141236572,0.302976836412966,0.48035588784913
0.14,0.08,0.135358489760684,0.0830868179628539,-0.00464151023931617,0.00308681796285387,0.00557423200427414,-0.42005402732224,-0.193421983098585,0.381299543594165,0.599374730469023
0.14,0.095,0.134420481698538,0.0995535258166809,-0.00557951830146247,0.00455352581668095,0.00720177907461306,-0.495965421013945,-0.213033229267022,0.431685446459136,0.691175067233811
0.14,0.11,0.134009981380225,0.115771450929415,-0.00599001861977538,0.00577145092941539,0.00831805078704774,-0.56256581944295,-0.222940076779718,0.455353443056803,0.757322710148185
0.14,0.125,0.134074900252609,0.131734887687863,-0.00592509974739058,0.00673488768786273,0.00897025747593975,-0.619041946296937,-0.225320891504355,0.454161375660942,0.800159606833604
0.14,0.14,0.134554975750656,0.147442375871022,-0.00544502424934423,0.00744237587102203,0.0092215642751931,-0.664700396831081,-0.222298484481638,0.430602136257404,0.822601396040961
0.14,0.155,0.135382391533384,0.162896984108426,-0.00461760846661607,0.00789698410842554,0.00914793233248312,-0.699002064322991,-0.215847289847672,0.387770774457097,0.827992779545739
0.14,0.17,0.136482689260448,0.178106429343014,-0.00351731073955208,0.00810642934301425,0.00883660973065185,-0.721593012236395,-0.207702364452284,0.329301420443482,0.819931488671816
0.14,0.185,0.137775953619533,0.193083013334511,-0.00222404638046692,0.00808301333451084,0.00838340544578085,-0.732329443248187,-0.19927663231518,0.259275154655438,0.802029736930567
0.14,0.2,0.13917823315751,0.207843369249131,-0.000821766842490333,0.00784336924913098,0.00788630090230078,-0.731294656342788,-0.191592656243394,0.182102441236037,0.777605427389711
0.14,0.215,0.140603141830951,0.222408025055925,0.000603141830950844,0.00740802505592508,0.00743253760821004,-0.718806371606655,-0.185234372465635,0.102386091157067,0.749323219428106
0.14,0.23,0.141963572059979,0.236800804182404,0.00196357205997848,0.00680080418240447,0.00707859822013782,-0.695413501276446,-0.180322721487382,0.024772622979079,0.718843990460236
0.14,0.245,0.143173441164395,0.251048096168398,0.00317344116439466,0.00604809616839752,0.00683009488119011,-0.661882286327591,-0.1765171123086,-0.0461989553881428,0.686575877798405
0.14,0.26,0.14414939046347,0.26517803940621,0.00414939046346979,0.00517803940621014,0.00663547536432765,-0.619172582825684,-0.173042414623477,-0.106241654551333,0.651621232345972
0.14,0.275,0.144812360315235,0.279219663415303,0.00481236031523465,0.00421966341530267,0.00640034148636532,-0.568405877627455,-0.168738984073974,-0.151449709056579,0.611962957232629
0.14,0.29,0.145088974519647,0.293202038942848,0.00508897451964727,0.00320203894284771,0.00601254646993538,-0.510827216156312,-0.162131366744964,-0.17840541152161,0.564855822212414
0.14,0.305,0.144912682337882,0.307153480778621,0.00491268233788195,0.00215348077862099,0.00536394698117229,-0.447763595324642,-0.151510032204955,-0.184258659963398,0.507346491849836
0.14,0.32,0.144224624512746,0.32110084084547,0.00422462451274605,0.00110084084547024,0.00436569614617766,-0.380581458476089,-0.13501986076905,-0.166776743760763,0.436907331791506
0.14,0.335,0.14297420844955,0.335068919623632,0.00297420844955018,6.89196236323686e-05,0.00297500685980677,-0.310645758529394,-0.110749177666392,-0.124364339855777,0.352467088474608
0.14,0.35,0.141119396067078,0.34908001280988,0.00111939606707806,-0.000919987190120375,0.00144893891692349,-0.239282677005634,-0.0768137879264586,-0.0560558325724233,0.257485777231639
0.16,0.05,0.160034738759562,0.0484545685135262,3.47387595615867e-05,-0.00154543148647379,0.00154582187227393,-0.135669551533137,-0.0453077838394088,0.0206948300047835,0.144524425456571
0.16,0.065,0.157837566523245,0.0655717815848932,-0.00216243347675452,0.000571781584893183,0.00223675048277889,-0.232375101884038,-0.101990763847744,0.136947080404465,0.288366055991946
0.16,0.08,0.156239594232482,0.0824516478181085,-0.0037604057675181,0.00245164781810853,0.00448901198042728,-0.321556808533103,-0.144580125093579,0.226443940422412,0.419022474824728
0.16,0.095,0.155206172905036,0.0990798812646022,-0.00479382709496354,0.00407988126460224,0.00629493521409545,-0.402214590012786,-0.174879328757972,0.289762417609493,0.52566486752277
0.16,0.11,0.154694264379546,0.115445496433236,-0.00530573562045444,0.00544549643323639,0.00760291140804293,-0.473395186104853,-0.194795702636135,0.328043778264663,0.608000458319037
0.16,0.125,0.154652498865826,0.131541353016062,-0.00534750113417413,0.00654135301606162,0.00844896843766931,-0.534227396087965,-0.206270396465151,0.343012220392606,0.667539370443171
0.16,0.14,0.15502149905271,0.147364602558043,-0.00497850094729042,0.007364602558043,0.00888947931659133,-0.583958293511157,-0.211200596979859,0.336970443179214,0.70651849613019
0.16,0.155,0.155734486889383,0.162917002350701,-0.00426551311061672,0.00791700235070109,0.00899297105065115,-0.62198835651618,-0.211358221589258,0.312769491354804,0.727580704734004
0.16,0.17,0.156718173283693,0.178205067440885,-0.00328182671630679,0.00820506744088501,0.00883705371180555,-0.647903233542969,-0.20831014522663,0.273751902992907,0.733566065000897
0.16,0.185,0.157893912958624,0.193240040549115,-0.00210608704137629,0.00824004054911548,0.00850493215004802,-0.661499839139728,-0.203345431328266,0.223669182445254,0.727300768294723
0.16,0.2,0.15917908834732,0.208037671474528,-0.000820911652679826,0.00803767147452827,0.00807948381234538,-0.662804689762571,-0.197414921380468,0.166576742690221,0.711362790351364
0.16,0.215,0.16048866939316,0.222617810892628,0.000488669393159981,0.00761781089262825,0.0076334684496405,-0.652082843823502,-0.191087840754534,0.106711474786205,0.687836913158164
0.16,0.23,0.161736882566513,0.237003837126919,0.00173688256651261,0.00700383712691904,0.00721598888235459,-0.629836464025196,-0.184528837333161,0.0483587372412845,0.658094364036486
0.16,0.245,0.16283891375585,0.251221946819684,0.00283891375584976,0.00622194681968374,0.00683900969001548,-0.596792816907319,-0.177497215978475,-0.00428342316558939,0.622646842997896
0.16,0.26,0.163712567089228,0.265300350024696,0.0037125670892281,0.00530035002469625,0.00647123363635692,-0.55388235547778,-0.169368261518396,-0.0472347337585542,0.581124157808578
0.16,0.275,0.164279805468339,0.279268416089067,0.0042798054683385,0.00426841608906708,0.00604451079544299,-0.502208304599381,-0.159174696974145,-0.0768502912794324,0.532407524603646
0.16,0.29,0.164468108139576,0.29315581812454,0.00446810813957556,0.00315581812454013,0.00547020825765504,-0.443009783384626,-0.145664733404774,-0.0899189898935332,0.474934310206966
0.16,0.305,0.164211594875378,0.30699172103291,0.00421159487537795,0.00199172103291029,0.00465880715068214,-0.377620887792734,-0.127372018115798,-0.0837382629329774,0.407227161027963
0.16,0.32,0.16345188344309,0.320804051614729,0.00345188344309005,0.000804051614729462,0.0035442909451438,-0.307428295891634,-0.102692193227802,-0.0561627062852906,0.328956517637664
0.16,0.335,0.162138665362993,0.334618879997887,0.00213866536299251,-0.000381120002113489,0.0021723586239097,-0.233829835325283,-0.0699607456869065,-0.00562624403181618,0.244136524565823
0.16,0.35,0.16023000238451,0.348459931240213,0.000230002384510264,-0.00154006875978691,0.00155714895939726,-0.158196136629162,-0.027527313011417,0.0688606042539676,0.174715703576159
0.18,0.05,0.181230436130429,0.0471727212417841,0.00123043613042945,-0.00282727875821592,0.00308341989481244,0.0108563114990599,0.0509071623395585,-0.174788832993688,0.182374786903684
0.18,0.065,0.178944867123617,0.0644649845776314,-0.00105513287638312,-0.000535015422368612,0.00118302446677859,-0.0887395165591897,-0.0171204722903202,-0.0489751690915983,0.102792910223573
0.18,0.08,0.177250595401245,0.0815097853268784,-0.00274940459875528,0.0015097853268784,0.00313666660340464,-0.180833018475553,-0.0708923603527029,0.051936384115248,0.201056551254611
0.18,0.095,0.176113355297549,0.0982915396188879,-0.0038866447024509,0.0032915396188879,0.00509315620276841,-0.264401367177176,-0.111986664234587,0.128499897936365,0.314581576547942
0.18,0.11,0.175490679494457,0.114797951819329,-0.00450932050554288,0.00479795181932879,0.00658439921954236,-0.338466569979149,-0.142076039580941,0.181780993254879,0.409622099253858
0.18,0.125,0.175331960523487,0.131020578225666,-0.00466803947651347,0.00602057822566643,0.00761826454815379,-0.402130215134023,-0.162866840394662,0.213372207275075,0.483490851639293
0.18,0.14,0.175578770424328,0.146955296095411,-0.00442122957567187,0.00695529609541085,0.00824156627927198,-0.454609179177286,-0.176031798140161,0.225387958537374,0.53708336766598
0.18,0.155,0.176165453794849,0.162602643132868,-0.00383454620515122,0.00760264313286801,0.00851492379326937,-0.495270332121913,-0.183139751324357,0.220436940484616,0.572213278941645
0.18,0.17,0.177019994210988,0.177967997808163,-0.00298000578901209,0.00796799780816265,0.00850702201557222,-0.523662078832151,-0.185586681442208,0.201571180503775,0.591014743570011
0.18,0.185,0.178065136846916,0.193061579463245,-0.00193486315308379,0.00806157946324498,0.00829052223104037,-0.539540543679226,-0.184532644144326,0.172212693691232,0.595664924853599
0.18,0.2,0.179219732467771,0.207898258486859,-0.000780267532228612,0.00789825848685927,0.00793670615224569,-0.542888404403182,-0.180849087255782,0.136060447076668,0.588174884984456
0.18,0.215,0.180400251824012,0.222497179892938,0.000400251824011943,0.0074971798929378,0.00750785640976809,-0.533924790048431,-0.175080477910178,0.0969820479623002,0.570207906225199
0.18,0.23,0.181522406409747,0.236881217074116,0.00152240640974693,0.00688121707411576,0.007047614468566,-0.513105257671048,-0.167423151658532,0.058895949792147,0.542935038333541
0.18,0.245,0.182502803285182,0.251076284791103,0.00250280328518238,0.00607628479110284,0.00657154937186866,-0.481111590933841,-0.157722946898293,0.0256508573446477,0.506956146116525
0.18,0.26,0.183260559046321,0.265110550231329,0.00326055904632133,0.00511055023132873,0.00606209278727091,-0.438831939728302,-0.14549165598306,0.000909265700758447,0.462323782410758
0.18,0.275,0.183718801477608,0.279013587131274,0.00371880147760807,0.00401358713127398,0.00547159630182893,-0.387332545023764,-0.129940795696523,-0.0119583255231591,0.408723403772974
0.18,0.29,0.183805996396923,0.292815519951078,0.00380599639692261,0.00281551995107759,0.00473421177898749,-0.327822889027324,-0.110029863664592,-0.00996298826239769,0.345939361971477
0.18,0.305,0.183457050665081,0.306546202873822,0.00345705066508137,0.00154620287382173,0.00378707573570349,-0.261616506946546,-0.0845252546125363,0.00943333609078413,0.275094253996662
0.18,0.32,0.182614158703508,0.320234472520808,0.00261415870350845,0.00023447252080816,0.00262465294660896,-0.190089863656956,-0.0520654553109511,0.0482711592247299,0.202916524094616
0.18,0.335,0.181227377128267,0.333907504825852,0.00122737712826748,-0.00109249517414756,0.00164316777004962,-0.114641634578849,-0.0112280469221076,0.10806994016404,0.157949046160605
0.18,0.35,0.179254929140519,0.347590296236635,-0.000745070859481334,-0.00240970376336541,0.00252226144815039,-0.0366544695339729,0.0394056270875103,0.189826678169664,0.197308286191643
0.2,0.05,0.202566275363741,0.0455809511100515,0.00256627536374085,-0.00441904888994848,0.00511016265243076,0.194173916985272,0.174278187023927,-0.38780011649323,0.467404041933181
0.2,0.065,0.200186187134025,0.063037842290477,0.00018618713402474,-0.00196215770952302,0.00197097146755527,0.0935770516673828,0.0951965614090252,-0.252369709795343,0.285499017471731
0.2,0.08,0.198388578381928,0.080237990841145,-0.00161142161807196,0.000237990841145008,0.00162890124674842,0.000388576250449286,0.0304834661315279,-0.139959667434571,0.143241446141609
0.2,0.095,0.197139571798635,0.0971646692267921,-0.00286042820136523,0.00216466922679209,0.00358717749164802,-0.0843724953276037,-0.0212232245179058,-0.0500380089338593,0.100364077939581
0.2,0.11,0.196397292710419,0.113804419318733,-0.00360270728958079,0.0038044193187331,0.00523957118160906,-0.159730477749469,-0.0613708898895252,0.0183872320495558,0.172099750785141
0.2,0.125,0.196111935589535,0.130147629975204,-0.00388806441046498,0.00514762997520363,0.00645097971020986,-0.224786493739829,-0.0914399993052028,0.0667802463246843,0.251694148551616
0.2,0.14,0.196226079717238,0.146189023320073,-0.0037739202827623,0.00618902332007315,0.00724889536116048,-0.278752820413899,-0.112886536943708,0.0970718428886019,0.316021678022035
0.2,0.155,0.19667526824095,0.161928014963767,-0.00332473175905026,0.00692801496376683,0.00768447998291456,-0.320986278633611,-0.127082010994401,0.111634230343296,0.362828706002306
0.2,0.17,0.197388850342072,0.177368918382856,-0.00261114965792769,0.00736891838285558,0.00781786803862043,-0.351018659577984,-0.135254584105372,0.113235621945623,0.392849605554356
0.2,0.185,0.198291069822514,0.192520971821218,-0.00170893017748647,0.00752097182121791,0.0077126817312189,-0.368582166539902,-0.138435123855321,0.104975504121542,0.407477181314723
0.2,0.2,0.199302366730778,0.207398177009111,-0.000697633269222357,0.00739817700911116,0.00743099692076823,-0.373628020565708,-0.137411886626412,0.0902029063176228,0.408187693788206
0.2,0.215,0.200340843220896,0.222018951634634,0.000340843220895941,0.00701895163463395,0.00702722250612298,-0.366336747265641,-0.132697088078326,0.0724214115094579,0.396303692371663
0.2,0.23,0.201323832466886,0.236405610614956,0.00132383246688592,0.00640561061495576,0.00654097697219729,-0.34711919634777,-0.124507801891664,0.0551858036634802,0.372880534314283
0.2,0.245,0.202169501521944,0.250583703371439,0.00216950152194426,0.00558370337143854,0.00599036561437886,-0.316607999491025,-0.112762543378937,0.0419959960908879,0.338703431188861
0.2,0.26,0.202798416455952,0.264581244107926,0.00279841645595244,0.00458124410792593,0.00536832676328029,-0.275639871915094,-0.0970936573852089,0.0361941223603824,0.294473636626745
0.2,0.275,0.20313500128117,0.278427878521384,0.00313500128117015,0.00342787852138443,0.00464527546979802,-0.225229826042343,-0.0768743850161765,0.0408703815852645,0.241471778903408
0.2,0.29,0.203108830545764,0.292154032796508,0.00310883054576415,0.00215403279650778,0.00378215344092586,-0.166538922224917,-0.0512583804523499,0.0587824314138502,0.183896811980782
0.2,0.305,0.202655708183634,0.305790089112448,0.00265570818363448,0.000790089112448156,0.00277074480279802,-0.100837566953542,-0.0192286076967064,0.0922919381270178,0.138042621400648
0.2,0.32,0.201718500641678,0.319365626672634,0.00171850064167814,-0.0006343733273656,0.00183184987756123,-0.0294665551440124,0.0203479522603521,0.143320475751321,0.14772639538016
0.2,0.335,0.200247708828016,0.332908759341027,0.000247708828015808,-0.00209124065897337,0.00210586019412979,0.0462019685509915,0.0686634826923283,0.213325470821678,0.228816786627431
0.2,0.35,0.198201779409539,0.346445591427827,-0.00179822059046131,-0.00355440857217287,0.00398339272353292,0.124801654844945,0.126913886309225,0.303295508936042,0.351669079644959
