target_x,target_y,gaze_x,gaze_y,error_px_x,error_px_y,error_px_xy,error_deg_x,error_deg_y,error_deg_z,error_deg_xyz
-0.2,0.05,-0.197943238177088,0.0529620034749871,0.00205676182291234,0.00296200347498708,0.00360606902069625,-0.15123081394835,0.12177264594097,-0.24835156419408,0.315242900829789
-0.2,0.065,-0.199955241161539,0.0664716598669422,4.47588384613617e-05,0.00147165986694221,0.00147234035385463,-0.0669652471346252,0.0650385286002429,-0.167187536217769,0.191483839839989
-0.2,0.08,-0.201438932436474,0.0800903412744282,-0.00143893243647414,9.03412744281545e-05,0.00144176561985737,0.0124269471185171,0.0176580184724456,-0.10211746173902,0.104375349748595
-0.2,0.095,-0.202429390393946,0.0938297160133012,-0.00242939039394582,-0.00117028398669881,0.00269657232347288,0.085817502125026,-0.0212943484713552,-0.0524423267924419,0.102802205338526
-0.2,0.11,-0.202968743022973,0.107701256481216,-0.0029687430229733,-0.00229874351878358,0.00375468466074079,0.152108584139438,-0.0527563116036151,-0.0171243912084571,0.161905873890173
-0.2,0.125,-0.203106018873029,0.121716029797994,-0.0031060188730293,-0.00328397020200581,0.00452015636093225,0.2102625892831,-0.0776399176244942,0.00520833070031188,0.224199696937833
-0.2,0.14,-0.20289678208201,0.135884475665674,-0.00289678208201016,-0.00411552433432578,0.00503278123675993,0.259332328099741,-0.0967924905726532,0.0162446469374696,0.277283395183203
-0.2,0.155,-0.202402543451856,0.150216178632764,-0.00240254345185582,-0.00478382136723567,0.00535323845085158,0.298490143655636,-0.110958713530786,0.0179594896613363,0.318952987051114
-0.2,0.17,-0.201689951971489,0.164719643299899,-0.0016899519714894,-0.00528035670010056,0.00554419557250985,0.327054435721282,-0.120746122028358,0.0125704536619924,0.348859029124914
-0.2,0.185,-0.200829784763375,0.179402081933586,-0.000829784763374614,-0.00559791806641351,0.00565908379791353,0.344512101967208,-0.126596239376324,0.00248297413098098,0.367044714059265
-0.2,0.2,-0.199895766996178,0.194269224284039,0.00010423300382237,-0.00573077571596108,0.00573172354756709,0.350535580725912,-0.128763310859723,-0.00977360312769354,0.373565524711948
-0.2,0.215,-0.198963265455568,0.20932515904664,0.00103673454443153,-0.00567484095336017,0.00576876402373605,0.344993469343467,-0.127302125184512,-0.0216160961478459,0.368366730290019
-0.2,0.23,-0.19810790892499,0.224572215287913,0.0018920910750096,-0.00542778471208737,0.00574811756289834,0.327954081545558,-0.12206579083224,-0.0304802421804948,0.351259688123316
-0.2,0.245,-0.197404194155304,0.240010890343468,0.00259580584469615,-0.004989109656532,0.00562400419170004,0.299681755626428,-0.112713621061972,-0.0338924530872788,0.321966591722674
-0.2,0.26,-0.196924137405144,0.255639828276384,0.0030758625948559,-0.00436017172361565,0.00533591868021348,0.260626196642844,-0.0987285540415149,-0.029536975498804,0.280260470440438
-0.2,0.275,-0.196736028076878,0.271455850199708,0.00326397192312193,-0.00354414980029223,0.00481814388762309,0.211405565042923,-0.0794428643592916,-0.0153152338481116,0.226358354518314
-0.2,0.29,-0.196903333351849,0.287454034861504,0.00309666664815064,-0.00254596513849635,0.00400890044977513,0.152784392764398,-0.0540703874161865,0.0106052355555451,0.162416643707535
-0.2,0.305,-0.197483791773856,0.303627845117216,0.00251620822614379,-0.00137215488278404,0.00286602736547678,0.0856476602835007,-0.0217431181519402,0.0497540593861106,0.101408845809758
-0.2,0.32,-0.198528720703505,0.31996929356917,0.00147127929649538,-3.07064308300714e-05,0.00147159969189663,0.0109725068636141,0.0184501064031372,0.103334424079183,0.105540554674594
-0.2,0.335,-0.200082548793823,0.336469138885733,-8.25487938227731e-05,0.00146913888573259,0.00147145620693692,-0.0702009457932866,0.0674250855760852,0.172212638632622,0.19781695258879
-0.2,0.35,-0.202182571476472,0.353117103272043,-0.00218257147647216,0.00311710327204288,0.00380525308731106,-0.156798274969054,0.126065915369628,0.256920118792412,0.326322768649652
-0.18,0.05,-0.179051296391531,0.0519175118308355,0.000948703608468715,0.00191751183083552,0.00213936676568459,0.00670987932649131,0.0336181020576171,-0.131964791990637,0.136344836221764
-0.18,0.065,-0.18098729357873,0.0655574094033727,-0.000987293578729842,0.000557409403372677,0.00113377857343022,0.0900999903722274,-0.0154768817528759,-0.0575275202435915,0.108013708275314
-0.18,0.08,-0.182385735344583,0.0792953874670631,-0.00238573534458347,-0.000704612532936855,0.00248761169718397,0.168796564782716,-0.055394284047943,-0.000660877777375124,0.177654915585828
-0.18,0.095,-0.183281926165903,0.0931420993103226,-0.00328192616590259,-0.00185790068967737,0.00377131732039876,0.241659781562943,-0.0872338829408223,0.0393630729457332,0.259920695076384
-0.18,0.11,-0.183718414773342,0.107108063439546,-0.00371841477334243,-0.00289193656045389,0.00471061625440888,0.307576538533782,-0.112110400513699,0.0636499512248245,0.333502172821681
-0.18,0.125,-0.183744852749583,0.121203476510594,-0.0037448527495829,-0.00379652348940601,0.00533268344472745,0.365491344026336,-0.131108866880346,0.0736798936342922,0.39522500380227
-0.18,0.14,-0.183417629069033,0.135438012799469,-0.00341762906903299,-0.00456198720053097,0.00570016803886585,0.41443782598431,-0.14523844423256,0.0712895637372415,0.444900116575994
-0.18,0.155,-0.182799271555435,0.149820616368769,-0.00279927155543483,-0.00517938363123102,0.00588743883539612,0.45356930744919,-0.155387319583057,0.0586388250739663,0.483021976039145
-0.18,0.17,-0.181957619255808,0.164359293466179,-0.00195761925580846,-0.0056407065338209,0.00597074897742334,0.482186796658512,-0.162281454655084,0.0381625626616702,0.510193569658084
-0.18,0.185,-0.180964784029034,0.179060913696447,-0.000964784029034306,-0.00593908630355308,0.00601693895130501,0.499762771465854,-0.166449922512507,0.0125092100532538,0.526903066372406
-0.18,0.2,-0.179895933990725,0.193931029024317,0.000104066009274872,-0.00606897097568296,0.00606986313173275,0.505959313589334,-0.168199241589678,-0.0155314390522723,0.533412685022558
-0.18,0.215,-0.178827944339348,0.208973719551187,0.00117205566065237,-0.00602628044881304,0.00613919950151594,0.500639461851439,-0.167598554616438,-0.0431076833500123,0.529706916308385
-0.18,0.23,-0.177837971130538,0.224191474169883,0.00216202886946201,-0.00580852583011746,0.00619784971998586,0.48387107484328,-0.164476737964788,-0.067388570434459,0.515486979719388
-0.18,0.245,-0.177002009585984,0.2395851127248,0.00299799041401556,-0.00541488727520009,0.00618942248724815,0.45592299304382,-0.158431648786306,-0.0856454260374916,0.490207066227983
-0.18,0.26,-0.176393499807873,0.255153754134421,0.00360650019212665,-0.00484624586557925,0.00604093888608828,0.417253802416984,-0.148850814112363,-0.095328020057674,0.453150970757487
-0.18,0.275,-0.176082039116713,0.270894832439014,0.00391796088328687,-0.0041051675609857,0.00567475269828874,0.36849398279169,-0.134942041815284,-0.0941315947164777,0.40355743135909
-0.18,0.29,-0.176132252196446,0.286804159999378,0.00386774780355442,-0.00319584000062195,0.00501725685823193,0.310422621968443,-0.115771773636671,-0.0800517332376667,0.340842970293245
-0.18,0.305,-0.176602858592538,0.302876034398735,0.00339714140746222,-0.00212396560126535,0.00400646972004693,0.243940152767004,-0.0903085681842852,-0.0514250160904692,0.265154847927535
-0.18,0.32,-0.177545963351365,0.319103383298629,0.00245403664863511,-0.000896616701371228,0.00261270307957526,0.17003870887301,-0.0574689261076817,-0.00695446900492594,0.179622468100668
-0.18,0.335,-0.179006582074064,0.3354779396814,0.000993417925936241,0.000477939681400336,0.00110240895979147,0.0897716993164378,-0.0161627470520877,0.0542801510779371,0.106143913690014
-0.18,0.35,-0.181022397779423,0.351990438767569,-0.00102239777942253,0.00199043876756913,0.0022376647887497,0.00422407259939267,0.0346640012303963,0.132826259810348,0.13733994356489
-0.16,0.05,-0.160062600777502,0.0511045584695979,-6.26007775021975e-05,0.00110455846959791,0.00110633099482223,0.129546036268377,-0.0330184113578327,-0.0177414385010678,0.134859771754034
-0.16,0.065,-0.161930175859428,0.0648820250187214,-0.00193017585942795,-0.000117974981278565,0.00193377789431106,0.210411500893034,-0.0740525242932059,0.0503297008346644,0.228669902386925
-0.16,0.08,-0.16325167664347,0.0787462427862242,-0.00325167664346984,-0.00125375721377584,0.00348501192892969,0.286857169497436,-0.10608759151408,0.0993573428773158,0.321580107942052
-0.16,0.095,-0.164062601868749,0.0927067605344289,-0.00406260186874893,-0.00229323946557111,0.00466515607353229,0.357754849117145,-0.130406020513643,0.130092199127949,0.402391486067264
-0.16,0.11,-0.164405875209896,0.106773053617805,-0.00440587520989613,-0.00322694638219494,0.00546121958162628,0.421998750248343,-0.148308894705227,0.143702389988612,0.469819206861554
-0.16,0.125,-0.16433171152718,0.120954361745408,-0.0043317115271803,-0.00404563825459184,0.00592713367840844,0.478536790461689,-0.161064238625369,0.141771947548413,0.524442898880283
-0.16,0.14,-0.16389725146213,0.135259512764417,-0.0038972514621301,-0.00474048723558303,0.00613683861526444,0.526402745351529,-0.169853158630463,0.12628252347195,0.567362187580959
-0.16,0.155,-0.163165954366407,0.14969673748044,-0.0031659543664071,-0.0053032625195598,0.00617639542140397,0.564747631586475,-0.175716940998955,0.0995775730249202,0.599779383444302
-0.16,0.17,-0.162206753154652,0.164273481871449,-0.00220675315465151,-0.00572651812855134,0.00613700002950884,0.592868583098818,-0.179508438595383,0.064309454048577,0.622780828950533
-0.16,0.185,-0.161092989646755,0.178996224164972,-0.00109298964675484,-0.00600377583502791,0.00610245447710824,0.610233499712202,-0.181851034328851,0.0233711396946163,0.637185308558426
-0.16,0.2,-0.159901164065885,0.193870304929623,9.88359341146109e-05,-0.00612969507037674,0.00613049183978522,0.61649992375141,-0.183108107195457,-0.0201845317129592,0.643438032231595
-0.16,0.215,-0.158709545930391,0.208899778497487,0.0012904540696086,-0.00610022150251323,0.00623522045203649,0.611526924692217,-0.183365256840845,-0.063234101027207,0.641553465359664
-0.16,0.23,-0.157596704192987,0.224087293523218,0.00240329580701332,-0.00591270647678195,0.00638247041642866,0.595379225504439,-0.182426625988536,-0.102676519967994,0.631112027245409
-0.16,0.245,-0.156640020878985,0.239434009344086,0.00335997912101493,-0.0055659906559138,0.00650151610590761,0.568323334839557,-0.17982559128485,-0.135524930516443,0.611309420828854
-0.16,0.26,-0.155914253810792,0.254939553024284,0.00408574618920843,-0.00506044697571652,0.00650395614350755,0.530816003202832,-0.174848994036132,-0.158992262835825,0.581050112410762
-0.16,0.275,-0.155490210253783,0.270602019733698,0.00450978974621699,-0.00439798026630167,0.00629924074614257,0.48348583649819,-0.166573078621169,-0.170566272171057,0.539073410138878
-0.16,0.29,-0.155433584756092,0.286418016611444,0.00456641524390768,-0.00358198338855588,0.00580368444832097,0.427109325859088,-0.153908508462871,-0.168070535628764,0.48410670765557
-0.16,0.305,-0.155804002297679,0.30238274776406,0.00419599770232137,-0.00261725223594025,0.00494534184707392,0.362582843491739,-0.135651314883554,-0.14970908649037,0.415067659111734
-0.16,0.32,-0.156654293323373,0.318490135749157,0.0033457066766267,-0.00150986425084255,0.003670618915387,0.290892295014844,-0.110536437591712,-0.114093616065216,0.331442741517667
-0.16,0.335,-0.158030012031945,0.33473297305833,0.00196998796805486,-0.000267026941669551,0.00198800301354357,0.213082107728206,-0.0772906289672305,-0.0602534023095125,0.234538643432955
-0.16,0.35,-0.15996919475019,0.351103095860891,3.08052498095568e-05,0.00110309586089075,0.00110352591348374,0.130225090982614,-0.0346818698585915,0.012370800679865,0.135330896849595
-0.14,0.05,-0.140971306639381,0.0505022284029118,-0.000971306639380942,0.000502228402911822,0.00109346694344039,0.216215095703441,-0.0807131972856303,0.092039278216448,0.248465114872155
-0.14,0.065,-0.142778279303832,0.064424037224866,-0.00277827930383193,-0.000575962775133984,0.00283735246461219,0.292762037426665,-0.113509948732459,0.154227857907451,0.349829574739016
-0.14,0.08,-0.144031451658866,0.0784209244798422,-0.00403145165886584,-0.00157907552015785,0.0043296745808587,0.365257489668434,-0.13747979310518,0.195937076044695,0.43669896754141
-0.14,0.095,-0.144766485765633,0.0925012513352226,-0.00476648576563329,-0.00249874866477742,0.00538174055893739,0.432611522581535,-0.154091143250634,0.217933885812935,0.508324387918034
-0.14,0.11,-0.145026633462621,0.106673366819717,-0.0050266334626205,-0.00332663318028338,0.00602773027628962,0.493751905920749,-0.164835859263162,0.22144214539215,0.565686333815778
-0.14,0.125,-0.144862610101382,0.120945472763132,-0.00486261010138186,-0.00405452723686758,0.00633120589718594,0.547654986118502,-0.17117017762397,0.208143105058975,0.610370616090261
-0.14,0.14,-0.144332229654959,0.135325474436274,-0.00433222965495865,-0.00467452556372626,0.00637333531435727,0.593377618325865,-0.174452831769982,0.180157096098509,0.644198524850466
-0.14,0.155,-0.143499790234201,0.149820820610941,-0.00349979023420056,-0.00517917938905949,0.00625079441570943,0.630088519717404,-0.175883945835903,0.140005443503381,0.668994255538328
-0.14,0.17,-0.142435213197555,0.164438338090968,-0.00243521319755497,-0.00556166190903189,0.00607143693930211,0.657097269037582,-0.176448615102815,0.0905529660839913,0.68637920172299
-0.14,0.185,-0.141212954649717,0.179184066942978,-0.0012129546497168,-0.00581593305702234,0.00594107198290299,0.673879178335895,-0.176869068410545,0.0349328949211565,0.697583065031272
-0.14,0.2,-0.139910723903424,0.194063103528705,8.9276096576231e-05,-0.00593689647129521,0.00593756767812354,0.680094432792325,-0.177568902560979,-0.0235425216666309,0.703291982976258
-0.14,0.215,-0.138608057735989,0.20907945889206,0.00139194226401097,-0.00592054110794002,0.00608196598783219,0.675600224960369,-0.178652098100337,-0.0814812203229798,0.703560690489774
-0.14,0.23,-0.13738481041792,0.224235939916348,0.00261518958207951,-0.00576406008365195,0.00632958175539007,0.660455074974558,-0.179898438657692,-0.135514946273895,0.697807046248897
-0.14,0.245,-0.136319626207863,0.239534059911718,0.00368037379213744,-0.00546594008828241,0.00658951077839204,0.63491508072363,-0.180775680051819,-0.182401510630036,0.684888971060586
-0.14,0.26,-0.135488462496103,0.254973983924458,0.00451153750389682,-0.00502601607554223,0.00675387357304507,0.599422420377416,-0.180467499309723,-0.219120018746816,0.663245242036405
-0.14,0.275,-0.134963227789786,0.270554512170985,0.00503677221021392,-0.00444548782901454,0.00671799347539871,0.554586964680981,-0.177915051929344,-0.242954049042409,0.631071440611588
-0.14,0.29,-0.134810589837871,0.286273102785677,0.00518941016212945,-0.00372689721432259,0.00638903284362649,0.501162301950371,-0.171869017968951,-0.251558829996398,0.586504442342611
-0.14,0.305,-0.135090996406244,0.302125932720822,0.00490900359375643,-0.00287406727917808,0.00568846016148093,0.440017769807411,-0.160948411296715,-0.243009809199128,0.52780277204602
-0.14,0.32,-0.135857936042271,0.318107993425043,0.00414206395772915,-0.00189200657495743,0.00455372185246321,0.372108235593001,-0.143702213838588,-0.215831485622975,0.453540703274453
-0.14,0.335,-0.137157450267314,0.33421321604095,0.00284254973268588,-0.000786783959050019,0.00294942672073931,0.298443332618097,-0.118670050424088,-0.169006794438616,0.362925254856403
-0.14,0.35,-0.139027893489445,0.350434619498078,0.000972106510554654,0.00043461949807834,0.00106484044625127,0.220057714084723,-0.0844385940274387,-0.101968568530439,0.256813109241325
-0.12,0.05,-0.121771955828976,0.0500878416559004,-0.0017719558289758,8.78416559003947e-05,0.00177413179227267,0.266817518205841,-0.112502312644614,0.194924786191282,0.349062182864332
-0.12,0.065,-0.123526354099962,0.0641601162915904,-0.00352635409996169,-0.000839883708409594,0.00362499350095534,0.337167809481932,-0.137177062015695,0.251833255055643,0.442629236309892
-0.12,0.08,-0.124720082665439,0.0782954977340247,-0.00472008266543925,-0.00170450226597528,0.00501841691604981,0.403926619557009,-0.153181990281672,0.286900532576286,0.518589613957308
-0.12,0.095,-0.125388937032036,0.0925010844998741,-0.00538893703203577,-0.00249891550012588,0.00594013644725573,0.466071445594042,-0.162168790641952,0.300903294008553,0.57798523714122
-0.12,0.11,-0.125576449721471,0.106784023821813,-0.00557644972147067,-0.00321597617818707,0.00643733596099792,0.522592648832295,-0.165818271977658,0.295113210954149,0.62265110512162
-0.12,0.125,-0.125333771144139,0.121151405885475,-0.00533377114413942,-0.00384859411452468,0.00657729361336472,0.572522939462425,-0.165773966985356,0.271299666937137,0.654882968665839
-0.12,0.14,-0.124719305570156,0.135610143621889,-0.00471930557015642,-0.00438985637811146,0.00644536143943497,0.614968075097841,-0.163572168407901,0.231711705686109,0.677227614497481
-0.12,0.155,-0.123798090374025,0.150166840380202,-0.00379809037402537,-0.00483315961979836,0.00614694415134167,0.649137181449776,-0.160572484002677,0.179037958825953,0.692259361342373
-0.12,0.17,-0.122640921321234,0.164827649079894,-0.0026409213212342,-0.00517235092010629,0.00580755365585836,0.674370945094307,-0.157893424995746,0.116344817395679,0.702316736040287
-0.12,0.185,-0.121323242880626,0.179598127696208,-0.00132324288062569,-0.00540187230379219,0.00556158215866705,0.690165915013689,-0.156357558495625,0.0469947918333519,0.709219013520456
-0.12,0.2,-0.11992383894638,0.194483096979229,7.61610536197399e-05,-0.00551690302077144,0.00551742869883115,0.696193306418353,-0.156450310121554,-0.0254513364382836,0.714014136944336
-0.12,0.215,-0.118523374231137,0.209486507085484,0.00147662576886324,-0.00551349291451618,0.00570780411188848,0.692311022072666,-0.158295609246627,-0.0973435271385137,0.71682251336773
-0.12,0.23,-0.117202848212412,0.224611320044099,0.00279715178758788,-0.00538867995590105,0.0060714026213006,0.67856806847041,-0.161650304714568,-0.165056583357951,0.716823424918665
-0.12,0.245,-0.116042030588666,0.239859414666714,0.00395796941133408,-0.00514058533328558,0.00648776844761333,0.65520109688932,-0.165917783675108,-0.225102791461993,0.712386828118268
-0.12,0.26,-0.115117948736394,0.255231519595978,0.00488205126360591,-0.00476848040402207,0.00682442890680375,0.622623380043893,-0.170179679385141,-0.274236686637858,0.701307990465309
-0.12,0.275,-0.114503493546245,0.270727178693905,0.00549650645375548,-0.00427282130609519,0.006961938315584,0.581407075137716,-0.173243143081706,-0.309546270438336,0.681081294254486
-0.12,0.29,-0.1142662007617,0.286344751072429,0.00573379923830009,-0.0036552489275706,0.00679980135207174,0.532260066243248,-0.173700045654052,-0.328526242197983,0.649158288622927
-0.12,0.305,-0.114467251611788,0.302081445926734,0.00553274838821205,-0.00291855407326566,0.0062553387283055,0.475998972880131,-0.169993777906749,-0.329130363245936,0.603160892672775
-0.12,0.32,-0.115160720761858,0.317933390197758,0.0048392792381419,-0.00206660980224169,0.00526208130110441,0.41352004434354,-0.160489085680278,-0.309801771835885,0.541049800702122
-0.12,0.335,-0.11639308307611,0.333895725177081,0.00360691692389001,-0.00110427482291857,0.00377217080477223,0.345769630212568,-0.143540582855786,-0.269481680416499,0.461283060068994
-0.12,0.35,-0.118202975001208,0.349962726661016,0.0017970249987915,-3.72733389835678e-05,0.00179741151328253,0.27371574582282,-0.117556159511838,-0.207598289105079,0.36309399747589
-0.1,0.05,-0.102459555102558,0.0498371031564869,-0.00245955510255841,-0.000162896843513075,0.00246494354583378,0.282778191479864,-0.13171982287767,0.288376807698892,0.424824231127004
-0.1,0.065,-0.104169586286736,0.0640652281419059,-0.00416958628673639,-0.000934771858094124,0.00427308415892138,0.345047331209984,-0.148714019720521,0.340717684397848,0.50721173190003
-0.1,0.08,-0.105312993302381,0.0783442371340203,-0.00531299330238111,-0.00165576286597965,0.00556502008078171,0.404270212750607,-0.157172625803373,0.369968921299877,0.570102906054485
-0.1,0.095,-0.105925676410115,0.09267990044267,-0.00592567641011471,-0.00232009955733005,0.0063636862645257,0.45952211178234,-0.158920877120744,0.376910831799959,0.615208767694532
-0.1,0.11,-0.106051400897554,0.107078097282978,-0.00605140089755357,-0.00292190271702235,0.00671989347465083,0.50988647150594,-0.155819419258584,0.362854116654346,0.644927443002566
-0.1,0.125,-0.105741684548319,0.121544741132775,-0.0057416845483194,-0.00345525886722528,0.00670117566490752,0.554481948528998,-0.149690910759656,0.329644943639226,0.662214671029896
-0.1,0.14,-0.105055434739963,0.136085690681788,-0.00505543473996262,-0.00391430931821185,0.00639368734367431,0.592490760045286,-0.142242246948674,0.279647400191356,0.670437136984276
-0.1,0.155,-0.104058322557479,0.150706647200112,-0.00405832255747902,-0.00429335279988836,0.00590786427102488,0.62318684744433,-0.134986989440594,0.215701779618527,0.673138770017287
-0.1,0.17,-0.102821896298027,0.165413040361643,-0.00282189629802725,-0.0045869596383574,0.00538547095811868,0.645962206192763,-0.12917310979349,0.141058845465122,0.673688125817027
-0.1,0.185,-0.101422453499636,0.180209905873157,-0.00142245349963601,-0.00479009412684275,0.00499683656953479,0.660349705318677,-0.125721212823216,0.059292110068997,0.674824699623613
-0.1,0.2,-0.0999397075658799,0.195101759486648,6.02924341200673e-05,-0.00489824051335236,0.00489861156903244,0.666040856903892,-0.125177927704163,-0.0258079583923395,0.678197137729948
-0.1,0.215,-0.0984553005042848,0.210092473074214,0.00154469949571523,-0.0049075269257858,0.00514489232728689,0.662897295992799,-0.127688151825874,-0.110352240311967,0.684046975031613
-0.1,0.23,-0.0970512253283788,0.225185159117473,0.00294877467162125,-0.00481484088252698,0.00564605745525568,0.650955166486604,-0.132988390722377,-0.190477037504427,0.691169903680263
-0.1,0.245,-0.095808229070233,0.240382070111668,0.00419177092976705,-0.00461792988833226,0.00623668341197407,0.630422139745617,-0.140421721887973,-0.262466615638248,0.697169316199225
-0.1,0.26,-0.0948042689402168,0.255684518978932,0.0051957310597832,-0.00431548102106794,0.00675418371742977,0.601667349107526,-0.148973129556963,-0.322867066901807,0.698888969333144
-0.1,0.275,-0.0941130899591196,0.271092825510641,0.00588691004088036,-0.00390717448935946,0.00706553057595248,0.565205039301233,-0.157322333486246,-0.368585180297821,0.692869351667973
-0.1,0.29,-0.0938029827686838,0.286606292337007,0.00619701723131624,-0.00339370766299266,0.00706542810218075,0.521673158954599,-0.163909963570606,-0.396967405010367,0.675720188987818
-0.1,0.305,-0.0939357665861074,0.302223211996288,0.00606423341389259,-0.00277678800371235,0.00666974351198996,0.471808400513293,-0.167012142999971,-0.40585576532711,0.644375279983707
-0.1,0.32,-0.0945660259077882,0.317940904650322,0.00543397409221183,-0.00205909534967758,0.00581101953996828,0.416419315541367,-0.164818292652863,-0.393619492356841,0.59624628217765
-0.1,0.335,-0.0957406125070281,0.333755784065131,0.00425938749297189,-0.00124421593486924,0.00443739282776135,0.356359100435147,-0.155507232090855,-0.359162964328867,0.529314967937881
-0.1,0.35,-0.097498408113447,0.349663447805217,0.00250159188655302,-0.000336552194782652,0.0025241294235203,0.29249947470559,-0.137317330775994,-0.301912090049922,0.442226042877013
-0.08,0.05,-0.0830296509041147,0.0497242849559954,-0.00302965090411469,-0.000275715044004587,0.00304217083450181,0.266941109385677,-0.141788405566134,0.369880411133706,0.477675986409451
-0.08,0.065,-0.0847036714634291,0.0641128250586714,-0.00470367146342909,-0.000887174941328617,0.00478660679525681,0.319329818886222,-0.151885471739077,0.418463019764396,0.547863409655155
-0.08,0.08,-0.0858060801219887,0.0785398253616706,-0.00580608012198872,-0.00146017463832937,0.0059868753417265,0.369292775412599,-0.153551885147514,0.442860569673962,0.596727775664089
-0.08,0.095,-0.0863728544367658,0.0930096732718919,-0.00637285443676583,-0.00199032672810809,0.00667642675065243,0.416032872664779,-0.148769173771878,0.443851755195878,0.626277816916106
-0.08,0.11,-0.0864479443269467,0.107526924417407,-0.00644794432694673,-0.00247307558259335,0.0069059459077395,0.458756858018263,-0.139560803221269,0.422777008170592,0.639280619868922
-0.08,0.125,-0.0860831654287683,0.12209626061875,-0.00608316542876826,-0.00290373938124994,0.00674066792150326,0.496698879631905,-0.127912422967991,0.381545934328939,0.639259653153715
-0.08,0.14,-0.0853378374810788,0.136722433641735,-0.00533783748107883,-0.0032775663582654,0.00626378082369132,0.52914533084921,-0.115686929142489,0.322620456146735,0.630449217396339
-0.08,0.155,-0.0842781544427526,0.151410194001251,-0.00427815444275265,-0.00358980599874936,0.00558473925485345,0.555459682598392,-0.104539383229648,0.248971839922219,0.617620119796246
-0.08,0.17,-0.0829762883644665,0.166164205196437,-0.00297628836446645,-0.00383579480356289,0.00485506067969273,0.575105834612591,-0.0958374495032789,0.164011621401604,0.605668858079797
-0.08,0.185,-0.0815092462442718,0.180988945103683,-0.00150924624427179,-0.00401105489631659,0.00428560212888618,0.587668478311696,-0.0905931164911848,0.0714985312885203,0.598896200394806
-0.08,0.2,-0.0799575165244986,0.195888597693646,4.24834755013616e-05,-0.00411140230635371,0.00411162179320779,0.592869078258108,-0.0894109653730468,-0.0245743920873704,0.600079375605693
-0.08,0.215,-0.078403557760643,0.210866939648321,0.00159644223935705,-0.00413306035167904,0.0044306676352695,0.590576337389295,-0.0924571447242031,-0.120106476156737,0.609719450052236
-0.08,0.23,-0.076930194477685,0.22592722757075,0.00306980552231498,-0.00407277242924953,0.00510011580312552,0.580810406130172,-0.0994516050043403,-0.211022514367007,0.625911932485195
-0.08,0.245,-0.0756189927918852,0.241072092142655,0.00438100720811475,-0.0039279078573452,0.00588401939947071,0.563740563815788,-0.109684219047679,-0.293404302137226,0.644922109318983
-0.08,0.26,-0.074548690118501,0.256303445685287,0.00545130988149904,-0.00369655431471314,0.00658644769399662,0.539676612626586,-0.122053411736034,-0.363612772816988,0.662092899938073
-0.08,0.275,-0.0737937489141824,0.271622409005574,0.00620625108581761,-0.00337759099442608,0.0070658101775975,0.509054688847357,-0.135124093356689,-0.418393823979275,0.672646850432228
-0.08,0.29,-0.0734230945506244,0.287029262252849,0.00657690544937564,-0.00297073774715145,0.0072167144915382,0.472418583957954,-0.147200263753789,-0.454962480212759,0.672192886836722
-0.08,0.305,-0.0734990832397169,0.302523422848956,0.00650091676028308,-0.00247657715104371,0.00695667687255929,0.430397921792444,-0.156406777230834,-0.471062002279881,0.656970006826149
-0.08,0.32,-0.0740767291682138,0.318103451686701,0.00592327083178618,-0.00189654831329925,0.00621948815027146,0.383684644509067,-0.160774494320616,-0.464996674398061,0.623929562197426
-0.08,0.335,-0.0752032023949698,0.333767086771647,0.00479679760503018,-0.00123291322835262,0.00495271060049648,0.333009230187791,-0.158323360041405,-0.435639000197487,0.570741154808708
-0.08,0.35,-0.0769175925574002,0.349511301751777,0.00308240744259983,-0.000488698248223451,0.00312090717901245,0.279117907004675,-0.147138733392072,-0.382413741424011,0.49578061294326
-0.06,0.05,-0.0634783984954363,0.0497224382102371,-0.00347839849543627,-0.000277561789762903,0.00348945506350056,0.223575209142142,-0.145976359303505,0.437068195530459,0.512177045563853
-0.06,0.065,-0.0651248831776217,0.0642750684935035,-0.00512488317762166,-0.000724931506496551,0.00517590120398186,0.264468380385359,-0.150294231718963,0.482781580094681,0.570624767924155
-0.06,0.08,-0.0661957792219257,0.0788535863230416,-0.00619577922192574,-0.00114641367695842,0.00630094790373354,0.303618640937491,-0.146252374323194,0.503405079501895,0.605800403695777
-0.06,0.095,-0.0667271152404797,0.0934609535194749,-0.00672711524047973,-0.00153904648052508,0.00690092338226641,0.34038389942436,-0.135963893870214,0.499711637269078,0.619728040512037
-0.06,0.11,-0.0667629776285354,0.108100358429944,-0.00676297762853537,-0.00189964157005604,0.00702470671976808,0.374122164277444,-0.121590118904026,0.473061949046897,0.615258316438121
-0.06,0.125,-0.0663554089336617,0.122775207611541,-0.00635540893366168,-0.00222479238845852,0.00673356695116412,0.404210598060171,-0.105255471634362,0.425414086050175,0.596192312631503
-0.06,0.14,-0.0655640476000892,0.137489103638611,-0.00556404760008916,-0.00251089636138865,0.00610436124698504,0.430065762403131,-0.0889564135191311,0.359307432609374,0.567427762973617
-0.06,0.155,-0.0644554952159627,0.152245806685704,-0.0044554952159627,-0.00275419331429597,0.00523803574176228,0.451163987819664,-0.0744698907552609,0.277818855153184,0.535051497754245
-0.06,0.17,-0.0631024129787655,0.167049178539184,-0.00310241297876554,-0.00295082146081585,0.00428162511021508,0.467060658107099,-0.0632674229564473,0.18449098982467,0.506149203822055
-0.06,0.185,-0.0615823666773216,0.181903109070967,-0.00158236667732163,-0.00309689092903268,0.00347773169290311,0.477407157928047,-0.05644112630498,0.0832347852250844,0.487885911804814
-0.06,0.2,-0.0599764572817479,0.19681142684272,2.35427182521034e-05,-0.00318857315728036,0.00318866006951376,0.481964313363793,-0.0546474438510942,-0.0217892896044141,0.485543125249005
-0.06,0.215,-0.058367790495861,0.211777797219871,0.00163220950413905,-0.00322220278012902,0.00361202140382266,0.48061136606897,-0.0580731689712333,-0.126304953514107,0.500314211239842
-0.06,0.23,-0.0568398514311392,0.226805612974397,0.00316014856886079,-0.00319438702560262,0.00449340043247998,0.473349841317774,-0.0664265979418359,-0.226060852199997,0.528751414422193
-0.06,0.245,-0.055474858307509,0.241897883531752,0.00452514169249096,-0.00310211646824804,0.00548634978101977,0.46030206008722,-0.0789545364240897,-0.316969738452286,0.564432632720201
-0.06,0.26,-0.0543521709372091,0.257057129652257,0.00564782906279088,-0.00294287034774326,0.00636855234775784,0.441704470819958,-0.0944836827059333,-0.395237663789645,0.600205057521372
-0.06,0.275,-0.0535468252368233,0.272285290299574,0.00645317476317674,-0.00271470970042609,0.00700093660031918,0.41789636798348,-0.111482900071289,-0.457475749043504,0.629566406496867
-0.06,0.29,-0.0531282550116169,0.287583647654647,0.00687174498838311,-0.0024163523453527,0.00728420468151876,0.389304888901268,-0.12814132337891,-0.500788795944164,0.647126235863292
-0.06,0.305,-0.0531592477108967,0.302952774940248,0.00684075228910327,-0.00204722505975191,0.00714051975182114,0.356427393635998,-0.142456288819245,-0.522837136641038,0.648611937409092
-0.06,0.32,-0.0536951637264568,0.318392509884908,0.00630483627354317,-0.00160749011509209,0.00650653401637957,0.319812428616044,-0.152324798322756,-0.521870413246102,0.630742086448951
-0.06,0.335,-0.0547834308724451,0.333901954733003,0.00521656912755486,-0.00109804526699725,0.00533088143470979,0.280040443580791,-0.155632591061168,-0.496734151593021,0.591093960071824
-0.06,0.35,-0.0564633087624292,0.349479501740695,0.00353669123757075,-0.000520498259304614,0.00357478717518244,0.237705308089684,-0.150335770148141,-0.446851808376948,0.527999212907676
-0.04,0.05,-0.0438026234505795,0.0498036312736193,-0.0038026234505795,-0.00019636872638068,0.00380769034765138,0.158276058589714,-0.147142553328076,0.48785007198929,0.533574729560739
-0.04,0.065,-0.0454301339634959,0.0645230801099381,-0.00543013396349593,-0.000476919890061878,0.00545103728138495,0.186340448517488,-0.147100008164865,0.531643001148445,0.582244255622253
-0.04,0.08,-0.0464791259475984,0.0792557485800739,-0.00647912594759845,-0.000744251419926067,0.00652173161214914,0.213391777486685,-0.138731770614309,0.549664742536684,0.605736990420285
-0.04,0.095,-0.0469856539609759,0.0940031431956709,-0.00698565396097592,-0.000996856804329121,0.00705642152587527,0.238965951422347,-0.124251039902064,0.542679632136038,0.605844575711258
-0.04,0.11,-0.0469938928515551,0.108767054184777,-0.00699389285155511,-0.00123294581522301,0.00710173870276213,0.262595861472673,-0.105924768472756,0.512059291201565,0.585136169209336
-0.04,0.125,-0.0465560401318906,0.123549581579702,-0.00655604013189059,-0.00145041842029772,0.00671456445384948,0.283825099516109,-0.0859844490998604,0.459794101263047,0.547140661155145
-0.04,0.14,-0.0457319570737602,0.1383531478904,-0.00573195707376019,-0.00164685210960039,0.00596384555185031,0.302222658928587,-0.0665303544179636,0.388477947883999,0.496670398077682
-0.04,0.155,-0.0445885341918837,0.153180493369045,-0.00458853419188367,-0.00181950663095487,0.0049361169364364,0.317397854862287,-0.0494349493179331,0.301263933810016,0.440393148388192
-0.04,0.17,-0.0431987825995489,0.16803465075766,-0.00319878259954894,-0.00196534924234004,0.00375430523047123,0.329014583357025,-0.0362519925928182,0.201790834124146,0.387665986507836
-0.04,0.185,-0.0416406705499028,0.182918897809575,-0.0016406705499028,-0.00208110219042537,0.00265005399573511,0.336803998374735,-0.0281380333337099,0.0940824395769917,0.350828408522244
-0.04,0.2,-0.0399957425609315,0.19783668768012,4.2574390685047e-06,-0.0021633123198804,0.00216331650923616,0.340574733241463,-0.0257924821947229,-0.0175756429325136,0.342002414571936
-0.04,0.215,-0.0383475750757975,0.212791559346849,0.0016524249242025,-0.00220844065315129,0.00275820924670644,0.340219942976767,-0.0294211894495921,-0.128775021495705,0.364963933180527
-0.04,0.23,-0.0367801356378358,0.227787032232296,0.00321986436216423,-0.00221296776770394,0.0039070132904345,0.335720667614075,-0.0387266011206091,-0.235131093460985,0.411698283553986
-0.04,0.245,-0.0353761204859577,0.242826490949686,0.00462387951404231,-0.00217350905031352,0.00510924684784117,0.327145302348444,-0.0529253089647474,-0.332428111079583,0.469398358089288
-0.04,0.26,-0.0342153473344776,0.257913067277272,0.00578465266552243,-0.00208693272272836,0.00614959304750568,0.314645274713173,-0.0707914499668107,-0.416753837757284,0.526971343773353
-0.04,0.275,-0.0333732756235583,0.273049526941204,0.00662672437644174,-0.00195047305879648,0.00690780870569083,0.298447312494345,-0.0907222543576148,-0.484615956705153,0.576330419039806
-0.04,0.29,-0.032919716272155,0.288238168459488,0.00708028372784503,-0.00176183154051196,0.00729619544995402,0.278842938170008,-0.110820360903797,-0.533034182275599,0.6116890793929
-0.04,0.305,-0.0329177782627943,0.303480740268467,0.00708222173720571,-0.00151925973153308,0.00724334279644468,0.256175981265704,-0.128986496399712,-0.559604297960279,0.628827948718195
-0.04,0.32,-0.0334230819407221,0.318778380707306,0.0065769180592779,-0.00122161929269426,0.0066894099033277,0.230828979385729,-0.143015826055632,-0.562532779443135,0.624645929148541
-0.04,0.335,-0.0344832507339531,0.334131583495665,0.00551674926604687,-0.000868416504334696,0.00558468169992073,0.203209322580168,-0.150691677464388,-0.540642957993452,0.596908737622471
-0.04,0.35,-0.0361376757942041,0.349540189252527,0.00386232420579594,-0.000459810747473116,0.00388959820472102,0.173735905100907,-0.149871289217534,-0.493355601046782,0.544102510522756
-0.02,0.05,-0.0239998736317965,0.0499392092646207,-0.00399987363179652,-6.07907353793458e-05,0.00400033555890616,0.0777589286240547,-0.147496207700068,0.520536692896764,0.546591526397728
-0.02,0.065,-0.0256170271403173,0.064827216046297,-0.00561702714031725,-0.00017278395370296,0.0056196839937596,0.0920297270237226,-0.144753114949483,0.563395809447229,0.588931937315782
-0.02,0.08,-0.0266538057782803,0.0797157337671151,-0.00665380577828026,-0.000284266232884883,0.00665987527107185,0.106047343437877,-0.133680397032058,0.580051823639241,0.604632118183929
-0.02,0.095,-0.0271462659365144,0.0946047975282115,-0.00714626593651443,-0.000395202471788536,0.00715718532868154,0.119542465754093,-0.116554421420479,0.571258850555657,0.595159805081055
-0.02,0.11,-0.0271386231364776,0.10949478216901,-0.00713862313647765,-0.000505217830990362,0.00715647855732165,0.132240256894233,-0.095709617203536,0.538390442454165,0.562596327728744
-0.02,0.125,-0.0266831573166082,0.124386463012735,-0.00668315731660818,-0.000613536987265295,0.00671126063815704,0.143868112205239,-0.0734467139027131,0.483452433080756,0.50972583040558
-0.02,0.14,-0.0258398551890844,0.139281063751543,-0.00583985518908438,-0.000718936248456647,0.00588394238235052,0.154164112979254,-0.0519339871467021,0.409068407931517,0.440229063724162
-0.02,0.155,-0.0246757750585987,0.154180285826231,-0.00467577505859873,-0.000819714173768554,0.00474708370742407,0.16288575511466,-0.0331074139067377,0.318435349805924,0.359206576639756
-0.02,0.17,-0.0232641353912264,0.169086314431227,-0.00326413539122643,-0.000913685568772526,0.00338960191922888,0.169818451088014,-0.0185764907972875,0.215249138422847,0.274801253076192
-0.02,0.185,-0.0216831464564189,0.184001797662493,-0.00168314645641893,-0.000998202337507414,0.00195688269969379,0.17478327562399,-0.0095426916249879,0.103602041952553,0.203405218591613
-0.02,0.2,-0.0200146225892786,0.19892979731444,-1.46225892785953e-05,-0.00107020268555991,0.0010703025779175,0.177643435475543,-0.00673701572948186,-0.0121431500724751,0.178185463018045
-0.02,0.215,-0.0183424293848942,0.213873712215546,0.00165757061510581,-0.00112628778445439,0.00200401210512148,0.178309021581464,-0.0103817962571997,-0.127495462363161,0.219447124982087
-0.02,0.23,-0.0167508332992094,0.22883717744512,0.00324916670079062,-0.00116282255488004,0.00345097675211879,0.176739718388824,-0.0201800084874545,-0.23798600106803,0.297122357528773
-0.02,0.245,-0.0153228291778987,0.243823945065972,0.00467717082210134,-0.00117605493402848,0.00482276187541629,0.172945306934911,-0.0353329704146117,-0.339316801957574,0.38248520673556
-0.02,0.26,-0.0141385231344243,0.258837753757702,0.00586147686557574,-0.00116224624229783,0.00597559431131457,0.166983969793171,-0.0545848636455465,-0.427499056598682,0.462190172216099
-0.02,0.275,-0.0132736436896766,0.273882195719248,0.00672635631032341,-0.00111780428075231,0.00681860364176535,0.15895858117613,-0.0762902488076945,-0.498972602057198,0.52921043193202
-0.02,0.29,-0.0127982437361816,0.288960589384551,0.00720175626381842,-0.00103941061544857,0.00727637737551833,0.149011306408549,-0.0984989904284961,-0.550700413834728,0.578947509031192
-0.02,0.305,-0.012775641065531,0.304075865718859,0.00722435893446899,-0.000924134281141353,0.00728322635812059,0.13731693958923,-0.119051938179111,-0.580234201672713,0.608033308535365
-0.02,0.32,-0.0132616275661688,0.319230474430645,0.00673837243383119,-0.000769525569355473,0.00678217020273805,0.124075463805167,-0.135680407454635,-0.585749729146869,0.613930163019059
-0.02,0.335,-0.0143039588438142,0.334426314488674,0.0056960411561858,-0.000573685511326139,0.00572485806975754,0.109504317152216,-0.146102918274911,-0.56605286348076,0.5947741413255
-0.02,0.35,-0.015942118676991,0.349664691121398,0.00405788132300897,-0.00033530887860167,0.00407171129572003,0.0938308106956546,-0.148113643708706,-0.520559345929594,0.549296109684811
0,0.05,-0.0040684600409398,0.0501000695932972,-0.0040684600409398,0.000100069593297225,0.00406969053224279,-0.0104476520895255,-0.148399999801145,0.533943711796311,0.554283318178722
0,0.065,-0.00568389771737932,0.0651573584913039,-0.00568389771737932,0.000157358491303855,0.00568607553207089,-0.0105010736133262,-0.144775164321358,0.576870878397987,0.59485570482957
0,0.08,-0.00671819474693661,0.0802024636414716,-0.00671819474693661,0.00020246364147164,0.00672124483885869,-0.0100356390830593,-0.132779287122864,0.593429184760402,0.608188065993342
0,0.095,-0.00720738602573345,0.0952339466352188,-0.00720738602573345,0.000233946635218751,0.00721118189703103,-0.00911665737541131,-0.114711434347102,0.584361941050313,0.595587020418545
0,0.11,-0.0071956803120091,0.110250763630452,-0.0071956803120091,0.000250763630452039,0.00720004844087821,-0.00781700673499677,-0.0929314584457052,0.551036094272476,0.558874418094808
0,0.125,-0.00673536723409329,0.125252360563546,-0.00673536723409329,0.000252360563546078,0.00674009329550644,-0.00621566975152897,-0.0697673834770511,0.495455850197992,0.500384065761528
0,0.14,-0.00588646078700454,0.140238756113435,-0.00588646078700454,0.000238756113435212,0.00589130079682279,-0.00439591533563042,-0.0474155680824829,0.420248717832974,0.422938952152567
0,0.155,-0.00471606454285342,0.155210605147381,-0.00471606454285342,0.00021060514738086,0.00472076469446027,-0.00244318292432633,-0.0278396055444029,0.328621450425189,0.329808081772059
0,0.17,-0.00329745980327214,0.170169236043174,-0.00329745980327214,0.000169236043174426,0.00330179981108862,-0.000442758654056501,-0.0126747980468362,0.2242855021603,0.224643935302506
0,0.185,-0.0017089359237874,0.185116656641482,-0.0017089359237874,0.000116656641482193,0.00171291294688697,0.00152264590817243,-0.0031452852205469,0.111354109450292,0.111408944314426
0,0.2,-3.24004096713207e-05,0.200055525758072,-3.24004096713207e-05,5.55257580724666e-05,6.4287606553608e-05,0.00337528493814543,-3.91400846572631e-07,-0.00578434830924358,0.00669710633512589
0,0.215,0.0016481768017109,0.214989089844713,0.0016481768017109,-1.09101552872859e-05,0.00164821291136381,0.00504460579596543,-0.00347546830602282,-0.122609772367899,0.122762734461668
0,0.23,0.00324841724742883,0.22992108731021,0.00324841724742883,-7.89126897902948e-05,0.00324937560555917,0.00646918623450799,-0.0132805610747796,-0.234621936094033,0.235086694864372
0,0.245,0.00468521026059887,0.244855625787774,0.00468521026059887,-0.000144374212226378,0.00468743417011662,0.00759827528771076,-0.0286178453288095,-0.337490784363943,0.33878766034491
0,0.26,0.00587833405823622,0.25979703998059,0.00587833405823622,-0.000202960019410031,0.00588183679386795,0.00839285874849962,-0.0482262792891935,-0.427196120956766,0.429992566966304
0,0.275,0.00675194841502806,0.274749739216255,0.00675194841502806,-0.000250260783744682,0.00675658477776165,0.00882620871162218,-0.0704496195049003,-0.500148448020899,0.505164501943431
0,0.29,0.00723589613122794,0.289718054459348,0.00723589613122794,-0.00028194554065164,0.00724138702941728,0.00888391236698885,-0.0933221544215978,-0.553284603229962,0.561172271235493
0,0.305,0.0072667653671816,0.304706094102626,0.0072667653671816,-0.000293905897373853,0.00727270648233387,0.00856341562762911,-0.114665415298184,-0.58413421835942,0.595346507158697
0,0.32,0.00678868260871215,0.31971761659581,0.00678868260871215,-0.00028238340419029,0.006794553108836,0.00787314354292486,-0.132188807500181,-0.590855584467646,0.605515979499283
0,0.335,0.00575382447235059,0.334755926039252,0.00575382447235059,-0.000244073960748215,0.005758998884957,0.00683128331263081,-0.143587522426018,-0.572241929668132,0.590023682192742
0,0.35,0.00412265391184286,0.349823794584274,0.00412265391184286,-0.000176205415725966,0.00412641777155008,0.00546432853099533,-0.14663209318232,-0.527701123755124,0.547724009239136
0.02,0.05,0.0159925147590435,0.0502569473397059,-0.00400748524095651,0.000256947339705937,0.00401571411978819,-0.0983847920298394,-0.150241830999764,0.527465190743997,0.557202072385698
0.02,0.065,0.0143701589150755,0.0654832179265194,-0.00562984108492451,0.000483217926519425,0.00565054070032362,-0.112821815742109,-0.147615401733998,0.571454964758904,0.600901951542357
0.02,0.08,0.0133286119672667,0.0806846786364609,-0.00667138803273334,0.000684678636460906,0.00670642998312244,-0.125973835905059,-0.13654081271918,0.58918259519227,0.617780405037515
0.02,0.095,0.0128318832730038,0.0958584295208715,-0.00716811672699624,0.000858429520871479,0.00721933505623246,-0.137701259420813,-0.11929808555618,0.581380672555307,0.609262385379491
0.02,0.11,0.0128358178754879,0.111002018827681,-0.00716418212451209,0.00100201882768081,0.0072339164526697,-0.147873851027752,-0.098228973915458,0.54940148227423,0.577373723718653
0.02,0.125,0.0132881889954368,0.126113572048611,-0.0067118110045632,0.00111357204861132,0.00680356154292912,-0.156375579562552,-0.0756452417063306,0.495230757419918,0.524815161091609
0.02,0.14,0.0141290535614441,0.141191909343545,-0.00587094643855594,0.00119190934354524,0.00599071447889341,-0.163109468196473,-0.053729725511344,0.421474100841236,0.455118763411718
0.02,0.155,0.0152913855354696,0.156236642525788,-0.00470861446453044,0.00123664252578834,0.00486829897522466,-0.168002143022811,-0.0344360682372046,0.331313557049065,0.373067993358036
0.02,0.17,0.0167019858485347,0.171248243293513,-0.00329801415146529,0.0012482432935132,0.00352633076484126,-0.171007754065317,-0.0193938844519695,0.228433933140935,0.286010500470861
0.02,0.185,0.0182826497819376,0.186228075761508,-0.00171735021806244,0.00122807576150824,0.00211127019764954,-0.172110955768742,-0.00982636640459855,0.116920931034046,0.208300961294957
0.02,0.2,0.0199515543150856,0.201178388676622,-4.84456849143529e-05,0.00117838867662196,0.00117938410095171,-0.171328677837963,-0.00648683950815646,0.00113567671939756,0.171455261320436
0.02,0.215,0.0216248111617573,0.216102265612178,0.00162481116175735,0.0011022656121781,0.00196341559308304,-0.16871050611125,-0.00961951279489686,-0.114427508207925,0.204082014318044
0.02,0.23,0.0232181180513842,0.231003534807884,0.00321811805138418,0.00100353480788437,0.00337095919632384,-0.164337592105262,-0.0189477511635406,-0.225291568352077,0.279503680031717
0.02,0.245,0.0246484326407241,0.24588664359232,0.00464843264072408,0.000886643592319714,0.00473223656162186,-0.158320136793897,-0.0336908474480025,-0.327146043817317,0.365000443090866
0.02,0.26,0.025835591561537,0.260756505180822,0.00583559156153703,0.000756505180821737,0.0058844225682468,-0.150793608247243,-0.0526077962681235,-0.415986017696312,0.445591360073975
0.02,0.275,0.0267038015490258,0.275618327700236,0.00670380154902583,0.000618327700236038,0.00673225700293745,-0.141913955328611,-0.0740642962428327,-0.488232498111808,0.513807193499694
0.02,0.29,0.0271829399285032,0.290477436326578,0.00718293992850322,0.000477436326578345,0.00719878958314677,-0.131852147743452,-0.0961174213933461,-0.540827895063378,0.56490790822127
0.02,0.305,0.0272096165830103,0.305339099347206,0.00720961658301031,0.000339099347206384,0.00721758682949454,-0.120788407885084,-0.116611306409328,-0.571302607789409,0.59546443842791
0.02,0.32,0.0267279671194999,0.320208367874097,0.00672796711949994,0.000208367874097254,0.00673119296499722,-0.108906491085419,-0.13327686126585,-0.577811268065957,0.602903442561826
0.02,0.335,0.0256901653969896,0.335089937041987,0.00569016539698963,8.99370419869261e-05,0.00569087611151565,-0.0963883353981691,-0.143828929139638,-0.559139589692934,0.585335401841529
0.02,0.35,0.0240566608833962,0.349988034167692,0.00405666088339623,-1.19658323079197e-05,0.0040566785310177,-0.0834093329177364,-0.146055282214849,-0.514684774156908,0.541471939380269
0.04,0.05,0.0361831415631435,0.0503807039253663,-0.00381685843685647,0.000380703925366294,0.00383579767529412,-0.178087942729083,-0.152392693171088,0.501107646573916,0.553217949303698
0.04,0.065,0.034545271477202,0.0657746389486445,-0.00545472852279802,0.000774638948644518,0.00550945811838001,-0.206492905154465,-0.15260254877223,0.547125642206759,0.604381264712727
0.04,0.08,0.0334867842265761,0.0811312602884487,-0.00651321577342392,0.0011312602884487,0.00661072836769136,-0.232870194352362,-0.144254255689764,0.567256054612191,0.629937494082561
0.04,0.095,0.0329717558704759,0.0964462322451651,-0.00702824412952407,0.00144623224516507,0.00717550020912444,-0.256882783342216,-0.129568182049233,0.562221070394616,0.631564128869031
0.04,0.11,0.0329561318490028,0.111715719760572,-0.00704386815099717,0.00171571976057194,0.00724981191655682,-0.278204771864625,-0.110825592915268,0.533350695574979,0.611675342889589
0.04,0.125,0.0333878201983962,0.126936550224984,-0.00661217980160375,0.00193655022498448,0.00688993095049755,-0.296532242245829,-0.0902795069317636,0.48259600001076,0.573570751240109
0.04,0.14,0.0342070462826349,0.142106364289305,-0.00579295371736512,0.00210636428930511,0.00616401519229099,-0.311594456946157,-0.0700585747404249,0.412515711838834,0.52169953270612
0.04,0.155,0.0353469836080352,0.157223745385744,-0.00465301639196478,0.0022237453857441,0.0051570926969089,-0.323164749805155,-0.0520696703389118,0.326233728763035,0.462143170227279
0.04,0.17,0.0367346595281957,0.172288318005069,-0.00326534047180434,0.00228831800506868,0.00398733591375556,-0.331070396202094,-0.0379057257394785,0.227367166845089,0.403411641067264
0.04,0.185,0.0382921167704735,0.187300806203034,-0.00170788322952645,0.00230080620303383,0.00286540997234543,-0.335200749419316,-0.0287655780231815,0.119926947088541,0.357169268891725
0.04,0.2,0.0399377935187587,0.202263046162601,-6.22064812412801e-05,0.00226304616260117,0.00226390096523066,-0.335513006698461,-0.0253921192278721,0.00819536402547588,0.336572766469068
0.04,0.215,0.041588068243645,0.217177949935644,0.00158806824364495,0.00217794993564444,0.00269544554176989,-0.332035119512767,-0.028033827615219,-0.103412735121734,0.34889509312529
0.04,0.23,0.0431589022535076,0.232049421138392,0.0031589022535076,0.00204942113839168,0.00376547346952571,-0.324865575364068,-0.0364329181191667,-0.210496899955627,0.388811682702377
0.04,0.245,0.0445675049750137,0.246882227177753,0.00456750497501372,0.00188222717775294,0.00494012963852639,-0.314170030173851,-0.0498410928711196,-0.30881707126674,0.443346260414904
0.04,0.26,0.0457339449797074,0.261681835913213,0.00573394497970736,0.0016818359132133,0.00597550810134881,-0.300175021557531,-0.0670614890197442,-0.394429632621536,0.500178578890535
0.04,0.275,0.0465826342317835,0.276454227265125,0.00658263423178349,0.00145422726512462,0.00674135374892014,-0.283159227065618,-0.0865132249429273,-0.463805547976503,0.550255939979016
0.04,0.29,0.0470436232054072,0.291205691675387,0.00704362320540719,0.0012056916753867,0.00714607026804575,-0.263442899113059,-0.106313213471999,-0.5139243817136,0.587218825427913
0.04,0.305,0.0470536592333382,0.305942627656112,0.00705365923333823,0.000942627656112222,0.00711636532775863,-0.241376212113675,-0.124368835762241,-0.542340261705985,0.606519973085137
0.04,0.32,0.0465569779119163,0.320671349718152,0.00655697791191631,0.000671349718152303,0.0065912570714107,-0.217327276084674,-0.138474731969732,-0.547218303860744,0.60486169178866
0.04,0.335,0.0455058156349796,0.335397916174915,0.00550581563497959,0.000397916174914581,0.00552017600160035,-0.191670517427162,-0.146407324195734,-0.527342336067027,0.579884041511403
0.04,0.35,0.0438606485576562,0.350127983859025,0.00386064855765617,0.000127983859024627,0.00386276936328115,-0.164776017612275,-0.146011615949311,-0.482096725302679,0.529990361564002
0.06,0.05,0.0565027032822625,0.050442612409673,-0.00349729671773755,0.000442612409673027,0.00352519362263896,-0.242012181324942,-0.153256696265024,0.455480973036593,0.538073002007806
0.06,0.065,0.0548407909547552,0.0660019024523182,-0.00515920904524478,0.00100190245231824,0.00525559192636727,-0.283524242036263,-0.157999178362196,0.504443699881791,0.599847038035136
0.06,0.08,0.0537557544260499,0.0815115497602989,-0.00624424557395012,0.00151154976029891,0.00642459224119752,-0.322305985489018,-0.154044368756616,0.528146098160269,0.637615332745645
0.06,0.095,0.0532117588403912,0.0969658219527657,-0.00678824115960883,0.00196582195276573,0.00706715458943577,-0.357838114786513,-0.143515784367916,0.527300057704359,0.653218852578347
0.06,0.11,0.0531648961488451,0.112359538549436,-0.00683510385115488,0.00235953854943607,0.00723091051129435,-0.389614414229677,-0.128595408580367,0.50320606484359,0.649274229966844
0.06,0.125,0.0535632802388779,0.127688264057954,-0.00643671976112209,0.00268826405795428,0.00697553760856526,-0.417158030478543,-0.111438646073965,0.457765364383736,0.629279352621682
0.06,0.14,0.0543474010039259,0.142948490664094,-0.00565259899607411,0.00294849066409406,0.00637538019310753,-0.440038376138501,-0.09408274051556,0.393466546757664,0.597749528423845
0.06,0.155,0.0554507516437771,0.158137798835727,-0.00454924835622292,0.00313779883572732,0.00552643123001532,-0.457887706869664,-0.0783540414165665,0.313344284925549,0.560346010458461
0.06,0.17,0.0568007278572477,0.173254984375599,-0.00319927214275226,0.00325498437559929,0.00456401857235333,-0.470416319316272,-0.0657802851890932,0.220909896395198,0.523852701983353
0.06,0.185,0.0583197800039932,0.188300141879383,-0.00168021999600684,0.00330014187938296,0.00370325203828183,-0.477425310119487,-0.0575142718079394,0.120055657810517,0.495638690062505
0.06,0.2,0.0599267813753872,0.203274697032489,-7.32186246127741e-05,0.00327469703248862,0.00327551547417806,-0.47881593621294,-0.0542748653077827,0.0149371093641177,0.482115080086183
0.06,0.215,0.0615385593553536,0.218181383681344,0.00153855935535357,0.00318138368134446,0.00353388837088424,-0.474594830097658,-0.0563101102381,-0.0901603487316531,0.486355209774399
0.06,0.23,0.063071523313026,0.233024165626488,0.003071523313026,0.00302416562648844,0.00431043306396195,-0.464874625726135,-0.0633855333422751,-0.190962724329583,0.506551652758124
0.06,0.245,0.0644433151436352,0.247808107338931,0.00444331514363523,0.00280810733893122,0.00525628350573079,-0.449869910272121,-0.0747985870979125,-0.283347929177292,0.53690401671701
0.06,0.26,0.0655744064356164,0.262539201560233,0.00557440643561642,0.00253920156023302,0.00612548379092881,-0.429888790773331,-0.0894179574495748,-0.363476950307805,0.570015891761209
0.06,0.275,0.0663895705913367,0.277224164844459,0.00638957059133671,0.00222416484445867,0.00676561317228534,-0.405320702299455,-0.105744392126321,-0.427908082122391,0.598811605428221
0.06,0.29,0.0668191682514947,0.291870213901245,0.00681916825149467,0.00187021390124542,0.00707097982450838,-0.376621349975339,-0.121988066950928,-0.473688257744926,0.617340248354425
0.06,0.305,0.0668001988339816,0.306484836242875,0.00680019883398164,0.00148483624287549,0.00696041973230364,-0.34429583463628,-0.136156477291492,-0.49841765410697,0.620888185140928
0.06,0.32,0.0662770882061513,0.321075567909874,0.0062770882061513,0.00107556790987434,0.0063685699082726,-0.308881062830104,-0.146146497100264,-0.500286056223784,0.605851357778515
0.06,0.335,0.0652022004963779,0.335649789320224,0.00520220049637787,0.000649789320223665,0.00524262493081385,-0.270928476401589,-0.149834558207132,-0.478081681748068,0.569576509555158
0.06,0.35,0.0635360790634376,0.350214547777958,0.00353607906343764,0.000214547777958041,0.00354258181160418,-0.230987994749153,-0.145159749073485,-0.431175037930953,0.51023567134095
0.08,0.05,0.0769496875224962,0.0504146329008073,-0.00305031247750379,0.000414632900807343,0.00307836428202498,-0.283416749519,-0.150406675337314,0.391747909688667,0.506374679119749
0.08,0.065,0.0752553024665837,0.066136017079232,-0.00474469753341633,0.001136017079232,0.00487880000491041,-0.33678958806987,-0.16115131180284,0.444504565310815,0.580503370493015
0.08,0.08,0.0741342283452868,0.0817956548288942,-0.00586577165471322,0.00179565482889421,0.00613446439143371,-0.386784469841327,-0.163034892351595,0.472856461364039,0.63228149772667
0.08,0.095,0.0735507419513226,0.0973864686100776,-0.00644925804867744,0.00238646861007763,0.0068766388450548,-0.432721395776726,-0.158052200108348,0.477504731390573,0.663508849032392
0.08,0.11,0.0734611273485167,0.112901982831892,-0.00653887265148326,0.0029019828318918,0.00715390522085039,-0.473935726414675,-0.148252793639878,0.459713440289436,0.676709490160338
0.08,0.125,0.0738137740111027,0.128336546393469,-0.00618622598889727,0.00333654639346864,0.00702865092471355,-0.509799074813316,-0.135661328824544,0.421320202857719,0.675140785511692
0.08,0.14,0.0745495303652818,0.143685545333426,-0.00545046963471815,0.0036855453334258,0.00657957929078458,-0.539741023131711,-0.122191943458162,0.364722638526468,0.662781068320697
0.08,0.155,0.0756023265545248,0.158945592655407,-0.00439767344547519,0.00394559265540706,0.00590823435007784,-0.563270469207517,-0.109561697663467,0.292838598256933,0.644233035743784
0.08,0.17,0.076900064920329,0.174114682499757,-0.00309993507967098,0.00411468249975655,0.00515171908900103,-0.579995277950919,-0.0992087622826418,0.209039920264332,0.624450517667636
0.08,0.185,0.0783657594240296,0.189192297200327,-0.00163424057597043,0.00419229720032654,0.00449956643200364,-0.589638901486745,-0.0922212321298298,0.11706155926737,0.608182268301898
0.08,0.2,0.0799188876806807,0.20417945840436,-8.11123193192557e-05,0.00417945840436007,0.00418024541888648,-0.592052754725956,-0.0892820171265988,0.0208900638576817,0.599113852445793
0.08,0.215,0.0814769032371444,0.219078717055939,0.00147690323714436,0.00407871705593882,0.00433787689939373,-0.587223390974411,-0.0906342221371601,-0.0753627115057686,0.598939628073168
0.08,0.23,0.0829568430807316,0.233894081466331,0.00295684308073159,0.00389408146633119,0.00488945717544334,-0.57527389528904,-0.0960698522358261,-0.167593352488221,0.606844663379105
0.08,0.245,0.0842769575648416,0.248630887195764,0.0042769575648416,0.00363088719576415,0.00561032154513624,-0.556459355810273,-0.104942751694519,-0.251840040898603,0.61974764769601
0.08,0.26,0.0853582880782453,0.263295616803337,0.00535828807824532,0.00329561680333662,0.00629065507271703,-0.531156741135405,-0.116204643659145,-0.324407138129866,0.633146960404782
0.08,0.275,0.0861261219862112,0.27789568089112,0.00612612198621121,0.00289568089111952,0.00677601198442971,-0.499849931754914,-0.128461242089339,-0.381974061077706,0.642075340347205
0.08,0.29,0.0865112641689938,0.292439174194561,0.00651126416899384,0.00243917419456141,0.00695313827202058,-0.463110995054376,-0.140043894653464,-0.421682826958275,0.641798098803651
0.08,0.305,0.0864510786340866,0.306934621311519,0.00645107863408664,0.00193462131151928,0.00673492206058495,-0.421579001251722,-0.149091248378424,-0.441200602723583,0.628187057721979
0.08,0.32,0.0858902705158519,0.32139072620416,0.00589027051585192,0.00139072620415975,0.00605222323818702,-0.375937751941336,-0.153635084374423,-0.4387557334417,0.597865176603668
0.08,0.335,0.0847813964037522,0.33581613794499,0.00478139640375216,0.000816137944989748,0.00485054973328449,-0.326893731668219,-0.151684719935176,-0.413147782223775,0.548234574977264
0.08,0.35,0.083085107658811,0.350219242646107,0.00308510765881104,0.00021924264610701,0.00309288806850919,-0.275155422632163,-0.141305122429866,-0.36373387149957,0.477473866182293
0.1,0.05,0.0975218125849993,0.0502696719380355,-0.00247818741500075,0.000269671938035509,0.00249281684406053,-0.296673980414937,-0.140787474287086,0.311538776693091,0.452652227041617
0.1,0.065,0.0957866504126886,0.0661489933374729,-0.00421334958731145,0.00114899333747287,0.00436720739540208,-0.360358005574881,-0.158713092664064,0.368855417306909,0.53954073802177
0.1,0.08,0.0946202089566475,0.0819547382458412,-0.00537979104335251,0.00195473824584119,0.00572391066316467,-0.420084350041706,-0.167594600978929,0.402819537198511,0.605661462180299
0.1,0.095,0.0939868996219636,0.0976785468559045,-0.00601310037803637,0.00267854685590452,0.00658270380737408,-0.475038561342186,-0.169272834880272,0.414120266184202,0.652545113357537
0.1,0.11,0.0938432436114049,0.113312710124523,-0.00615675638859509,0.0033127101245235,0.00699140169047859,-0.524424189343192,-0.165638877194252,0.403978697699458,0.682393772409191
0.1,0.125,0.0941379740911929,0.128850419579555,-0.00586202590880709,0.00385041957955456,0.00701349261738706,-0.567487327716273,-0.158560709531868,0.374156649082614,0.697984662257688
0.1,0.14,0.0948123892652313,0.144286007681115,-0.00518761073476869,0.00428600768111476,0.00672912824800226,-0.603542088100349,-0.149804629228628,0.32694292767347,0.70256838941414
0.1,0.155,0.0958009696109352,0.159615164672037,-0.00419903038906479,0.00461516467203688,0.00623951930506724,-0.631995632179948,-0.140955969254894,0.265115290577251,0.699699411215001
0.1,0.17,0.0970322575197897,0.174835117839933,-0.00296774248021031,0.00483511783993285,0.00567325831906866,-0.652371244030344,-0.133344266211806,0.191877951340195,0.692958826254219
0.1,0.185,0.0984299807698567,0.189944760540645,-0.00157001923014327,0.00494476054064513,0.00518802632870544,-0.664327909407725,-0.127978168299451,0.110776380299824,0.685555976106646
0.1,0.2,0.0999143841240557,0.204944720957421,-8.5615875944313e-05,0.00494472095742132,0.0049454621042907,-0.667675012299719,-0.125494985381493,0.0255930776027148,0.679852441275391
0.1,0.215,0.101403717789365,0.219837364439382,0.00140371778936541,0.00483736443938154,0.00503691555930552,-0.662381047436609,-0.12612884563467,-0.0597702811919348,0.676930538882868
0.1,0.23,0.102815819103218,0.234626727885479,0.00281581910321802,0.00462672788547874,0.00541622083636867,-0.648575666431246,-0.129700018205051,-0.14141763935184,0.676370276666604
0.1,0.245,0.104069716304359,0.249318389525721,0.00406971630435872,0.00431838952572094,0.00593389238980785,-0.626544877447392,-0.135626243236696,-0.215582933966675,0.676338875394537
0.1,0.26,0.105087181354095,0.263919282071967,0.00508718135409546,0.00391928207196668,0.00642185223195737,-0.59671974103715,-0.142955089013423,-0.278746738088867,0.673955182464114
0.1,0.275,0.105794162885784,0.278437461065607,0.00579416288578374,0.00343746106560727,0.0067370959711555,-0.559659390486568,-0.150414659891688,-0.327738605824968,0.665778329926958
0.1,0.29,0.106122039861752,0.292881842807779,0.00612203986175155,0.00288184280777926,0.00676641633640911,-0.516029592662167,-0.156478613058951,-0.35981990719613,0.648264564499828
0.1,0.305,0.10600865026031,0.30726192747644,0.00600865026030972,0.00226192747643994,0.00642029546511639,-0.466578315343433,-0.159440554743597,-0.372743697439313,0.618108553726018
0.1,0.32,0.105399065504035,0.32158752273363,0.00539906550403529,0.00158752273362989,0.00562762265496325,-0.412109864150921,-0.157492546435016,-0.364790100389738,0.572462213483706
0.1,0.335,0.104246098524714,0.335868481578619,0.00424609852471364,0.000868481578618907,0.00433400656828941,-0.353459096525978,-0.148802642661281,-0.334777561487745,0.509070996919861
0.1,0.35,0.102510549668446,0.350114465690247,0.00251054966844613,0.000114465690247145,0.00251315778095581,-0.291467041288186,-0.131587018804223,-0.282051946490525,0.426406284423794
0.12,0.05,0.118216065977546,0.0499818204124454,-0.00178393402245358,-1.81795875546231e-05,0.00178402665167062,-0.277479213661082,-0.120961214236516,0.216841905409123,0.372353634702825
0.12,0.065,0.116431976020405,0.0660140944739265,-0.00356802397959458,0.00101409447392653,0.00370933723473753,-0.34971687564472,-0.146917619728765,0.279388402057302,0.47111124986743
0.12,0.08,0.115211032326623,0.0819612811196121,-0.00478896767337683,0.00196128111961213,0.00517502029047185,-0.417495444826159,-0.16363367148465,0.319794760314735,0.550771685493634
0.12,0.095,0.114517804446965,0.0978138112532263,-0.00548219555303459,0.00281381125322633,0.00616214263470875,-0.479895009860828,-0.172778427070107,0.338736008262179,0.612288540158329
0.12,0.11,0.114309095123688,0.113562814040555,-0.00569090487631238,0.00356281404055497,0.00671416727515868,-0.536016614903192,-0.176066272060703,0.337384147822827,0.657378085581873
0.12,0.125,0.114534047343329,0.129200391546018,-0.00546595265667058,0.00420039154601753,0.00689346992339995,-0.585009415971933,-0.175190532341513,0.317414894541746,0.688248247683019
0.12,0.14,0.115134496964584,0.144719884269313,-0.00486550303541591,0.00471988426931302,0.00677867445031475,-0.626098788385581,-0.171752600772565,0.280993773035006,0.707433747488568
0.12,0.155,0.116045583426145,0.160116112492937,-0.0039544165738548,0.00511611249293742,0.00646622126747669,-0.658613898136528,-0.167190624691464,0.230740027555538,0.71761595860845
0.12,0.17,0.117196616538136,0.175385578373829,-0.00280338346186416,0.00538557837382941,0.00607152478829763,-0.682013101324089,-0.162712310517561,0.16966829771024,0.721395434206043
0.12,0.185,0.118512180965894,0.190526615008777,-0.00148781903410585,0.00552661500877727,0.00572338002700239,-0.695905530241543,-0.159236512999117,0.101109703890374,0.721020670240919
0.12,0.2,0.119913443491619,0.20553947145964,-8.65565083808635e-05,0.00553947145963957,0.00554014765879975,-0.700067372907132,-0.157347919689245,0.0286156944413333,0.718107445163362
0.12,0.215,0.121319613031965,0.220426326717599,0.00131961303196459,0.00542632671759852,0.00558447850745746,-0.694451664124692,-0.157268316416142,-0.0441504681156151,0.713408912500485
0.12,0.23,0.122649491478379,0.235191230374468,0.002649491478379,0.0051912303744675,0.00582826542762055,-0.679190847439652,-0.158846691445133,-0.11352856564044,0.706701878790617
0.12,0.245,0.123823046129585,0.249839972981539,0.00382304612958546,0.00483997298153943,0.00616774028076492,-0.654591897572391,-0.161568939162431,-0.175976015957412,0.696827538043876
0.12,0.26,0.124762932693515,0.264379893980112,0.00476293269351521,0.00437989398011235,0.00647062586771794,-0.621124346934937,-0.164586335828567,-0.22817561147126,0.681875145223883
0.12,0.275,0.125395901753902,0.278819639233087,0.00539590175390194,0.00381963923308709,0.00661100594529306,-0.579402076597185,-0.166760475464258,-0.267130470966079,0.659453798087162
0.12,0.29,0.125654030778053,0.293168883124417,0.00565403077805277,0.00316888312441654,0.00648150324349066,-0.530160149725547,-0.166721148584225,-0.290241449293433,0.626984646909352
0.12,0.305,0.125475737041139,0.307438031608634,0.00547573704113916,0.00243803160863443,0.00599397149379307,-0.474228241865502,-0.162932848419411,-0.295363795753946,0.581964107214578
0.12,0.32,0.124806542644242,0.321637922547483,0.00480654264424221,0.00163792254748285,0.00507795652427939,-0.412502338672213,-0.153765261847591,-0.280841569260818,0.522183693342348
0.12,0.335,0.12359957950525,0.335779538195455,0.00359957950525042,0.000779538195454899,0.00368302218467279,-0.345916329245583,-0.137563234672468,-0.245519990458177,0.445940377137154
0.12,0.35,0.121815838013898,0.349873742238828,0.00181583801389773,-0.0001262577611717,0.0018202221608837,-0.275414946801422,-0.112712227787552,-0.188737384568688,0.352391303801808
0.14,0.05,0.139028754200452,0.0495265653843787,-0.000971245799547854,-0.000473434615621271,0.00108049004549223,-0.222952238815191,-0.0873658304613523,0.109881989792182,0.26346662619638
0.14,0.065,0.137187766025254,0.065706059165904,-0.00281223397474586,0.000706059165903994,0.00289951366171501,-0.301876577698147,-0.121861720416847,0.178222152170077,0.371137931527921
0.14,0.08,0.135903414366488,0.0817893160604335,-0.00409658563351242,0.00178931606043353,0.00447030936477843,-0.375926241527823,-0.146914590200159,0.225755799810597,0.462462191052186
0.14,0.095,0.1351404511418,0.0977656392891498,-0.00485954885819986,0.0027656392891498,0.00559141983604528,-0.444105684382035,-0.164011353501456,0.253141001676383,0.536853851915991
0.14,0.11,0.134856004293086,0.113625076413108,-0.00514399570691421,0.00362507641310755,0.00629300173475429,-0.505443446351816,-0.174679350310426,0.26149510904342,0.595288864904603
0.14,0.125,0.134999690485039,0.129358716160299,-0.00500030951496058,0.00435871616029898,0.00663336278304276,-0.559020899197578,-0.180427225355897,0.252399456787089,0.639349729596691
0.14,0.14,0.135513967165996,0.144958976327382,-0.00448603283400401,0.00495897632738151,0.00668699759258909,-0.604001882609863,-0.182682065721413,0.227885372861787,0.670915715880622
0.14,0.155,0.136334735804102,0.160419866939118,-0.00366526419589827,0.00541986693911756,0.00654286781644512,-0.639661695749493,-0.182726341032226,0.19040022278679,0.691963919084488
0.14,0.17,0.137392193912276,0.175737212619742,-0.00260780608772367,0.0057372126197423,0.00630208388037632,-0.665413765236386,-0.181638606018903,0.142753536691488,0.704381205941771
0.14,0.185,0.138611917755454,0.190908819625408,-0.00138808224454556,0.00590881962540818,0.00606967228796016,-0.680832312678812,-0.180242000738962,0.0880447454652268,0.709773299340399
0.14,0.2,0.139916141666544,0.205934575570838,-8.38583334556285e-05,0.00593457557083837,0.00593516802003798,-0.685669500940208,-0.179064264377873,0.0295755440450036,0.709286834003208
0.14,0.215,0.141225185415336,0.220816474156666,0.00122518541533563,0.00581647415666575,0.00594411060774543,-0.679865852699148,-0.178312264335715,-0.0292487804808831,0.703473204295462
0.14,0.23,0.142458969595755,0.235558562033996,0.00245896959575532,0.00555856203399568,0.00607816940851662,-0.663553181499827,-0.177862991367109,-0.0850237278403042,0.692223180167868
0.14,0.245,0.143538552012595,0.250166810405429,0.00353855201259486,0.00516681040542882,0.00626237016723594,-0.637049806100425,-0.177271693549012,-0.1344498250455,0.674788653839482
0.14,0.26,0.14438761630347,0.264648919102396,0.00438761630347002,0.00464891910239584,0.00639246631959034,-0.600848379174093,-0.175796466531973,-0.174430893775121,0.649887557422791
0.14,0.275,0.144933847796079,0.279014065318008,0.00493384779607892,0.00401406531800824,0.0063604696722891,-0.555597183687732,-0.172437345093008,-0.202161065038964,0.615869804987769
0.14,0.29,0.145110140403112,0.293272612319619,0.00511014040311228,0.00327261231961889,0.00606823914608199,-0.502076177238183,-0.165986898635715,-0.215196269917986,0.570915291192108
0.14,0.305,0.144855591111063,0.307435795185815,0.00485559111106282,0.00243579518581533,0.00543229815318281,-0.441169354421411,-0.155088629900809,-0.211507270154075,0.513244551047524
0.14,0.32,0.14411625384123,0.321515400698125,0.00411625384122968,0.00151540069812522,0.00438634072562957,-0.373835129152505,-0.13829916744515,-0.189512784381798,0.441356343760898
0.14,0.335,0.142845640531802,0.335523457237278,0.00284564053180192,0.000523457237277702,0.00289338513086183,-0.301076411035151,-0.114150324062731,-0.148092736633511,0.3544138272154
0.14,0.35,0.141004972583799,0.349471948065393,0.00100497258379892,-0.000528051934606866,0.00113525712498514,-0.223911887398503,-0.0812075138639665,-0.0865829600978783,0.253432253916141
0.16,0.05,0.159955562202238,0.0488809722171024,-4.44377977617538e-05,-0.00111902778289757,0.00111990977170778,-0.131634397028723,-0.0365599157896454,-0.0070016305944312,0.136796467951537
0.16,0.065,0.158049910905596,0.0652012921744811,-0.00195008909440353,0.000201292174481116,0.00196045046242411,-0.215361987745421,-0.0797745969673965,0.0675835443824587,0.239400064620368
0.16,0.08,0.156693506860425,0.0814146259832379,-0.0033064931395751,0.00141462598323794,0.00359639591181353,-0.29388956361586,-0.113344393714977,0.122778155760205,0.338072232397402
0.16,0.095,0.155851309326014,0.0975092378532633,-0.00414869067398632,0.00250923785326335,0.00484849553084983,-0.366174890124131,-0.138570708464527,0.159219905727999,0.42265550966117
0.16,0.11,0.155480814282108,0.113474180862256,-0.00451918571789235,0.00347418086225598,0.00570026071478033,-0.431202945527531,-0.156790812917145,0.177966656531646,0.49213103853231
0.16,0.125,0.155532173308932,0.129299613142625,-0.00446782669106789,0.00429961314262467,0.00620065710369872,-0.488015303075869,-0.169326003917975,0.180499197873961,0.547185953545748
0.16,0.14,0.155948544942856,0.144977105242952,-0.00405145505714381,0.00497710524295231,0.00641762141914584,-0.535740283403034,-0.177426718520077,0.168707303227295,0.589035738953412
0.16,0.155,0.156666689482296,0.160499922165639,-0.00333331051770359,0.00549992216563944,0.00643118207140222,-0.573622349806591,-0.182217658587543,0.144858053997484,0.619058526555958
0.16,0.17,0.157617804471849,0.175863263413852,-0.00238219552815145,0.00586326341385196,0.00632872130801789,-0.601049088747127,-0.184646306123154,0.111546562042256,0.638593080505013
0.16,0.185,0.158728583073971,0.19106444568062,-0.0012714169260287,0.00606444568061965,0.00619628940681264,-0.61757412847552,-0.185438255658605,0.0716304970718514,0.64878392122705
0.16,0.2,0.159922462210678,0.206103015652968,-7.75377893219877e-05,0.00610301565296839,0.00610350818539225,-0.622934506848164,-0.185062507433561,0.0281510970375372,0.650455655511765
0.16,0.215,0.161121013492356,0.220980784515661,0.00112101349235634,0.00598078451566114,0.0060849367024495,-0.617061306895643,-0.183709258334096,-0.0157555286965804,0.644023564556736
0.16,0.23,0.162245419045023,0.235701780835798,0.00224541904502346,0.00570178083579836,0.00612798591604383,-0.600082812485598,-0.181281844000759,-0.0569521559800526,0.62945216007563
0.16,0.245,0.16321796763299,0.250272124032511,0.00321796763298957,0.00527212403251065,0.00617661780436064,-0.572319949642062,-0.177403415786604,-0.09239416618572,0.606269088901085
0.16,0.26,0.163963504823393,0.264699825996752,0.00396350482339336,0.00469982599675234,0.00614798624630956,-0.534274320286506,-0.171437801049818,-0.119218138956196,0.573633752667432
0.16,0.275,0.164410774526365,0.278994533052354,0.00441077452636497,0.00399453305235403,0.00595073325135474,-0.486609642906881,-0.162522925690301,-0.13482068791372,0.530453837465359
0.16,0.29,0.164493597618231,0.293167223825553,0.0044935976182305,0.00316722382555307,0.00549761096438424,-0.430127836069033,-0.149614293891176,-0.13692375650994,0.475545797579291
0.16,0.305,0.164151845546557,0.307229880532845,0.00415184554655651,0.00222988053284451,0.00471276868021549,-0.365741268526729,-0.131535410954476,-0.12362372686816,0.407862437779881
0.16,0.32,0.163332181376397,0.321195151431955,0.00333218137639676,0.00119515143195537,0.00354003102677228,-0.294442844990006,-0.107031750928804,-0.093422963500308,0.326925870443353
0.16,0.335,0.161988556114601,0.335076021062874,0.00198855611460119,7.6021062874132e-05,0.00199000869920669,-0.217275582804239,-0.0748249103451474,-0.0452436905309686,0.234210405424297
0.16,0.35,0.160082462874914,0.348885502526056,8.24628749144796e-05,-0.00111449747394404,0.00111754406855695,-0.135303193911447,-0.0336639147355579,0.0215747607330086,0.141087539483362
0.18,0.05,0.180991620698527,0.0480238344855776,0.000991620698527262,-0.00197616551442242,0.00221100469247357,-0.00339639333478234,0.0345675965136444,-0.131466611084031,0.135977692012837
0.18,0.065,0.179013770808405,0.0644780203065421,-0.000986229191595467,-0.000521979693457852,0.00111584533817971,-0.0901079240636161,-0.0172466445309329,-0.0503002983183436,0.104627949318426
0.18,0.08,0.177576960959223,0.0808149058063707,-0.0024230390407769,0.000814905806370725,0.00255640170286005,-0.171385600513635,-0.0592223137537731,0.0129368184189718,0.181790251398112
0.18,0.095,0.176646383469732,0.0970218102954259,-0.00335361653026756,0.00202181029542586,0.00391592399093417,-0.246167197675525,-0.0924780553375703,0.0588583941405736,0.269471564996724
0.18,0.11,0.176179944208449,0.113086884759021,-0.00382005579155112,0.00308688475902125,0.00491138308076665,-0.313420632285539,-0.118164394737869,0.0884588421730668,0.346439965001586
0.18,0.125,0.17612838802257,0.128999444474771,-0.00387161197742968,0.00399944447477057,0.00556641135836634,-0.372173147956485,-0.137418937503623,0.103114365200915,0.40991475390987
0.18,0.14,0.176435649154084,0.144750292823657,-0.00356435084591598,0.0047502928236573,0.00593884490985175,-0.421541113092533,-0.151319154742378,0.104569218118144,0.459924182707533
0.18,0.155,0.177039436660791,0.160332019228609,-0.0029605633392091,0.0053320192286091,0.00609880023772923,-0.460758956120293,-0.160835339581058,0.0949064118862865,0.497167577401823
0.18,0.17,0.177872051757594,0.17573925410865,-0.00212794824240557,0.00573925410864967,0.00612104578042095,-0.489205653654988,-0.166786575402668,0.0765030540959313,0.522488796444786
0.18,0.185,0.178861419564851,0.190968864907545,-0.00113858043514942,0.00596886490754539,0.00607648859883995,-0.506427204008631,-0.169802576838394,0.0519716065054305,0.536660583161858
0.18,0.2,0.179932303190486,0.20602008021054,-6.76968095141079e-05,0.00602008021053996,0.00602046082948417,-0.512153675587178,-0.170294018986392,0.0240894122304345,0.540262808994882
0.18,0.215,0.181007654929084,0.220894532999356,0.0010076549290843,0.00589453299935577,0.00598004078051329,-0.506309711532954,-0.168433462422927,-0.00428020733447924,0.533610095051029
0.18,0.23,0.182010048927802,0.235596219311917,0.00201004892780209,0.00559621931191706,0.00594625657697612,-0.489017779538547,-0.164148251573973,-0.0302712807798768,0.516721585873644
0.18,0.245,0.182863133369069,0.250131374166805,0.00286313336906878,0.00513137416680481,0.00587609849550081,-0.460593936884375,-0.157125883771228,-0.0510985568074122,0.489334074016093
0.18,0.26,0.183493038609775,0.26450827207424,0.00349303860977473,0.0045082720742402,0.00570314262707422,-0.421536386383405,-0.146831412019726,-0.0641365333992011,0.450962230551409
0.18,0.275,0.183829681134622,0.27873696426193,0.00382968113462177,0.00373696426192954,0.00535082792545383,-0.372507578248932,-0.13253556146598,-0.0669901379423205,0.401018585582617
0.18,0.29,0.183807911101984,0.292828968277177,0.00380791110198407,0.00282896827717743,0.00474375889710784,-0.314311010652766,-0.113351501932595,-0.0575537541238538,0.339046817503151
0.18,0.305,0.183368462857735,0.306796927733292,0.00336846285773512,0.00179692773329215,0.00381778617822103,-0.247864165418679,-0.0882777021894987,-0.0340562371188619,0.265310290531248
0.18,0.32,0.182458681606159,0.320654260400156,0.00245868160615884,0.000654260400156204,0.00254424289557352,-0.174169159435963,-0.0562440338727084,0.00490937290738502,0.183091283004927
0.18,0.335,0.181033014125537,0.334414811857516,0.00103301412553686,-0.000585188142484372,0.00118725032982223,-0.0942827002146455,-0.0161583020482686,0.0603716434498708,0.113115241113795
0.18,0.35,0.179053265473084,0.348092529637704,-0.000946734526916154,-0.00190747036229638,0.00212949511563052,-0.00928681366872562,0.033049377867815,0.132981272966802,0.137340941743232
0.2,0.05,0.202131579375198,0.0469357902750749,0.00213157937519812,-0.0030642097249251,0.00373269498768592,0.160721223547805,0.128636784165304,-0.261261913588627,0.332621154097767
0.2,0.065,0.200074247223086,0.0635164122685133,7.42472230862989e-05,-0.00148358773148671,0.00148544444768356,0.0727169329381297,0.0685965948376326,-0.173292700685099,0.200059106103893
0.2,0.08,0.198548996179366,0.079969885612038,-0.00145100382063362,-3.01143879620214e-05,0.00145131628663627,-0.00970941297617755,0.0185733351295749,-0.101779271007164,0.103914697915153
0.2,0.095,0.197521278029402,0.0962826826243314,-0.00247872197059795,0.0012826826243314,0.00279093843040055,-0.0854990823231228,-0.0223766228946165,-0.0461356744786246,0.0996960846729928
0.2,0.11,0.196949449233871,0.112442148166075,-0.00305055076612855,0.00244214816607474,0.00390767803711996,-0.15362603847383,-0.0552254886801236,-0.00543389960666118,0.163341236774118
0.2,0.125,0.196784903092141,0.128436845797095,-0.00321509690785866,0.0034368457970953,0.00470624661061593,-0.213125243310279,-0.0809358722033284,0.0215956762079426,0.228996567182293
0.2,0.14,0.196972418890872,0.144256894906431,-0.00302758110912814,0.00425689490643133,0.00522373445120927,-0.263121397808923,-0.100420729101864,0.0365509240102002,0.283995295719663
0.2,0.155,0.19745073705215,0.15989428159381,-0.00254926294784986,0.00489428159381045,0.00551839957748548,-0.302856732478278,-0.114503589906535,0.0413310976775286,0.32640744521338
0.2,0.17,0.198153356848518,0.175343125722547,-0.00184664315148173,0.00534312572254669,0.00565323654341958,-0.331716371395889,-0.123881424379116,0.0380967073944345,0.356137790515769
0.2,0.185,0.199009539514345,0.190599887960718,-0.000990460485654973,0.00559988796071781,0.0056868055308966,-0.349249818380283,-0.12909249440899,0.0292172854438102,0.373489560059514
0.2,0.2,0.199945485827138,0.205663503392488,-5.45141728619275e-05,0.00566350339248789,0.00566376575007871,-0.355187264544091,-0.130491338336898,0.0172090876515792,0.378791047382944
0.2,0.215,0.200885644725065,0.220535432461199,0.000885644725064524,0.00553543246119881,0.00560583438138589,-0.349449687462293,-0.128232611171805,0.0046655596123476,0.372264612322831
0.2,0.23,0.201754099773235,0.235219625111008,0.00175409977323473,0.00521962511100771,0.00550648275343929,-0.33215208442069,-0.122264910598283,-0.00581602210579358,0.353988615997425
0.2,0.245,0.202475974284635,0.249722399681543,0.00247597428463455,0.00472239968154287,0.00533212034845499,-0.303599621462632,-0.11233500593846,-0.0117080077847317,0.323927832470663
0.2,0.26,0.202978794398768,0.264052243625362,0.00297879439876776,0.00405224362536155,0.00502930357697898,-0.264276940470385,-0.098002130273402,-0.0106222010313941,0.282063309622331
0.2,0.275,0.203193752641932,0.278219547980989,0.00319375264193195,0.00321954798098906,0.00453492504235053,-0.21483130529124,-0.0786612780068708,-0.000372625819984337,0.228780013950388
0.2,0.29,0.203056821966176,0.29223629124301,0.00305682196617632,0.00223629124301034,0.00378750037049012,-0.156050634776377,-0.0535738447907068,0.0209716173216178,0.16631832615769
0.2,0.305,0.202509681195438,0.306115690470145,0.00250968119543818,0.00111569047014481,0.00274650048751279,-0.0888377389189073,-0.0219035145153455,0.0550454833660981,0.106779756239919
0.2,0.32,0.201500425903437,0.319871838124495,0.00150042590343721,-0.000128161875504629,0.00150588955705199,-0.0141822185332812,0.0172449290077188,0.103160290387809,0.10554890601371
0.2,0.335,0.199984052658807,0.333519342237283,-1.59473411928124e-05,-0.00148065776271744,0.0014807436401979,0.0668684904935117,0.0647862025482583,0.166289482752989,0.190580357392664
0.2,0.35,0.197922717986169,0.347072985365725,-0.00207728201383059,-0.00292701463427536,0.00358922209319042,0.153237543109416,0.12161669688352,0.245067294714176,0.313577087747646
