target_x,target_y,gaze_x,gaze_y,error_px_x,error_px_y,error_px_xy,error_deg_x,error_deg_y,error_deg_z,error_deg_xyz
-0.2,0.05,-0.197158962431754,0.0537938644974719,0.0028410375682465,0.00379386449747192,0.00473971542282507,-0.211481630101062,0.161666852803819,-0.316821603489431,0.413808317870003
-0.2,0.065,-0.199644152501326,0.0667311605604393,0.000355847498673623,0.0017311605604393,0.00176735517888533,-0.103931392251957,0.0888844754702057,-0.210597501049261,0.251104744375489
-0.2,0.08,-0.201538237450195,0.079879539029328,-0.00153823745019543,-0.000120460970672018,0.00154294695263285,-0.00567324853642601,0.0287585822974185,-0.123049896533945,0.126493182978629
-0.2,0.095,-0.202876040022877,0.0932484829344073,-0.00287604002287706,-0.00175151706559275,0.00336740526878683,0.0824641985052515,-0.0198349498773604,-0.053675163895227,0.10037327864812
-0.2,0.11,-0.203700165491463,0.106845571825097,-0.00370016549146342,-0.00315442817490315,0.00486226714350821,0.159725067159409,-0.0580940300037414,-0.0015841578305119,0.169969244700587
-0.2,0.125,-0.204060873289151,0.12067626773599,-0.00406087328915074,-0.00432373226400974,0.00593172424859557,0.225453806316026,-0.0872467120738366,0.0345052095542514,0.244196861779687
-0.2,0.14,-0.204015706925892,0.134743755077433,-0.00401570692589233,-0.00525624492256667,0.00661468160992406,0.279122424073575,-0.108503278995976,0.0562607945298568,0.304709345131014
-0.2,0.155,-0.203628872494958,0.149048844681369,-0.00362887249495784,-0.00595115531863129,0.00697029161593222,0.320355834846547,-0.123006478655734,0.0657131864460981,0.349395271702267
-0.2,0.17,-0.202970370225316,0.163589948856947,-0.0029703702253164,-0.0064100511430525,0.00706483226495823,0.348953738239182,-0.131782744886838,0.0652165020338948,0.378667555171377
-0.2,0.185,-0.202114899072127,0.178363130174673,-0.00211489907212712,-0.00663686982532687,0.00696569014266486,0.364907504328665,-0.135697429383043,0.0573937889062915,0.393530093988827
-0.2,0.2,-0.201140569675577,0.193362222113484,-0.00114056967557727,-0.00663777788651641,0.00673505712340829,0.368410732639458,-0.135416995671023,0.0450689735110179,0.395089941074548
-0.2,0.215,-0.200127474870139,0.208579015189388,-0.000127474870138668,-0.00642098481061169,0.00642225005590898,0.359862494369273,-0.131380768256664,0.0311883603255223,0.384363355406603
-0.2,0.23,-0.199156177495995,0.224003498189238,0.000843822504004797,-0.00599650181076196,0.00605558175444246,0.339862721825329,-0.123784204801418,0.018735565739871,0.362188703990246
-0.2,0.245,-0.198306181494243,0.239624141084145,0.00169381850575703,-0.00537585891585461,0.00563638893384927,0.309199738928015,-0.112574824579022,0.010644345298276,0.329228142791459
-0.2,0.26,-0.197654453433857,0.255428204366687,0.00234554656614265,-0.00457179563331296,0.00513837561946604,0.268830474431053,-0.0974609706739297,0.00971395530423837,0.286117101609308
-0.2,0.275,-0.197274057417475,0.2714020591019,0.00272594258252459,-0.00359794089809988,0.00451397182860512,0.219854404827034,-0.0779326131600968,0.0185314813877311,0.233993468756202
-0.2,0.29,-0.197232957556957,0.287531502802843,0.0027670424430427,-0.00246849719715662,0.00370809955286664,0.163482684906976,-0.0532925266653003,0.0394049658888501,0.176407079170654
-0.2,0.305,-0.197593029631955,0.303802058166208,0.00240697036804455,-0.001197941833792,0.00268860019151109,0.101004195788652,-0.0226954890882885,0.0743102760048498,0.127432164714465
-0.2,0.32,-0.198409308859318,0.320199244355342,0.00159069114068211,0.000199244355341868,0.00160312089942716,0.0337503519266941,0.0148072842628436,0.124853557069779,0.130179721634487
-0.2,0.335,-0.199729485168671,0.336708813625408,0.000270514831328922,0.00170881362540821,0.00173009314210238,-0.0369395335129655,0.0602214102632456,0.192249970174698,0.204820026119337
-0.2,0.35,-0.201593642803995,0.353316949146755,-0.00159364280399454,0.00331694914675466,0.00367992513903205,-0.109750721993085,0.114563139126477,0.277318308788635,0.319492789758878
-0.18,0.05,-0.178574141180041,0.0524321692644302,0.00142585881995946,0.00243216926443016,0.00281931209788752,-0.0185636395574781,0.0475794451967462,-0.153087422473262,0.161382119385235
-0.18,0.065,-0.180952356543046,0.0655279259977901,-0.00095235654304629,0.000527925997790141,0.00108889340351836,0.0868488289040837,-0.0151230362135368,-0.0545991037085227,0.103694215688065
-0.18,0.08,-0.182731303736297,0.0788246028414473,-0.00273130373629657,-0.00117539715855275,0.00297347920460888,0.182814164644313,-0.0653185872201624,0.0235120445155352,0.195551502136244
-0.18,0.095,-0.183946415370381,0.0923303811720913,-0.0039464153703809,-0.0026696188279087,0.00476456283009294,0.268507612250026,-0.104324188522155,0.0817781418185106,0.299445725846642
-0.18,0.11,-0.184641115709461,0.10605154381135,-0.00464111570946051,-0.00394845618865003,0.00609346053587695,0.343181076990224,-0.133536721261953,0.121161273345492,0.387667299400393
-0.18,0.125,-0.184866689399442,0.119992288230882,-0.0048666893994419,-0.00500771176911785,0.00698296805614931,0.406191787311722,-0.154381912222704,0.143063066856659,0.457486279519283
-0.18,0.14,-0.18468189875679,0.134154596518368,-0.00468189875679005,-0.00584540348163165,0.0074892534896279,0.457030513640516,-0.168258183287406,0.149317528080415,0.509396839459753
-0.18,0.155,-0.18415233943185,0.14853817127098,-0.00415233943185005,-0.00646182872902018,0.00768096043997672,0.495347718743502,-0.176478313517446,0.142165585394557,0.544726762997345
-0.18,0.17,-0.183349539181409,0.163140442868847,-0.00334953918140921,-0.00685955713115341,0.0076336712506731,0.520975932797415,-0.18021232876418,0.124210910661408,0.565087024033755
-0.18,0.185,-0.182349820865843,0.177956649211445,-0.00234982086584334,-0.00704335078855486,0.00742498810990221,0.533946706647972,-0.180435273376567,0.0983579030470749,0.572130204064438
-0.18,0.2,-0.181232966956248,0.192979984290739,-0.00123296695624786,-0.00702001570926078,0.007127469963,0.534500724264411,-0.177883426284803,0.0677340981423751,0.567383535523621
-0.18,0.215,-0.180080737397491,0.20820180747982,-8.07373974910722e-05,-0.00679819252017994,0.00679867193419303,0.523090039480077,-0.173022075279154,0.0356005554791203,0.552113743951768
-0.18,0.23,-0.17897530369882,0.223611901640527,0.00102469630117968,-0.00638809835947338,0.00646976067254097,0.50037191390274,-0.166027181880113,0.00525483207878553,0.527225428035139
-0.18,0.245,-0.177997668609118,0.239198765426915,0.00200233139088229,-0.0058012345730846,0.00613707206824758,0.467194323489877,-0.156782228990454,-0.0200681897421611,0.493209324286716
-0.18,0.26,-0.177226141600937,0.254949923865459,0.00277385839906306,-0.00505007613454139,0.00576173232480625,0.424573805652518,-0.144890359602591,-0.037292141197623,0.450164280014071
-0.18,0.275,-0.176734935896977,0.270852241360799,0.003265064103023,-0.00414775863920083,0.00527868784130247,0.373666865174116,-0.12970072403713,-0.0435864972207737,0.397931681571053
-0.18,0.29,-0.176592943120583,0.286892222713556,0.00340705687941667,-0.00310777728644429,0.00461154163395708,0.315736596545812,-0.110346897746577,-0.0364409688841652,0.33644361445411
-0.18,0.305,-0.176862728349297,0.303056290131155,0.00313727165070332,-0.00194370986884509,0.00369059364663093,0.252116440051147,-0.0857944201165399,-0.013723648187336,0.266668049741832
-0.18,0.32,-0.177599772569678,0.31933102735643,0.00240022743032195,-0.000668972643570104,0.00249170947646693,0.184173088492205,-0.0548940239190725,0.0262790847799068,0.193968313434038
-0.18,0.335,-0.178851973318844,0.335703385317739,0.00114802668115574,0.000703385317739114,0.0013463714813737,0.113270466649106,-0.0164369902092609,0.0848414969675392,0.14247267572719
-0.18,0.35,-0.180659398896045,0.352160846937916,-0.000659398896045466,0.0021608469379161,0.00225921809332507,0.0407364648453985,0.0307907391552069,0.162795587044314,0.170616393870931
-0.16,0.05,-0.159831897981991,0.0513477046430031,0.000168102018009486,0.00134770464300306,0.00135814803803962,0.13702878779244,-0.0402382209043221,0.000673489008325154,0.142816200953459
-0.16,0.065,-0.162108851237601,0.0646099863659223,-0.00210885123760057,-0.000390013634077702,0.0021446128268515,0.238537492958497,-0.0925469167817938,0.0915228636711408,0.271738183440542
-0.16,0.08,-0.163779233737301,0.0780624519347467,-0.00377923373730063,-0.00193754806525329,0.00424696363845019,0.330525986311941,-0.132544709909328,0.16030439537645,0.390529918687457
-0.16,0.095,-0.164879087272592,0.0917118738333143,-0.00487908727259179,-0.0032881261666857,0.0058836439645521,0.412197422107697,-0.16175036938912,0.207578398487779,0.4890400190734
-0.16,0.11,-0.16545263966907,0.105563134221098,-0.00545263966906986,-0.00443686577890214,0.00702972668748275,0.482835769253224,-0.181768668851288,0.234380795899127,0.566663219157109
-0.16,0.125,-0.165552169540335,0.119619068631664,-0.00555216954033454,-0.00538093136833638,0.00773181796186156,0.541834852094712,-0.19423135985164,0.242235007183931,0.624493785127324
-0.16,0.14,-0.1652376103481,0.133880369371347,-0.00523761034809965,-0.00611963062865319,0.00805496376091604,0.588726819514542,-0.200732157341271,0.233144820035846,0.664269611411128
-0.16,0.155,-0.164575883180077,0.148345556503136,-0.00457588318007673,-0.00665444349686402,0.00807591017351388,0.623208330049871,-0.202759181155356,0.209566373675874,0.68805789191405
-0.16,0.17,-0.163639963369324,0.16301102029687,-0.00363996336932389,-0.00698897970312988,0.00788004889710598,0.645162657214705,-0.201628916727796,0.174358695075848,0.698065940044716
-0.16,0.185,-0.162507703143676,0.177871134379237,-0.00250770314367579,-0.00712886562076338,0.00755706954418864,0.654675994329021,-0.198426050916938,0.130713786007429,0.696466525977899
-0.16,0.2,-0.161260449624503,0.192918434004883,-0.00126044962450257,-0.00708156599511713,0.00719286522876022,0.652046495143473,-0.193953422879053,0.0820688911408161,0.685217820167594
-0.16,0.215,-0.15998151255059,0.208143849477806,1.8487449409535e-05,-0.00685615052219372,0.00685617544763573,0.637785014296195,-0.188695774889612,0.0320051089527498,0.665886730423038
-0.16,0.23,-0.158754547715902,0.223536981170379,0.00124545228409759,-0.00646301882962104,0.00658192705702517,0.612607072321249,-0.182800023184899,-0.0158622538229333,0.639499124438739
-0.16,0.245,-0.157661928563532,0.239086400372348,0.00233807143646795,-0.00591359962765205,0.00635902811742437,0.577416218101312,-0.176073493078557,-0.0579954163822517,0.606447248957168
-0.16,0.26,-0.156783179232742,0.254779959361506,0.003216820767258,-0.00522004063849361,0.00613161969761556,0.533279599544503,-0.168000115217681,-0.0910415698018947,0.566482437070491
-0.16,0.275,-0.156193537241663,0.270605094907157,0.00380646275833656,-0.00439490509284339,0.0058141507983285,0.481397140257199,-0.157773145403702,-0.111930053534453,0.518811861922746
-0.16,0.29,-0.155962703722827,0.286549111364708,0.0040372962771732,-0.00345088863529151,0.00531115746357239,0.423066151304859,-0.144341711814887,-0.117954228012526,0.462313592363673
-0.16,0.305,-0.156153824820581,0.302599432581487,0.00384617517941885,-0.00240056741851268,0.00453384907574152,0.359643463380428,-0.126467558271731,-0.106834358557176,0.395918764325663
-0.16,0.32,-0.156822731347337,0.318743815301471,0.00317726865266291,-0.00125618469852926,0.00341658251590876,0.292507223264551,-0.102787827552176,-0.0767594188188795,0.319402701506052
-0.16,0.335,-0.158017446633432,0.33497052036566,0.00198255336656808,-2.94796343396353e-05,0.00198277252859001,0.223020349202376,-0.0718796339242113,-0.026407361881219,0.235801156005917
-0.16,0.35,-0.159777956559313,0.35126844127552,0.00022204344068652,0.00126844127551981,0.00128772922580573,0.152497348882184,-0.0323224793262505,0.0450550980863296,0.162265718957527
-0.14,0.05,-0.140930959138569,0.0505179053167112,-0.000930959138568721,0.000517905316711198,0.00106532193949169,0.253634781124208,-0.104230874134834,0.142195506954132,0.308892328519869
-0.14,0.065,-0.143112831198589,0.063954046003023,-0.00311283119858863,-0.00104595399697696,0.00328386020328192,0.34935633724197,-0.146105954024351,0.22562378892499,0.440799106937004
-0.14,0.08,-0.144681752921087,0.0775690877265746,-0.00468175292108697,-0.00243091227342539,0.00527523884721787,0.43557540537124,-0.175910157634135,0.285339932422905,0.549628520866287
-0.14,0.095,-0.145674371965406,0.0913682951394116,-0.00567437196540602,-0.00363170486058838,0.00673704515319639,0.511550587643863,-0.195367830596513,0.321932641228729,0.635214413660084
-0.14,0.11,-0.146135699602139,0.10535505445743,-0.00613569960213914,-0.00464494554257013,0.00769560450524405,0.576625713116982,-0.206295066790573,0.336512043035086,0.69878557182289
-0.14,0.125,-0.14611897032398,0.119530750721434,-0.0061189703239803,-0.00546924927856555,0.00820697785404844,0.630258409010426,-0.210532327274698,0.330723942389825,0.742250331106422
-0.14,0.14,-0.145685232109791,0.133894707737261,-0.00568523210979147,-0.00610529226273882,0.00834244914612384,0.672047890096645,-0.209870140740029,0.306742697970265,0.767980309337634
-0.14,0.155,-0.144902656465084,0.148444197155766,-0.00490265646508441,-0.00655580284423375,0.0081862440317338,0.701760212403261,-0.205971909306542,0.267240506422595,0.778664653983201
-0.14,0.17,-0.143845573762899,0.163174518755079,-0.00384557376289919,-0.00682548124492097,0.00783426013039308,0.719349157639826,-0.200298585970384,0.215332408526452,0.777148660035917
-0.14,0.185,-0.142593257273863,0.178079149175521,-0.00259325727386258,-0.00692085082447906,0.00739074823161591,0.724971014599501,-0.194040337802103,0.154498139830094,0.766233025941012
-0.14,0.2,-0.141228497082529,0.193149951397096,-0.00122849708252906,-0.00685004860290452,0.00695933696151699,0.718991812174924,-0.188060162913203,0.0884838570752575,0.748433837283901
-0.14,0.215,-0.139836020846965,0.208377432984104,0.000163979153034847,-0.00662256701589561,0.00662459682114003,0.701986018154138,-0.182853748826293,0.021188567491655,0.725724369109368
-0.14,0.23,-0.138500830188825,0.223751037887403,0.001499169811175,-0.00624896211259739,0.00642627711878472,0.674726329290605,-0.178528689794452,-0.0434584910350862,0.699301668476577
-0.14,0.245,-0.137306528232008,0.239259454808094,0.00269347176799226,-0.00574054519190567,0.00634102903835668,0.63816484947321,-0.174804635800581,-0.101622387123854,0.669435018076845
-0.14,0.26,-0.136333714305763,0.254890925004646,0.00366628569423669,-0.00510907499535443,0.00628842572508577,0.593406627978702,-0.171034214100903,-0.149681623872914,0.635446973385971
-0.14,0.275,-0.135658516310549,0.270633533807195,0.00434148368945146,-0.00436646619280549,0.00615747575218014,0.541677107230645,-0.16624285878343,-0.184335057081754,0.59584678363835
-0.14,0.29,-0.135351320159831,0.286475472875056,0.00464867984016899,-0.00352452712494368,0.00583373942774764,0.484285458782135,-0.159184218717428,-0.202690947352334,0.548596336528101
-0.14,0.305,-0.135475740690841,0.302405263761574,0.00452425930915942,-0.0025947362384259,0.00521551324833101,0.422586005427441,-0.148406753781534,-0.202334119192827,0.491471335252529
-0.14,0.32,-0.136087860992966,0.318411937280612,0.00391213900703402,-0.00158806271938838,0.00422217654901691,0.357939926573592,-0.132326574817987,-0.181369087906069,0.422524399939795
-0.14,0.335,-0.137235749206973,0.334485167062899,0.00276425079302656,-0.000514832937101459,0.00281178509133832,0.291679259218042,-0.10930155335685,-0.138438904403966,0.340865505397902
-0.14,0.35,-0.138959245284264,0.350615358948113,0.00104075471573636,0.000615358948112557,0.00120906451992839,0.225074846911326,-0.077702161959689,-0.0727211808415821,0.248967428310847
-0.12,0.05,-0.121871011964617,0.0499180403587948,-0.00187101196461703,-8.19596412052342e-05,0.00187280622450017,0.330741049194706,-0.147454118142511,0.269172089049521,0.451206188168659
-0.12,0.065,-0.123964462939905,0.063534525363444,-0.00396446293990532,-0.00146547463655604,0.00422665143018345,0.418743011323373,-0.179175376516655,0.345527077274069,0.571700269316417
-0.12,0.08,-0.125439564067329,0.0773181142405508,-0.00543956406732887,-0.00268188575944925,0.00606476450237865,0.497358385986894,-0.199105941747113,0.396612649884693,0.666569685433135
-0.12,0.095,-0.126333562381928,0.0912724752062643,-0.00633356238192792,-0.00372752479373566,0.00734904439595289,0.565931316902087,-0.209173089488079,0.423046772951692,0.736890557525603
-0.12,0.11,-0.126692227295233,0.105399413989733,-0.00669222729523306,-0.00460058601026671,0.00812104043881842,0.623895838378771,-0.211400779735811,0.42601358732309,0.784495696637714
-0.12,0.125,-0.126569703847097,0.119698787452965,-0.00656970384709683,-0.0053012125470349,0.00844179264773776,0.670802976328668,-0.20783378227068,0.407279942578598,0.811824791305416
-0.12,0.14,-0.126028088660894,0.134168482889181,-0.00602808866089412,-0.00583151711081885,0.00838715951424398,0.706346760894772,-0.20045396165573,0.369188170624912,0.821838805926502
-0.12,0.155,-0.125136717588064,0.148804467818379,-0.00513671758806436,-0.00619553218162074,0.00804801134399225,0.730387409043795,-0.191093355456072,0.314622539322813,0.817912672943626
-0.12,0.17,-0.123971170981516,0.163600910433144,-0.0039711709815161,-0.00639908956685595,0.00753117163853541,0.742969882490911,-0.181349549602532,0.246948576705299,0.803670389299711
-0.12,0.185,-0.122612021249122,0.178550365694531,-0.00261202124912234,-0.00644963430546901,0.00695847955232674,0.744336146806623,-0.172509254741005,0.169926531211903,0.782738971326942
-0.12,0.2,-0.121143365699866,0.193644017174515,-0.00114336569986632,-0.00635598282548484,0.00645800300414061,0.734929780278336,-0.165485802580951,0.0876024378599971,0.758412762455127
-0.12,0.215,-0.119651204042643,0.208871960542513,0.000348795957357425,-0.00612803945748708,0.006137957821001,0.715392073507205,-0.160775460987612,0.00418230362726264,0.73325261505867
-0.12,0.23,-0.118221732027884,0.224223511775354,0.00177826797211603,-0.00577648822464588,0.00604400969474125,0.686549387319491,-0.158436067340677,-0.076103439796004,0.708696116558273
-0.12,0.245,-0.116939629487781,0.239687521926052,0.00306037051221925,-0.00531247807394754,0.00613092904527808,0.649392226331032,-0.158089647918978,-0.149137096032979,0.684799281729175
-0.12,0.26,-0.115886421341011,0.255252680812172,0.00411357865898876,-0.00474731918782792,0.00628160559529225,0.60504715297595,-0.158948653799391,-0.211044195505575,0.660220574840992
-0.12,0.275,-0.115138983982612,0.270907794218313,0.00486101601738838,-0.00409220578168658,0.00635418168460546,0.554743221593602,-0.159863460337202,-0.258309685022334,0.632474760979058
-0.12,0.29,-0.114768257887098,0.286642022535167,0.00523174211290184,-0.0033579774648327,0.00621668224941848,0.499775001898987,-0.159387103659718,-0.287873578823617,0.598375929580685
-0.12,0.305,-0.114838211259092,0.30244507301577,0.00516178874090839,-0.00255492698422959,0.00575948911801326,0.441464423577045,-0.155852053314589,-0.297201749095469,0.554537627163797
-0.12,0.32,-0.115405081454888,0.318307342145654,0.00459491854511193,-0.00169265785434641,0.00489677108389744,0.38112362383554,-0.147453256935559,-0.284329711442836,0.497837949253353
-0.12,0.335,-0.116516902264643,0.33422000872009,0.00348309773535704,-0.000779991279910491,0.00356936356102678,0.320020727505123,-0.13233174714149,-0.247879430188789,0.425875573704101
-0.12,0.35,-0.118213308084302,0.350175081499706,0.00178669191569786,0.000175081499706367,0.00179524971331554,0.259350090277636,-0.108653691988922,-0.187051073693106,0.337722561443692
-0.1,0.05,-0.102652723526396,0.049521374023453,-0.00265272352639601,-0.000478625976546992,0.00269555651636548,0.36918034085571,-0.173432732229548,0.379351784366503,0.557030750421428
-0.1,0.065,-0.104664898275245,0.0633237303740268,-0.00466489827524527,-0.00167626962597321,0.00495693007589846,0.447566774740877,-0.195631226739761,0.449117380168617,0.663550252090996
-0.1,0.08,-0.10605435425099,0.0772809159214176,-0.00605435425098982,-0.0027190840785824,0.00663691371217668,0.516786153838482,-0.206353993087635,0.492186679353673,0.742903330687983
-0.1,0.095,-0.10685892762205,0.0913949261010465,-0.00685892762204976,-0.00360507389895345,0.00774864155458443,0.576299448072179,-0.207721075547947,0.50920856872597,0.79660070768318
-0.1,0.11,-0.107125114991062,0.105665914301414,-0.00712511499106172,-0.00433408569858609,0.00833975793884576,0.625662346591372,-0.201952812988525,0.501440386006721,0.826857083784878
-0.1,0.125,-0.106907919052908,0.120092144333325,-0.00690791905290841,-0.00490785566667466,0.00847386528606902,0.664549774110159,-0.191285639101936,0.470766480884279,0.836570445719287
-0.1,0.14,-0.106270409833198,0.134670011477959,-0.00627040983319815,-0.00532998852204092,0.00822963043649932,0.692778908723436,-0.177879190604076,0.419690688640804,0.829298440480013
-0.1,0.155,-0.105282990453002,0.149394135224638,-0.00528299045300151,-0.00560586477536228,0.00770296748053324,0.710329039130454,-0.163719974763111,0.351299830764543,0.809193443405103
-0.1,0.17,-0.104022373926429,0.164257521708169,-0.00402237392642928,-0.00574247829183118,0.0070111018346741,0.717356588126145,-0.150527842275821,0.269197329778072,0.780855777737553
-0.1,0.185,-0.102570296804562,0.17925178854294,-0.00257029680456241,-0.00574821145705974,0.00629669441998074,0.714203785367035,-0.139671957728868,0.177408369192858,0.749050748308161
-0.1,0.2,-0.101012014515408,0.194367439766356,-0.00101201451540759,-0.00563256023364418,0.00572275354746519,0.701399819005195,-0.132102723279834,0.0802605212220876,0.718234879442784
-0.1,0.215,-0.0994346398930579,0.209594174660567,0.000565360106942081,-0.00540582533943343,0.00543530860678417,0.679653806700875,-0.128305138238001,-0.0177539346425781,0.691890544053387
-0.1,0.23,-0.0979253989340841,0.22492121178636,0.00207460106591587,-0.00507878821364044,0.00548616982071393,0.649839556560644,-0.128277437369605,-0.112125955980619,0.671806483222551
-0.1,0.245,-0.0965698844909768,0.240337608870544,0.00343011550902325,-0.00466239112945617,0.00578822800598537,0.612972750014722,-0.131536719939184,-0.198478852079795,0.657598739835845
-0.1,0.26,-0.0954503886014285,0.255832560633276,0.00454961139857146,-0.00416743936672419,0.006169806703077,0.570181818489003,-0.137150937142448,-0.272709345399848,0.646755374376922
-0.1,0.275,-0.0946443876811557,0.271395659404659,0.00535561231884429,-0.00360434059534072,0.00645552898196405,0.522674271868404,-0.143794347925106,-0.331112179551952,0.635220133060644
-0.1,0.29,-0.094223242359214,0.287017107660127,0.00577675764078603,-0.00298289233987317,0.00650142873156769,0.471700566258431,-0.149821684212095,-0.370481501687532,0.618229902734602
-0.1,0.305,-0.0942511571697861,0.302687876369312,0.00574884283021393,-0.00231212363068772,0.00619637874650079,0.418517688045265,-0.153354998055943,-0.388184465792256,0.591071136558325
-0.1,0.32,-0.0947844263876186,0.318399807809262,0.00521557361238137,-0.00160019219073801,0.00545553142722758,0.364354512257482,-0.152376612330962,-0.382204977476192,0.549596036592777
-0.1,0.335,-0.095870973125641,0.334145665776698,0.00412902687435904,-0.000854334223301612,0.00421648549081857,0.310380693122951,-0.144821757426371,-0.351157921664641,0.490533252486171
-0.1,0.35,-0.0975501712550909,0.34991913943747,0.00244982874490909,-8.08605625304548e-05,0.00245116284851815,0.257680410986779,-0.128665239904366,-0.294276308176774,0.411768397874246
-0.08,0.05,-0.0832777420894568,0.0492993678767995,-0.00327774208945683,-0.00070063212320054,0.00335178737050209,0.37126974524979,-0.185960489181777,0.470651187744078,0.627645606369753
-0.08,0.065,-0.0852162695106479,0.0632920663953898,-0.00521626951064794,-0.00170793360461022,0.00548876168233529,0.438279689074402,-0.199629968593015,0.534450189421715,0.719433815989998
-0.08,0.08,-0.0865287827309092,0.0774268832408871,-0.00652878273090918,-0.00257311675911293,0.00701754471332002,0.496448810614591,-0.20216637945237,0.570300426949179,0.7826779474061
-0.08,0.095,-0.0872536925222361,0.0917040787369716,-0.00725369252223612,-0.00329592126302844,0.00796738050925316,0.545385616144886,-0.19586416747546,0.578884134324777,0.819101037760033
-0.08,0.11,-0.0874381857074202,0.106122096567853,-0.00743818570742025,-0.00387790343214711,0.00838836942719675,0.584798132431443,-0.183119815757672,0.561530275350711,0.831173921730394
-0.08,0.125,-0.0871380619839101,0.120677557155888,-0.00713806198391007,-0.00432244284411204,0.00834478525947537,0.614514673467075,-0.166339848995497,0.520234697035908,0.82216358944794
-0.08,0.14,-0.0864172801750251,0.135365322419887,-0.00641728017502513,-0.00463467758011327,0.00791591568401124,0.634502595184705,-0.147839432471147,0.45765201129805,0.796181891905016
-0.08,0.155,-0.0853472028734786,0.150178633141829,-0.0053472028734786,-0.00482136685817144,0.00719987200936321,0.644883539097578,-0.129737419320858,0.37705604537086,0.758212521523303
-0.08,0.17,-0.0840055466706013,0.165109314730854,-0.00400554667060134,-0.00489068526914599,0.00632164587209748,0.645943704478203,-0.113854800121356,0.282267871685491,0.714064377978277
-0.08,0.185,-0.0824750649703588,0.180148041640024,-0.00247506497035884,-0.00485195835997637,0.0054467831363514,0.638137886631376,-0.101623989833443,0.177553045553143,0.670132524947991
-0.08,0.2,-0.0808420098279462,0.195284645716884,-0.000842009827946238,-0.0047153542831157,0.00478994222988708,0.622086393777429,-0.0940160864246998,0.0674924229619711,0.632763622892381
-0.08,0.215,-0.079194436404931,0.210508450099723,0.000805563595068958,-0.0044915499002765,0.00456321741892432,0.598564455348268,-0.0914921014259139,-0.0431665153440861,0.607056016558645
-0.08,0.23,-0.0776204262671159,0.225808608190708,0.00237957373288413,-0.00419139180929218,0.00481976518610956,0.568484341153913,-0.0939822793068296,-0.149668932031644,0.595324359216405
-0.08,0.245,-0.0762063122892842,0.241174427413029,0.00379368771071577,-0.00382557258697055,0.00538767779888668,0.532871024080473,-0.100895202450138,-0.247412482803195,0.596110318816846
-0.08,0.26,-0.0750349878457805,0.256595659340402,0.00496501215421952,-0.00340434065959766,0.00602003995153997,0.49283275794455,-0.111155736526123,-0.332097673508346,0.604592409443259
-0.08,0.275,-0.0741843757595659,0.272062741749071,0.00581562424043408,-0.00293725825092883,0.00651528751004697,0.449528363428343,-0.123268367216781,-0.399859628920328,0.614135305715869
-0.08,0.29,-0.07372611963148,0.287566982881229,0.00627388036852,-0.00243301711877122,0.00672912677683624,0.404133226923762,-0.135400437787165,-0.44737406841955,0.617903067795229
-0.08,0.305,-0.073724542843559,0.303100683697463,0.00627545715644104,-0.00189931630253665,0.00655658180299831,0.357806029170036,-0.145478463253735,-0.471932779446615,0.609846863803956
-0.08,0.32,-0.0742359010049287,0.318657199068446,0.0057640989950713,-0.00134280093155384,0.00591844165019508,0.311658033054492,-0.151290182370184,-0.471486632333871,0.585082958227073
-0.08,0.335,-0.075307933933882,0.334230943284527,0.00469206606611799,-0.00076905671547281,0.00475467477336041,0.266726414697976,-0.150585291616523,-0.444656830892418,0.539945150184136
-0.08,0.35,-0.0769797053478521,0.349817348533754,0.00302029465214793,-0.00018265146624552,0.00302581250970958,0.223952678562004,-0.141168748850224,-0.390717343001216,0.471958387442076
-0.06,0.05,-0.0637486807293441,0.0492219216295699,-0.00374868072934406,-0.000778078370430119,0.00382857847785398,0.340862774241567,-0.188852135299655,0.54127770513951,0.666962620480973
-0.06,0.065,-0.0656216659382067,0.0634082938999666,-0.00562166593820668,-0.00159170610003337,0.00584265831875154,0.394974467326393,-0.195335088345544,0.599870685874059,0.744320668581507
-0.06,0.08,-0.066866449407571,0.0777236830274755,-0.00686644940757103,-0.00227631697252451,0.00723393021988294,0.440678455665711,-0.191046381581166,0.629478945787081,0.791801706383356
-0.06,0.095,-0.0675219971968971,0.0921665674125383,-0.00752199719689714,-0.00283343258746172,0.00803795882409324,0.47775886950465,-0.178428156503589,0.630821074005389,0.811194405598216
-0.06,0.11,-0.0676361430472184,0.106733639670078,-0.00763614304721844,-0.00326636032992178,0.00830540730141931,0.506103820828527,-0.160023972839547,0.60529513258771,0.805072425710475
-0.06,0.125,-0.0672654152086166,0.121419842511859,-0.00726541520861657,-0.00358015748814128,0.00809961639792225,0.525721286200622,-0.138379934931014,0.55499978240325,0.776895027039004
-0.06,0.14,-0.0664745675308591,0.136218478632039,-0.00647456753085912,-0.00378152136796117,0.00749799496985708,0.536752381509187,-0.115935912196289,0.482725205102356,0.731146450869525
-0.06,0.155,-0.0653358040370841,0.151121393836906,-0.00533580403708411,-0.00387860616309366,0.00659654382919959,0.539480773352726,-0.0949132570118582,0.391910444694575,0.67353325967479
-0.06,0.17,-0.0639277048535077,0.166119226857706,-0.0039277048535077,-0.0038807731422939,0.00552152746966069,0.534337080544539,-0.0772066098724447,0.286566163014319,0.611228832080569
-0.06,0.185,-0.062333881647869,0.181201713646518,-0.00233388164786896,-0.0037982863534822,0.00445802453664273,0.521897354900006,-0.0642878733607435,0.171164647928228,0.553000443379136
-0.06,0.2,-0.0606414105275586,0.196358028973131,-0.000641410527558601,-0.00364197102686944,0.00369802114994215,0.502875121935809,-0.0571300609965724,0.0505018929312813,0.508624981888733
-0.06,0.215,-0.0589391078088466,0.211577144724443,0.00106089219115336,-0.0034228552755573,0.00358349417170736,0.478106948405146,-0.0561574324223409,-0.0704606732918907,0.486524449652181
-0.06,0.23,-0.0573157267123538,0.226848182772715,0.00268427328764623,-0.00315181722728505,0.00413996073857977,0.448532036595996,-0.0612262100033331,-0.186765140369601,0.489706355048298
-0.06,0.245,-0.0558581595658782,0.2421607411271,0.0041418404341218,-0.00283925887290007,0.00502157675726141,0.415166867750137,-0.0716374878034644,-0.29362593933533,0.513530345119839
-0.06,0.26,-0.0546497296023388,0.257505174795284,0.00535027039766116,-0.00249482520471558,0.0059033504156685,0.379076346821253,-0.0861810444526362,-0.386587731803156,0.548250323269283
-0.06,0.275,-0.0537686489019184,0.272872817456943,0.00623135109808162,-0.00212718254305705,0.00658442420254419,0.341343181336139,-0.103206056719772,-0.461662720861365,0.583354150677149
-0.06,0.29,-0.0532867055232009,0.288256135678046,0.00671329447679914,-0.00174386432195359,0.00693609295681686,0.303037327164309,-0.120712541766037,-0.515439855868265,0.609987621884173
-0.06,0.305,-0.0532682250281702,0.303648813399431,0.00673177497182981,-0.00135118660056952,0.00686603957903774,0.265187246908522,-0.136455988978696,-0.545161158311611,0.621408872256554
-0.06,0.32,-0.0537693315592015,0.319045770008009,0.00623066844079845,-0.000954229991990491,0.00630331532582465,0.228754472899065,-0.148057186203073,-0.548763387085816,0.612694354062045
-0.06,0.335,-0.0548375135067759,0.334443119886882,0.00516248649322412,-0.000556880113118469,0.00519243509859375,0.194612596517204,-0.153109659336199,-0.524886101711214,0.580366203526888
-0.06,0.35,-0.0565114806540436,0.349838084540877,0.00348851934595643,-0.000161915459122891,0.00349227488079264,0.163531371798321,-0.149278260891205,-0.472849548652752,0.522125550959811
-0.04,0.05,-0.0440690830859998,0.0492576485303867,-0.00406908308599982,-0.000742351469613267,0.0041362450199676,0.283294507339973,-0.185667094242677,0.589851893402722,0.680190221622262
-0.04,0.065,-0.0458850918418099,0.0636398214696706,-0.00588509184180988,-0.00136017853032941,0.00604023109002514,0.323325939466043,-0.186612547976495,0.64413163184743,0.744497994688129
-0.04,0.08,-0.0470718442569712,0.0781375687683423,-0.00707184425697116,-0.00186243123165772,0.00731297691009004,0.355486470064218,-0.177155664285472,0.668644554217961,0.777720763810991
-0.04,0.095,-0.0476688371617863,0.0927475568405348,-0.00766883716178632,-0.00225244315946521,0.00799278196879012,0.379759168585633,-0.159851789794689,0.664148827025485,0.781583493898496
-0.04,0.11,-0.0477245014107574,0.107464703063891,-0.00772450141075742,-0.00253529693610896,0.00812992328371166,0.396234791988884,-0.137354342364345,0.632107846464562,0.758575613150982
-0.04,0.125,-0.0472960176414244,0.122282255275193,-0.00729601764142443,-0.00271774472480654,0.00778575685551445,0.405121769446935,-0.112310366129678,0.574711567588681,0.712065431260809
-0.04,0.14,-0.0464488322173696,0.13719194759481,-0.0064488322173696,-0.00280805240518972,0.00703367580132009,0.406752937503399,-0.0872459546246946,0.494866042274816,0.646495663523187
-0.04,0.155,-0.0452558630222546,0.15218422981339,-0.0052558630222546,-0.00281577018661042,0.00596260495526136,0.401588097859032,-0.0644484120099074,0.396147665081845,0.567769503067889
-0.04,0.17,-0.0437964037329512,0.167248561380678,-0.00379640373295116,-0.00275143861932173,0.0046886134175746,0.390211640489511,-0.045853258131552,0.28272116631149,0.484045759275703
-0.04,0.185,-0.0421547557261264,0.182373755292791,-0.00215475572612639,-0.00262624470720882,0.00339707719980233,0.373324771870678,-0.0329446624913898,0.159223414248766,0.407197163081542
-0.04,0.2,-0.0404186370626459,0.197548352213913,-0.000418637062645939,-0.00245164778608667,0.00248713366292294,0.351732273456107,-0.0266774323046828,0.0306182746043322,0.354069421559657
-0.04,0.215,-0.0386774353738532,0.21276100214267,0.00132256462614679,-0.00223899785733042,0.00260044007726865,0.326324151627561,-0.0274272292398104,-0.0979693502736749,0.341815805606457
-0.04,0.23,-0.0370203842573794,0.228000829913632,0.00297961574262057,-0.00199917008636777,0.00358814590114449,0.298052989489908,-0.0349733746501683,-0.221429988447619,0.372948323980881
-0.04,0.245,-0.0355347491512289,0.243257762267251,0.00446525084877107,-0.00174223773274937,0.00479310520016684,0.26790819641577,-0.0485156979216544,-0.33484512670758,0.431567739887103
-0.04,0.26,-0.0343041077978131,0.258522797904709,0.0056958922021869,-0.00147720209529079,0.00588432782986001,0.236888627558714,-0.0667237823693181,-0.433650455560296,0.498620669165091
-0.04,0.275,-0.0334068024975268,0.273788207333253,0.00659319750247316,-0.00121179266674662,0.0067036329533917,0.205975171745025,-0.0878140984679076,-0.51377680242415,0.560451777138612
-0.04,0.29,-0.0329146273647507,0.289047655699027,0.00708537263524928,-0.000952344300972935,0.00714908840677851,0.176104869520344,-0.109648268749022,-0.571761045114462,0.60823501612622
-0.04,0.305,-0.0328917954914307,0.304296248384697,0.00710820450856933,-0.000703751615302978,0.00714295720774575,0.148147933237866,-0.129844345251334,-0.604822260222656,0.63609864527377
-0.04,0.32,-0.0333942104493571,0.319530505083581,0.00660578955064287,-0.000469494916418844,0.00662245279816516,0.122888733555366,-0.145892600995444,-0.610901538115587,0.639993156051901
-0.04,0.335,-0.0344690461765961,0.334748272776096,0.00553095382340388,-0.000251727223903819,0.0055366792206051,0.101011435662705,-0.155267878933433,-0.588666869751624,0.617125424652881
-0.04,0.35,-0.0361546209313259,0.349948591126859,0.0038453790686741,-5.1408873141312e-05,0.00384572269593565,0.0830905737942175,-0.155531812561218,-0.537486950615926,0.565675710517049
-0.02,0.05,-0.0242433719725538,0.0493741799277377,-0.00424337197255376,-0.000625820072262279,0.00428927225299364,0.205209196933531,-0.179432009870286,0.615516971043978,0.673181264934171
-0.02,0.065,-0.026011406889584,0.063953030164581,-0.00601140688958396,-0.00104696983541902,0.00610189795296634,0.230404292631665,-0.176725521959318,0.66649795406481,0.727010771853465
-0.02,0.08,-0.0271502788647744,0.0786337244562907,-0.00715027886477443,-0.0013662755437093,0.00727964262209197,0.248361921929983,-0.163981388789497,0.687213681429284,0.748895298902287
-0.02,0.095,-0.0276999854557005,0.0934111047870642,-0.00769998545570047,-0.00158889521293576,0.0078622111403656,0.259280639397582,-0.143827179049144,0.678464802738285,0.740428811971825
-0.02,0.11,-0.0277094982967002,0.108278307178892,-0.00770949829670023,-0.00172169282110846,0.00789940441787102,0.263469149193781,-0.118982298787738,0.641774727992905,0.70388480078623
-0.02,0.125,-0.0272365667933995,0.123226885307044,-0.00723656679339954,-0.00177311469295591,0.00745062646156073,0.261349597828628,-0.0921496305874064,0.579410292304994,0.642273908254228
-0.02,0.14,-0.0263472191721798,0.138247012513119,-0.00634721917217983,-0.00175298748688144,0.00658484292514636,0.253456981271723,-0.0658971332705014,0.494369477802348,0.559452000454044
-0.02,0.155,-0.0251149510617846,0.153327757265779,-0.00511495106178458,-0.0016722427342207,0.00538136786761555,0.240434127696805,-0.0425366218054881,0.390332675175783,0.460411415938996
-0.02,0.17,-0.0236196110139799,0.168457420796686,-0.00361961101397987,-0.00154257920331435,0.0039346072854889,0.223021968781882,-0.0240081915468774,0.271576634780006,0.352234937410717
-0.02,0.185,-0.0219460131926492,0.183623919628745,-0.00194601319264919,-0.0013760803712547,0.00238339349124671,0.202045146404968,-0.0117791889279932,0.142853411997372,0.2477260248693
-0.02,0.2,-0.0201823277752572,0.198815191054511,-0.000182327775257187,-0.0011848089454895,0.00119875587795939,0.178393371979416,-0.00676607906387376,0.00923991310385612,0.178760669354713
-0.02,0.215,-0.0184183171509798,0.214019596764139,0.00158168284902024,-0.000980403235860711,0.00186088987846432,0.152999326324339,-0.00928597732419142,-0.124033402784551,0.197178463859311
-0.02,0.23,-0.0167434986583226,0.229226299434678,0.00325650134167735,-0.000773700565322,0.00334715006432726,0.126814213649544,-0.0190421408296709,-0.25176388830928,0.28254143968693
-0.02,0.245,-0.0152453207461952,0.244425589255288,0.00475467925380482,-0.000574410744711706,0.0047892507253434,0.100782306920008,-0.0351446561200549,-0.368956279564308,0.384085288588726
-0.02,0.26,-0.0140074382992104,0.259609141819261,0.00599256170078956,-0.000390858180739417,0.00600529481834329,0.0758159171624047,-0.0561643332332913,-0.470988807497263,0.480348096541328
-0.02,0.275,-0.0131081645891666,0.274770195012054,0.00689183541083335,-0.00022980498794628,0.00689566571568703,0.052772175076673,-0.080214874584844,-0.553755637057351,0.562020610677664
-0.02,0.29,-0.0126191629192914,0.289903639619957,0.00738083708070858,-9.63603800429591e-05,0.0073814660694746,0.0324328300218132,-0.105056123831377,-0.613777897324951,0.623550978238532
-0.02,0.305,-0.0126044223815746,0.305006025504721,0.00739557761842535,6.02550472078578e-06,0.00739558007304776,0.0154879860219146,-0.128209877000922,-0.648278673141968,0.661020222723358
-0.02,0.32,-0.0131195413613562,0.320075491457622,0.00688045863864375,7.54914576215349e-05,0.00688087276719031,0.00252434260561604,-0.147079445382626,-0.655220621330678,0.671534035236836
-0.02,0.335,-0.014211321887668,0.335111631642449,0.005788678112332,0.000111631642448901,0.00578975439131811,-0.0059818589124564,-0.159064815953191,-0.633307920000108,0.653009139036765
-0.02,0.35,-0.015917659439308,0.350115314536254,0.00408234056069201,0.000115314536254379,0.00408396889015364,-0.00966732080432002,-0.161666645627283,-0.58195672134527,0.604074968082807
0,0.05,-0.00427678210981333,0.0495384923560861,-0.00427678210981333,-0.000461507643913867,0.0043016106890571,0.114273679381444,-0.172393454922215,0.618022590518829,0.651716563293425
0,0.065,-0.00600625046742559,0.064313622053332,-0.00600625046742559,-0.000686377946667954,0.00604534195584685,0.124363794503589,-0.168063599336996,0.66682522643317,0.698837365830776
0,0.08,-0.0071078019011997,0.0791766341703013,-0.0071078019011997,-0.000823365829698663,0.00715533221843776,0.127935263915013,-0.154042393714859,0.685167603503389,0.713833122520478
0,0.095,-0.0076218989343915,0.0941205519316838,-0.0076218989343915,-0.000879448068316246,0.00767246846008137,0.125410313189629,-0.132984132085024,0.673894807085166,0.698249791397479
0,0.11,-0.00759799120347882,0.109136742321069,-0.00759799120347882,-0.000863257678930807,0.00764687414231295,0.117322048705664,-0.107625931667445,0.634583076339963,0.654253877457935
0,0.125,-0.00709430629093281,0.124215083811915,-0.00709430629093281,-0.0007849161880851,0.00713759589581022,0.104310561546031,-0.0806773806487272,0.569558908412403,0.584627957420811
0,0.14,-0.00617733631013376,0.139344214110689,-0.00617733631013376,-0.000655785889311034,0.00621204789269339,0.0871145795298561,-0.0547005730555427,0.481884578208352,0.49274267705735
0,0.155,-0.00492101112469837,0.154511850874859,-0.00492101112469837,-0.00048814912514128,0.00494516329940491,0.0665585569363439,-0.0319879556721541,0.37530665354408,0.382503461941601
0,0.17,-0.00340556835650997,0.169705171757031,-0.00340556835650997,-0.000294828242968781,0.00341830652863579,0.0435354300256972,-0.0144466199899227,0.254166831352218,0.258272974981624
0,0.185,-0.00171615142724583,0.184911234089092,-0.00171615142724583,-8.87659109078121e-05,0.00171844554995996,0.0189856205131845,-0.00349804258546646,0.123277644925276,0.124780102507756
0,0.2,5.88129367005057e-05,0.200117409995779,5.88129367005057e-05,0.000117409995779361,0.000131316673093127,-0.00612678719575076,-1.6330781923024e-06,-0.0122310855255754,0.0136798017879114
0,0.215,0.00182938871814433,0.215311810196785,0.00182938871814433,0.00031181019678525,0.00185577172111578,-0.0308394844073909,-0.00420876496204242,-0.147086207133411,0.150343449469043
0,0.23,0.00350597468352325,0.23048366999854,0.00350597468352325,0.000483669998539826,0.0035391800108208,-0.0542176061422738,-0.0157513940775611,-0.276054582280425,0.28176931635578
0,0.245,0.00500113116322227,0.245623673787501,0.00500113116322227,0.000623673787500778,0.00503986923490764,-0.0753781974109499,-0.0336662362787984,-0.394123794566704,0.402677937042992
0,0.26,0.00623130360433258,0.260724199604256,0.00623130360433258,0.000724199604255543,0.00627324554566231,-0.0935121392208017,-0.0564522104820608,-0.496668471335118,0.508539713700564
0,0.275,0.00711836557297378,0.275779472311568,0.00711836557297378,0.000779472311568025,0.00716091513111275,-0.107902424760774,-0.082155914515439,-0.579592040199625,0.595250071425791
0,0.29,0.00759091856901123,0.290785621645359,0.00759091856901123,0.000785621645358836,0.00763146421671594,-0.117937993125427,-0.108477680583005,-0.639436303759237,0.659211921678708
0,0.305,0.00758530491703518,0.305740649050513,0.00758530491703518,0.000740649050512715,0.00762137859579378,-0.123122704987682,-0.132889507678825,-0.673454398436316,0.697399206543767
0,0.32,0.00704631090530028,0.320644313746339,0.00704631090530028,0.000644313746338582,0.00707570756729491,-0.123079418821057,-0.152755964025596,-0.679646029477648,0.707395228845445
0,0.335,0.00592755802580436,0.335497953361292,0.00592755802580436,0.000497953361292047,0.00594843691227365,-0.117549465273776,-0.165449897659019,-0.6567569228567,0.687405898339626
0,0.35,0.00419159853831177,0.350304257324264,0.00419159853831177,0.000304257324264035,0.00420262665790642,-0.106388081172138,-0.168456260956685,-0.60424687579483,0.636250251462121
0.02,0.05,0.0158247211332801,0.0497172496111218,-0.00417527886671995,-0.000282750388878178,0.00418484186048756,0.0187955850171981,-0.165831415962775,0.597771586565264,0.620635133199764
0.02,0.065,0.0141240478824682,0.0646869846878416,-0.00587595211753184,-0.000313015312158382,0.00588428346302015,0.0140281792233648,-0.161940722751423,0.645601004288081,0.665753130721697
0.02,0.08,0.0130488989815223,0.0797304684661755,-0.00695110101847765,-0.00026953153382453,0.00695632464860625,0.00353080487855469,-0.14867241442861,0.663086586392585,0.679562497557345
0.02,0.095,0.0125583884988982,0.0948389292812416,-0.00744161150110181,-0.000161070718758399,0.00744335445278351,-0.0120517536880396,-0.128660003997447,0.651118209501678,0.663821130527059
0.02,0.11,0.012602657723819,0.110001995849967,-0.007397342276181,1.9958499674344e-06,0.0073973425454275,-0.0319652513809971,-0.104608422588235,0.611315666528493,0.621027631732141
0.02,0.125,0.0131230978455099,0.125207908506979,-0.00687690215449008,0.000207908506979215,0.00688004427236516,-0.0553571942475745,-0.0791837574116456,0.54604537309264,0.554529021955508
0.02,0.14,0.0140528771251982,0.14044381159487,-0.00594712287480183,0.00044381159486967,0.00596365988464566,-0.0812929542677353,-0.0548941177722477,0.458403399026534,0.468782263663358
0.02,0.155,0.015317780995964,0.155696117950944,-0.00468221900403595,0.00069611795094407,0.00473368302734583,-0.108776435920406,-0.0339690989428629,0.35216162520069,0.370141188517219
0.02,0.17,0.0168373539949119,0.170950929479813,-0.00316264600508815,0.000950929479813095,0.00330251368340506,-0.136774556189951,-0.0182464374147297,0.231676567301183,0.269656036007258
0.02,0.185,0.0185263115913863,0.186194491919491,-0.00147368840861373,0.001194491919491,0.0018969893176852,-0.164244416261722,-0.00907473613438952,0.101763653701303,0.193428167178673
0.02,0.2,0.0202961696383916,0.201413657371399,0.000296169638391625,0.0014136573713989,0.00144434885620319,-0.190161759317844,-0.00724040721567964,-0.0324570009332359,0.193047689362616
0.02,0.215,0.0220570219429071,0.216596326183233,0.00205702194290713,0.00159632618323333,0.00260376584140696,-0.213549121878389,-0.012925234293061,-0.165734366307588,0.270625766460903
0.02,0.23,0.0237193841992354,0.231731840482655,0.00371938419923538,0.00173184048265493,0.0041028149213539,-0.233502068279853,-0.0256983568098248,-0.292868789614171,0.37544141184248
0.02,0.245,0.025196016887308,0.246811305191082,0.00519601688730803,0.00181130519108164,0.00550267371269908,-0.249212035435083,-0.0445433571434705,-0.408890863810382,0.480919791300241
0.02,0.26,0.0264036414812164,0.261827818333341,0.00640364148121636,0.001827818333341,0.00665939517371152,-0.259984600709241,-0.0679179178823602,-0.509225305756663,0.575776031182767
0.02,0.275,0.0272644731615465,0.276776600109254,0.00726447316154646,0.00177660010925382,0.00747856124284809,-0.265252377019833,-0.0938406604683303,-0.589829899002485,0.653505036464009
0.02,0.29,0.0277075081170602,0.291655018573557,0.00770750811706017,0.00165501857355735,0.0078831952819506,-0.264582189768206,-0.119997655271825,-0.647302150700597,0.709513692417791
0.02,0.305,0.0276695225225009,0.306462517814765,0.00766952252250089,0.00146251781476547,0.0078077227205924,-0.257676629305719,-0.143859941801167,-0.67894948058885,0.740319492162384
0.02,0.32,0.0270957612495237,0.321200461337417,0.00709576124952366,0.0012004613374168,0.00719659191095855,-0.244370461192816,-0.162803276447444,-0.682822045865241,0.743286972561443
0.02,0.335,0.0259403149629664,0.335871908264797,0.00594031496296638,0.000871908264796745,0.00600396251499483,-0.224622669596531,-0.174222126647014,-0.657710290308523,0.716518115554847
0.02,0.35,0.0241662025557538,0.350481342708224,0.00416620255575384,0.000481342708223642,0.00419391637235769,-0.198505089701171,-0.175631424098848,-0.603111675300903,0.658786112475059
0.04,0.05,0.036054534633569,0.0498771516628609,-0.00394546536643103,-0.000122848337139075,0.00394737744225766,-0.0727203669564648,-0.15995791675932,0.555822192184864,0.582937413043929
0.04,0.065,0.0343725692508977,0.0650385625666214,-0.00562743074910227,3.85625666213529e-05,0.005627562874592,-0.0915902263406956,-0.158488880654082,0.60394188293864,0.631076317933966
0.04,0.08,0.0333126058614928,0.0802594778840204,-0.00668739413850716,0.000259477884020448,0.00669242625181897,-0.11535103845487,-0.147909966298966,0.622140958372458,0.64980544641488
0.04,0.095,0.0328333823676063,0.0955293727879497,-0.00716661763239365,0.000529372787949706,0.00718614248658884,-0.143146015782751,-0.130787159454418,0.611352297117852,0.641367281251056
0.04,0.11,0.0328847056547399,0.110836186501545,-0.00711529434526015,0.000836186501544989,0.00716426000959325,-0.174012739654434,-0.109744713155388,0.573227813507827,0.609030339338203
0.04,0.125,0.0334076881552062,0.126166575807066,-0.00659231184479382,0.00116657580706575,0.00669473483960642,-0.206901435122253,-0.0873570770294674,0.510152061568518,0.55740204443371
0.04,0.14,0.0343352878920659,0.1415062504433,-0.00566471210793407,0.00150625044330038,0.00586154874275711,-0.240698425703631,-0.0660329609750868,0.425222650989105,0.493063776105777
0.04,0.155,0.0355931595352245,0.156840379154496,-0.00440684046477555,0.0018403791544957,0.00477569244343534,-0.274253978094042,-0.0478988760360083,0.322194569406588,0.425816535552781
0.04,0.17,0.0371008046045382,0.172154048378971,-0.00289919539546181,0.00215404837897135,0.00361182202773282,-0.306413295801634,-0.0346905050517594,0.205388240932663,0.370509577308171
0.04,0.185,0.0387729880954779,0.187432749401787,-0.00122701190452215,0.0024327494017865,0.00272467023063924,-0.336049068863383,-0.0276604335553597,0.0795642719772533,0.346446121835006
0.04,0.2,0.0405213688519388,0.202662865696123,0.000521368851938803,0.00266286569612306,0.00271342573057767,-0.362093737994295,-0.0275099757086214,-0.0502289903738313,0.366595258851861
0.04,0.215,0.0422562739721837,0.217832130483257,0.0022562739721837,0.00283213048325684,0.00362101302286338,-0.383569575109491,-0.034351064931159,-0.178826218059127,0.42460011298948
0.04,0.23,0.0438885356141151,0.232930025833294,0.00388853561411508,0.0029300258332938,0.00486885619073006,-0.39961480886078,-0.0477016221053986,-0.301123377655576,0.502637393226403
0.04,0.245,0.0453313032710677,0.247948098801315,0.00533130327106773,0.00294809880131527,0.00609213272265256,-0.409504338655629,-0.0665147895648657,-0.412251914794299,0.58486975662585
0.04,0.26,0.0465017465329716,0.262880176761093,0.0065017465329716,0.00288017676109323,0.00711112692575162,-0.412664036302247,-0.0892393427704587,-0.507737696097404,0.660346622612135
0.04,0.275,0.0473225724540907,0.277722472386532,0.0073225724540907,0.00272247238653189,0.00781229308467344,-0.408678175264964,-0.113905890196622,-0.583635189711803,0.721546476717253
0.04,0.29,0.047723296576593,0.292473577645584,0.00772329657659304,0.00247357764558367,0.00810974083301958,-0.397290074233323,-0.138231496797572,-0.636629920134497,0.763055444172214
0.04,0.305,0.0476412256910832,0.307134354608159,0.00764122569108319,0.00213435460815889,0.00793371285436011,-0.378396536245136,-0.159734330610747,-0.664105309633061,0.780861252080805
0.04,0.32,0.0470221312646807,0.321707737861046,0.00702213126468065,0.00170773786104625,0.00722680400318539,-0.352037043912533,-0.175849880801421,-0.66417318925761,0.772002786826241
0.04,0.335,0.0458206129157454,0.336198468298453,0.00582061291574537,0.00119846829845341,0.00594271495003249,-0.318378914095718,-0.184041117261371,-0.635670121763007,0.734384199872782
0.04,0.35,0.0440001693877059,0.350612780581617,0.00400016938770587,0.000612780581617151,0.00404683273332938,-0.277699712562577,-0.181896431058405,-0.578123936045987,0.666660139409963
0.06,0.05,0.0564055192950757,0.0499852819283476,-0.0035944807049243,-1.47180716524309e-05,0.00359451083733326,-0.15203488313504,-0.153914126192905,0.4938436083016,0.539154725830098
0.06,0.065,0.0547319143312045,0.0653342264318576,-0.00526808566879547,0.000334226431857598,0.00527867728901099,-0.183789779547909,-0.156661894591078,0.543544681358801,0.59478200192712
0.06,0.08,0.0536756864681364,0.0807283836371493,-0.00632431353186358,0.000728383637149277,0.00636612004066681,-0.219569034463834,-0.150510087311929,0.564038160515769,0.62370404453249
0.06,0.095,0.0531952501598163,0.0961555344302368,-0.00680474984018367,0.00115553443023678,0.00690216489276679,-0.258323150525118,-0.137913902731151,0.556295652422869,0.62866518324709
0.06,0.11,0.0532401576745727,0.111601994402002,-0.00675984232542731,0.00160199440200198,0.00694707523557103,-0.298903290468066,-0.121372733883818,0.521987746129147,0.613636149499643
0.06,0.125,0.0537513497242994,0.127052907954633,-0.00624865027570064,0.00205290795463298,0.00657723812387913,-0.340085989551507,-0.103326270862865,0.463494021079785,0.584092852826781
0.06,0.14,0.0546617072205268,0.142492624343577,-0.00533829277947316,0.00249262434357655,0.00589156565927647,-0.380603135105096,-0.0860439291767894,0.383880889028466,0.547383887358665
0.06,0.155,0.0558969107929937,0.157905142625866,-0.00410308920700625,0.00290514262586603,0.00502744415357097,-0.41917600306372,-0.0715146614395978,0.286844756655712,0.512937169637731
0.06,0.17,0.0573765953270525,0.173274605380708,-0.0026234046729475,0.00327460538070773,0.00419586611766901,-0.454551693689013,-0.061345073854798,0.176620613577031,0.491504611268039
0.06,0.185,0.0590157662786271,0.188585815135356,-0.000984233721372869,0.00358581513535627,0.00371843867816018,-0.485539958671836,-0.0566738407522288,0.0578591395859789,0.492250084986954
0.06,0.2,0.0607264248709872,0.203824743510325,0.000726424870987196,0.00382474351032527,0.00389311649106009,-0.5110482483952,-0.0581095678266027,-0.0645216042069057,0.518374289872328
0.06,0.215,0.0624193326346677,0.218979001816074,0.00241933263466775,0.00397900181607436,0.00465678277886047,-0.530112854744226,-0.0656975199940158,-0.185501288530405,0.565463638321133
0.06,0.23,0.0640058342320156,0.234038243664834,0.00400583423201563,0.00403824366483441,0.00568806819499938,-0.541924295689238,-0.0789181816701261,-0.300128870030077,0.624492771069107
0.06,0.245,0.0653996525030942,0.248994474912453,0.00539965250309421,0.00399447491245308,0.00671655246241616,-0.545845551247248,-0.0967177651761808,-0.403689545265112,0.6857642122845
0.06,0.26,0.0665185719226121,0.263842253534971,0.00651857192261207,0.00384225353497059,0.00756668303401566,-0.541422359372602,-0.11756791656507,-0.491856569957204,0.740871729492625
0.06,0.275,0.0672859357973161,0.278578770903627,0.0072859357973161,0.00357877090362679,0.00811741717686469,-0.528385432040691,-0.13954937875579,-0.560819010978194,0.783066217975378
0.06,0.29,0.0676318975188687,0.293203815257075,0.00763189751886872,0.003203815257075,0.00827709441410336,-0.506645077074316,-0.160452577493144,-0.607378943136793,0.807065185751379
0.06,0.305,0.0674943850436473,0.307719626961572,0.0074943850436473,0.00271962696157185,0.00797258916491706,-0.476279226812197,-0.177887183097465,-0.629014525597128,0.808799040428856
0.06,0.32,0.06681975842392,0.322130662275332,0.00681975842391996,0.00213066227533185,0.00714484616294498,-0.43751624401147,-0.189392703641639,-0.623908377553781,0.785214221383055
0.06,0.335,0.0655631603534194,0.336443287296438,0.00556316035341936,0.00144328729643822,0.00574733254109391,-0.390714060690209,-0.19254297189637,-0.590943359723188,0.734133299272314
0.06,0.35,0.0636885775235379,0.350665426193341,0.00368857752353788,0.000665426193340701,0.00374811901704478,-0.336337227122671,-0.185038787354268,-0.529669980572143,0.654153666776183
0.08,0.05,0.0768701077220723,0.0500094445874361,-0.00312989227792768,9.44458743612486e-06,0.00312990652762397,-0.211609277247896,-0.145865580408879,0.414028823223587,0.487315659300616
0.08,0.065,0.0751943172909049,0.0655406312562026,-0.00480568270909507,0.000540631256202628,0.00483599715215782,-0.254646316127661,-0.154347992602947,0.466596214689679,0.553518255858213
0.08,0.08,0.07413021382036,0.0811027556321681,-0.00586978617963996,0.00110275563216805,0.00597247518027247,-0.300838330615229,-0.154075483052534,0.490930795640616,0.596036245149438
0.08,0.095,0.0736359460891726,0.0966819791828014,-0.00636405391082745,0.00168197918280139,0.00658257063397692,-0.348969689605364,-0.147355058704378,0.488036070026477,0.617799531558803
0.08,0.11,0.0736608959366579,0.112263075607703,-0.00633910406334215,0.00226307560770345,0.00673095472663895,-0.397733988103619,-0.136523826285488,0.459586224118117,0.622940125870903
0.08,0.125,0.0741459428267129,0.127829763239662,-0.00585405717328709,0.00282976323966244,0.00650211853019144,-0.445764269009725,-0.12385099892233,0.407932278065391,0.616812184804528
0.08,0.14,0.0750240259900951,0.143365118942437,-0.00497597400990486,0.00336511894243657,0.00600702445841484,-0.491668384678525,-0.111434515953431,0.336077591961315,0.605893572081252
0.08,0.155,0.0762210096957431,0.158852058681891,-0.00377899030425691,0.00385205868189098,0.00539621384012896,-0.534067952724077,-0.101098905858229,0.247620633654989,0.597301244069468
0.08,0.17,0.0776568381156496,0.174273862760946,-0.00234316188435043,0.00427386276094638,0.00487404457465018,-0.571638901952249,-0.0943017284928033,0.146665391704361,0.597643560848459
0.08,0.185,0.0792469461784761,0.189614717972598,-0.000753053821523929,0.00461471797259849,0.00467575790912397,-0.603151298744166,-0.092055903660077,0.0377026025516671,0.611302551652783
0.08,0.2,0.0809038735483156,0.204860245235792,0.000903873548315633,0.00486024523579154,0.00494357877891908,-0.62750605518324,-0.0948743695193094,-0.0745323217173714,0.639002577944491
0.08,0.215,0.0825390127505516,0.219997980415152,0.00253901275055159,0.00499798041515176,0.00560592489939922,-0.643766267892883,-0.102741854982383,-0.185216469921718,0.677717782165773
0.08,0.23,0.0840644113472252,0.235017778335233,0.00406441134722516,0.00501777833523348,0.00645736316316429,-0.651181324021656,-0.115116266779119,-0.289601971071937,0.721917632476694
0.08,0.245,0.0853945434532866,0.249912115318609,0.00539454345328658,0.00491211531860919,0.00729588760691337,-0.64920249282602,-0.130959572521189,-0.383173603951385,0.765143775749037
0.08,0.26,0.0864479682900926,0.264676273367161,0.00644796829009264,0.00467627336716081,0.00796516338027399,-0.637489421680884,-0.148795457941788,-0.461791718814357,0.801121026166187
0.08,0.275,0.0871488027214471,0.279308398444345,0.00714880272144711,0.00430839844434489,0.0083467165703289,-0.615907685393688,-0.166788798938058,-0.521812240248748,0.824293948587021
0.08,0.29,0.0874279495216105,0.293809435036334,0.00742794952161047,0.0038094350363338,0.00834782782474822,-0.584518204260119,-0.182840395814035,-0.56017780723435,0.830002026742901
0.08,0.305,0.0872240417735658,0.308182948181353,0.00722404177356575,0.00318294818135323,0.00789417118331005,-0.543559870783833,-0.194689628256135,-0.574476813062283,0.814491353453942
0.08,0.32,0.0864840840842684,0.322434851402558,0.00648408408426837,0.00243485140255784,0.00692617121968554,-0.493427069398845,-0.200017728445642,-0.562969862077809,0.774868751098516
0.08,0.335,0.0851637910664614,0.336573063916593,0.00516379106646137,0.00157306391659257,0.00539808005347751,-0.434643908562879,-0.196545130971994,-0.524585634354202,0.709042889736593
0.08,0.35,0.0832276409885968,0.350607122761022,0.00322764098859685,0.000607122761022039,0.00328424487488699,-0.367836945275903,-0.182117651017408,-0.458890095753455,0.615674121946636
0.1,0.05,0.0974404146973464,0.0499184839865876,-0.00255958530265357,-8.15160134124415e-05,0.00256088300826157,-0.244971674141408,-0.133181578566598,0.318973988113928,0.423666941051484
0.1,0.065,0.095751761232262,0.0656255543621396,-0.00424823876773803,0.000625554362139624,0.00429404830989408,-0.297402013510724,-0.148574559507723,0.375651473652589,0.501635320162001
0.1,0.08,0.0946680859617812,0.081349368545967,-0.00533191403821878,0.00134936854596701,0.00550000934397385,-0.352140419232197,-0.155287566656431,0.405295821602621,0.558913484685552
0.1,0.095,0.0941473343280824,0.0970745580422231,-0.00585266567191761,0.00207455804222306,0.00620946749228911,-0.407836968554519,-0.155449632781796,0.408933273913936,0.598101372827764
0.1,0.11,0.0941388054305212,0.11278445062849,-0.00586119456947876,0.00278445062848953,0.00648897272946828,-0.463061411903164,-0.151206632057276,0.388225490733177,0.622906229041347
0.1,0.125,0.0945834301847967,0.128461438315885,-0.00541656981520335,0.00346143831588541,0.0064281244370074,-0.516337741498501,-0.144630572427661,0.345471840325635,0.63786962668969
0.1,0.14,0.0954143423288902,0.144087425858305,-0.00458565767110983,0.00408742585830513,0.00614290700106634,-0.566183594070762,-0.137624792209721,0.28358297071303,0.648018690494628
0.1,0.155,0.0965577465875093,0.159644343202405,-0.00344225341249073,0.0046443432024052,0.00578091967921467,-0.611152676989283,-0.131831150447538,0.206023999636254,0.658283906850649
0.1,0.17,0.0979340698347993,0.175114698327943,-0.00206593016520068,0.00511469832794259,0.00551617679496813,-0.649877973709402,-0.128545851819624,0.116727966631267,0.672678253331725
0.1,0.185,0.099459361379583,0.19048214125598,-0.000540638620416974,0.00548214125597962,0.00550873514233533,-0.681113232030725,-0.128650427676113,0.0199827115127085,0.693448877731296
0.1,0.2,0.101046889850789,0.205732006633041,0.00104688985078949,0.00573200663304113,0.0058268240406686,-0.703770218805504,-0.132563539485602,-0.079703212065159,0.720572729471618
0.1,0.215,0.102608868589462,0.220851801834381,0.00260886858946233,0.00585180183438111,0.0064070102252103,-0.716949460577473,-0.140217723862825,-0.177747941668008,0.751851036655857
0.1,0.23,0.104058230841375,0.235831610291945,0.00405823084137536,0.0058316102919449,0.00710471084274426,-0.719962663321376,-0.151063121682719,-0.26964804900159,0.783508736382163
0.1,0.245,0.105310371770631,0.250664385526862,0.00531037177063123,0.0056643855268616,0.00776436164402691,-0.712345664843394,-0.16409788698671,-0.351125206307868,0.81096507486653
0.1,0.26,0.106284776915099,0.265346119614773,0.00628477691509918,0.00534611961477283,0.00825102513679496,-0.693861537919896,-0.177922664745277,-0.418258904016027,0.829489503683968
0.1,0.275,0.106906465897218,0.279875879519399,0.00690646589721756,0.00487587951939872,0.00845419849998337,-0.664494228681137,-0.190814560919794,-0.467597762939045,0.834639301279261
0.1,0.29,0.107107194820052,0.294255714723436,0.0071071948200519,0.00425571472343617,0.00828391972543457,-0.624433795526928,-0.20081464370764,-0.496244076507842,0.822504642779076
0.1,0.305,0.106826379034557,0.308490448761888,0.00682637903455732,0.00349044876188753,0.00766698658423282,-0.574054830636473,-0.205822343984851,-0.501908669072231,0.789825282287118
0.1,0.32,0.106011717808099,0.322587374588675,0.00601171780809853,0.00258737458867542,0.00654486503041371,-0.513889956944178,-0.203690181194971,-0.482935648745623,0.73403459596906
0.1,0.335,0.104619521701421,0.33655587856107,0.00461952170142127,0.00155587856107009,0.00487449883031062,-0.444600395187962,-0.192312935570727,-0.438298868978479,0.653271994188406
0.1,0.35,0.102614760470087,0.350407020007608,0.00261476047008669,0.000407020007607894,0.0026462497241419,-0.36694550101741,-0.169706546826803,-0.367573679075051,0.546408258609473
0.12,0.05,0.118108347410756,0.0496825790092607,-0.00189165258924437,-0.000317420990739281,0.00191809947702324,-0.246983510318788,-0.112674180471804,0.211537398872124,0.344158034284816
0.12,0.065,0.116396091948373,0.0655582059159169,-0.0036039080516268,0.000558205915916932,0.0036468818309818,-0.306743470531665,-0.135776712330652,0.273493582863644,0.432812318415969
0.12,0.08,0.115281142411797,0.0814365277268665,-0.00471885758820331,0.00143652772686648,0.00493266954577338,-0.368011079924542,-0.15020508091791,0.309798292201639,0.503954700810982
0.12,0.095,0.114721307137166,0.0973007482659572,-0.00527869286283414,0.00230074826595722,0.00575830191318945,-0.429336936648197,-0.157889194708464,0.321489505291201,0.559121798737796
0.12,0.11,0.114665892676862,0.113132857665321,-0.00533410732313844,0.00313285766532084,0.00618607291307811,-0.489203076743978,-0.16076409906042,0.310199922210915,0.601158924853009
0.12,0.125,0.115055995068148,0.128914032837739,-0.00494400493185206,0.0039140328377385,0.00630577812970554,-0.54606061143874,-0.160687527433981,0.278155616920181,0.633543455202193
0.12,0.14,0.115825077906721,0.144625116867215,-0.00417492209327898,0.00462511686721462,0.00623070465680585,-0.59837174366281,-0.159354569583254,0.228148199301752,0.659923509014218
0.12,0.155,0.116899840523064,0.160247159294407,-0.00310015947693615,0.00524715929440656,0.00609456064399347,-0.644654176827584,-0.158214931483403,0.163479244808074,0.683624151092204
0.12,0.17,0.118201361410591,0.175761992330439,-0.00179863858940917,0.00576199233043873,0.00603619552295537,-0.683525538978949,-0.158398666460251,0.0878778465768468,0.707125280780981
0.12,0.185,0.119646482987862,0.191152812616229,-0.000353517012137584,0.00615281261622852,0.00616296011412467,-0.713745250693958,-0.160656068250761,0.00539438236779327,0.731627656542456
0.12,0.2,0.121149385752333,0.206404735071095,0.00114938575233313,0.00640473507109479,0.00650705147809497,-0.734251310449967,-0.165316595182082,-0.079724260432286,0.756847970522697
0.12,0.215,0.122623284968353,0.221505285294027,0.00262328496835277,0.00650528529402727,0.00701429688435506,-0.744189770098714,-0.172270286928819,-0.163170997655175,0.781107988557837
0.12,0.23,0.123982172935005,0.236444800148149,0.00398217293500518,0.00644480014814863,0.00757582670299845,-0.742935202090583,-0.180973291061865,-0.240718267893868,0.801660660892131
0.12,0.245,0.12514252597083,0.25121671232515,0.00514252597082952,0.00621671232515048,0.00806802860024269,-0.730101164699734,-0.190477063341329,-0.308352702123192,0.815120737964345
0.12,0.26,0.126024897992982,0.265817703286578,0.00602489799298199,0.00581770328657771,0.00837526521111395,-0.705540453623569,-0.199478805980243,-0.362396809479903,0.817876477084102
0.12,0.275,0.126555331647899,0.280247718957744,0.00655533164789936,0.00524771895774395,0.00839707849632336,-0.669335702342127,-0.206389019235476,-0.399611032667711,0.806415787443039
0.12,0.29,0.126666532273945,0.2945098527214,0.00666653227394545,0.00450985272140042,0.00804869083319015,-0.621781560357786,-0.209410860734648,-0.417271393761991,0.777553800237652
0.12,0.305,0.126298767722152,0.308610109541447,0.00629876772215196,0.00361010954144714,0.00725998386491809,-0.563360172657825,-0.206625444558062,-0.413220129844038,0.728578607286793
0.12,0.32,0.125400476412135,0.322557072356295,0.00540047641213542,0.00255707235629454,0.00597526271500733,-0.494711966387362,-0.196077277130626,-0.385888926706605,0.657344074026523
0.12,0.335,0.123928584619976,0.336361496709722,0.00392858461997614,0.00136149670972191,0.00415781798626355,-0.416603817300891,-0.175854639394866,-0.334296349653849,0.562352365380615
0.12,0.35,0.121848550567819,0.350035861606491,0.00184855056781899,3.5861606491383e-05,0.00184889839001608,-0.329896547107077,-0.144160738605561,-0.258022647514016,0.442934209625736
0.14,0.05,0.138865712573827,0.0492735062652458,-0.00113428742617255,-0.000726493734754252,0.00134699707193829,-0.213990427265338,-0.0808664775661791,0.094692582042996,0.247584471709556
0.14,0.065,0.137119127052392,0.0653095052957177,-0.00288087294760819,0.00030950529571766,0.00289745102949782,-0.278952875404927,-0.11209531459841,0.162990083667749,0.341973947542697
0.14,0.08,0.135961274254471,0.0813343579340558,-0.00403872574552902,0.00133435793405579,0.00425344763030845,-0.34469020427582,-0.134591773630891,0.207153871627364,0.424075264528727
0.14,0.095,0.13534989473166,0.0973299534491267,-0.00465010526833989,0.00232995344912673,0.00520116929946911,-0.409689009041622,-0.150074349396626,0.228221494204635,0.492396118086046
0.14,0.11,0.135234394200789,0.1132770628484,-0.0047656057992114,0.00327706284840018,0.0057836095602869,-0.472379760002834,-0.160257030634474,0.227780737351896,0.548371510297765
0.14,0.125,0.13555614709146,0.129155768406897,-0.00444385290854002,0.00415576840689652,0.00608426164168659,-0.531176216205628,-0.16677565858399,0.207965045349745,0.594318870692363
0.14,0.14,0.136249079829333,0.144945969971611,-0.00375092017066662,0.00494596997161073,0.00620741661939883,-0.58451865946382,-0.171112476185558,0.171424874314265,0.632718024556028
0.14,0.155,0.137240536073501,0.160627948748102,-0.00275946392649901,0.00562794874810241,0.00626804979821609,-0.630918876238227,-0.174523690096729,0.121274121577705,0.665754869485503
0.14,0.17,0.138452408486625,0.176182962462585,-0.00154759151337469,0.00618296246258471,0.00637370098969201,-0.669004479061346,-0.17797514327896,0.0610126381568986,0.694960867880481
0.14,0.185,0.139802503221189,0.191593840634775,-0.000197496778811059,0.00659384063477525,0.00659679765450283,-0.69756002152327,-0.18209096045028,-0.00557221390136413,0.720961170527935
0.14,0.2,0.14120608604755,0.206845545943159,0.00120608604755022,0.00684554594315911,0.00695098142811485,-0.715562459201797,-0.187119260866228,-0.0745201466640008,0.743373563432472
0.14,0.215,0.142577544779668,0.221925667961146,0.00257754477966789,0.00692566796114585,0.00738976412338279,-0.722208849203089,-0.192917781758098,-0.141822366147524,0.760871200460234
0.14,0.23,0.143832093163381,0.236824819012683,0.0038320931633806,0.00682481901268311,0.00782707433008715,-0.716934739359304,-0.198960654780402,-0.20354859043364,0.771376547979163
0.14,0.245,0.144887437804488,0.251536908455778,0.00488743780448803,0.00653690845577837,0.00816199855745916,-0.699422401465035,-0.204365817191799,-0.255969189464577,0.772325281607811
0.14,0.26,0.145665332573232,0.266059280477981,0.00566533257323175,0.00605928047798127,0.00829523194830413,-0.669598840283216,-0.207940843822285,-0.295665464289571,0.760939274202098
0.14,0.275,0.146092953825707,0.280392710679605,0.00609295382570731,0.00539271067960484,0.00813667098979216,-0.627624253745783,-0.208243560755612,-0.319622222410083,0.734468063604609
0.14,0.29,0.146104043686058,0.294541266970187,0.00610404368605794,0.00454126697018731,0.00760805198561484,-0.57387225879031,-0.203652813490681,-0.325298445105088,0.690382997326643
0.14,0.305,0.145639785874784,0.308512049610835,0.00563978587478411,0.00351204961083468,0.00664392031728094,-0.508903655135479,-0.192444294876529,-0.310673738470768,0.626529983383136
0.14,0.32,0.144649397167581,0.322314832493746,0.00464939716758148,0.00231483249374581,0.00519377930759636,-0.43343575428951,-0.172866401481117,-0.274270189809779,0.541272262142036
0.14,0.335,0.143090435660963,0.335961632514654,0.00309043566096318,0.00096163251465381,0.00323659229248794,-0.348309348247123,-0.143211611728795,-0.215150990333496,0.433727811874416
0.14,0.35,0.140928842898386,0.34946623580054,0.00092884289838549,-0.00053376419945983,0.00107128583977674,-0.254455251315957,-0.101879743473848,-0.132898579397687,0.304613210510686
0.16,0.05,0.159704317866643,0.0486648672999189,-0.000295682133356762,-0.00133513270008107,0.00136748208427466,-0.143857160949016,-0.0342595251874764,-0.0286109038603165,0.150622689882345
0.16,0.065,0.157912757806787,0.0648523181703194,-0.00208724219321285,-0.000147681829680557,0.00209246024954975,-0.211933366223677,-0.0736702795092862,0.0469588872794962,0.229234092124271
0.16,0.08,0.156700525168386,0.0810150494864379,-0.00329947483161372,0.00101504948643794,0.00345208047767868,-0.280136316739506,-0.10423546752588,0.100002860666589,0.315185994785713
0.16,0.095,0.156025364306015,0.0971337578367541,-0.00397463569398529,0.00213375783675407,0.00451116962724872,-0.346922684635449,-0.1274582670873,0.131545566249918,0.392308292358105
0.16,0.11,0.155836872204654,0.113188121589951,-0.00416312779534588,0.00318812158995135,0.00524363922411672,-0.410705477568353,-0.144830038108146,0.143115149728063,0.458407892886044
0.16,0.125,0.15607681326358,0.12915725578554,-0.00392318673641966,0.00415725578554038,0.00571613241932236,-0.469894015198277,-0.157765637237872,0.136736075121807,0.514187621870387
0.16,0.14,0.156679705822436,0.145020241173407,-0.00332029417756367,0.00502024117340655,0.00601890146660747,-0.522937110275422,-0.16753781928456,0.114900290570043,0.56101402260195
0.16,0.155,0.157573681532097,0.160756707012299,-0.00242631846790287,0.00575670701229886,0.00624713509803793,-0.568367384876501,-0.175214893165511,0.0805163125182232,0.600189897934724
0.16,0.17,0.158681601685951,0.176347440654989,-0.00131839831404906,0.00634744065498899,0.00648291423536471,-0.604844365493611,-0.181605966567953,0.0368373317853388,0.632596623252311
0.16,0.185,0.159922396978542,0.191774992056431,-7.76030214581398e-05,0.00677499205643056,0.0067754364873148,-0.631193919358557,-0.187217853229143,-0.0126288801589946,0.658498709198356
0.16,0.2,0.161212580703911,0.207024238940998,0.001212580703911,0.00702423894099796,0.00712813332252768,-0.646441732081463,-0.192227018083924,-0.0642239184769583,0.677471917121917
0.16,0.215,0.16246787186166,0.222082878963491,0.0024678718616602,0.00708287896349052,0.00750050437884218,-0.64983888868038,-0.196468847315731,-0.114250957444743,0.688439955694057
0.16,0.23,0.163604855754169,0.236941818997117,0.00360485575416858,0.00694181899711738,0.00782200971599384,-0.640878174184483,-0.199445167263329,-0.159088883660984,0.689795787867153
0.16,0.245,0.16454260638079,0.251595438452213,0.00454260638078978,0.0065954384522135,0.00800843811911714,-0.619300395427017,-0.20034945800163,-0.195301838946528,0.679574210371755
0.16,0.26,0.165204197886342,0.266041712472998,0.00520419788634155,0.00604171247299756,0.00797408084023332,-0.585090757867653,-0.19810779292432,-0.219738109896811,0.655642753511772
0.16,0.275,0.165518040969061,0.280282191105246,0.00551804096906119,0.00528219110524636,0.00763873805078964,-0.538466035630066,-0.191432357439076,-0.229613297396493,0.615887926286941
0.16,0.29,0.165418993598594,0.294321840808988,0.00541899359859441,0.00432184080898818,0.00693136347336098,-0.479853859229379,-0.178883582550649,-0.222574101657796,0.558391225706429
0.16,0.305,0.164849211983048,0.308168763904682,0.00484921198304822,0.00316876390468218,0.00579274732231219,-0.409865868491889,-0.158936546799918,-0.196740690612994,0.481621346320155
0.16,0.32,0.163758725578766,0.321833818751127,0.00375872557876628,0.00183381875112659,0.00418221343171954,-0.329266705606199,-0.13004735471491,-0.150727271797612,0.384770249294946
0.16,0.335,0.162105737335053,0.335330168104915,0.00210573733505276,0.000330168104915096,0.00213146445002921,-0.238940853348192,-0.0907156370334088,-0.0836419920240868,0.268920385599374
0.16,0.35,0.159856665626841,0.348672784930087,-0.000143334373158666,-0.00132721506991318,0.00133493242687914,-0.13985918932621,-0.0395400412208772,0.0049314984589791,0.145424684044506
0.18,0.05,0.180616065504029,0.0478322763233365,0.000616065504029206,-0.00216772367666351,0.00225356664947419,-0.0358993452613475,0.0304282129032245,-0.155568087226803,0.162530263662959
0.18,0.065,0.178769041505143,0.0641616506760995,-0.00123095849485719,-0.000838349323900534,0.00148932481512448,-0.105124143097608,-0.0169005473877215,-0.0719457518365113,0.128502576210446
0.18,0.08,0.177491181344344,0.0804530581371139,-0.00250881865565616,0.000453058137113882,0.00254939850211251,-0.173924163711415,-0.0552275725458243,-0.00919472285912381,0.18271363033913
0.18,0.095,0.176740306151622,0.0966861310291565,-0.00325969384837826,0.00168613102915649,0.00366996482716653,-0.240757194476165,-0.0858441884239585,0.0336843317109755,0.257813881956466
0.18,0.11,0.176466295570726,0.112839587210682,-0.00353370442927368,0.00283958721068184,0.00453324635559731,-0.304049264587583,-0.110024964381238,0.058147046448201,0.328531311769204
0.18,0.125,0.176611412587083,0.128891706479653,-0.00338858741291746,0.00389170647965287,0.00516022324892584,-0.362234111338243,-0.12897178593157,0.0660959845756814,0.39014938206199
0.18,0.14,0.177110891249598,0.144820878048957,-0.00288910875040227,0.00482087804895664,0.00562030377600384,-0.413795236163325,-0.143757720517883,0.0598522033574857,0.442126719278236
0.18,0.155,0.177893787316933,0.160606197808792,-0.00210621268306688,0.0056061978087924,0.00598878833635156,-0.457308541276631,-0.155274213356696,0.0421075152344593,0.484784104684439
0.18,0.17,0.178884075578954,0.176228087804116,-0.00111592442104549,0.00622808780411643,0.00632727152959864,-0.491483316287732,-0.16418523330378,0.0158585845484278,0.518426435856849
0.18,0.185,0.180001960782904,0.19166890576607,1.9607829036157e-06,0.00666890576607032,0.00666890605432372,-0.515199303608111,-0.170891721124111,-0.0156745797402195,0.543030572415468
0.18,0.2,0.181165353460349,0.206913510454715,0.00116535346034902,0.00691351045471472,0.00701103954453241,-0.527537738401954,-0.175509072542095,-0.0491418721894631,0.558136978694887
0.18,0.215,0.182291449217612,0.221949749482015,0.00229144921761172,0.00694974948201477,0.00731776997313102,-0.527804621574827,-0.177859460024643,-0.0811631993834376,0.562851417963661
0.18,0.23,0.183298341703043,0.236768840329359,0.00329834170304336,0.00676884032935887,0.00752969171974458,-0.51554501604563,-0.177479658323086,-0.108429961588649,0.555918315693919
0.18,0.245,0.18410659659417,0.251365622167387,0.00410659659416981,0.00636562216738729,0.00757530733140112,-0.490547796977719,-0.173643818059953,-0.127802313137619,0.535840312635778
0.18,0.26,0.184640716829011,0.265738665136618,0.00464071682901128,0.0057386651366178,0.00738027982107055,-0.45284096466455,-0.165399473525086,-0.136397001648756,0.501026612861632
0.18,0.275,0.184830437754801,0.279890233919326,0.00483043775480109,0.00489023391932614,0.00687368290574534,-0.402678268389152,-0.151614108928933,-0.131661439418792,0.449969333553834
0.18,0.29,0.184611803718698,0.293826112664919,0.00461180371869799,0.00382611266491889,0.00599231772058603,-0.340518423707917,-0.131028943117849,-0.111430847136152,0.381495415700504
0.18,0.305,0.183927993499665,0.307555307404956,0.00392799349966455,0.00255530740495596,0.00468601417701971,-0.266998585425645,-0.102316281060825,-0.0739666870736957,0.295344087350407
0.18,0.32,0.182729879079172,0.321089649197977,0.00272987907917202,0.00108964919797666,0.00293931542396393,-0.182903941755277,-0.0641368247429763,-0.0179760032393915,0.1946549699695
0.18,0.335,0.180976318832484,0.334443325766592,0.000976318832483863,-0.000556674233408383,0.00112387039502047,-0.0891353184404167,-0.015193691909486,0.0573874336596677,0.10709469710596
0.18,0.35,0.178634200845194,0.347632371151619,-0.00136579915480553,-0.0023676288483811,0.00273332648890576,0.0133234446435701,0.0457195165029491,0.152538233073015,0.159798990821294
0.2,0.05,0.201593036265896,0.0467535064682825,0.00159303626589608,-0.00324649353171746,0.00361628051953156,0.109265691794017,0.116067492228044,-0.283613553249731,0.32534226000721
0.2,0.065,0.199680282773796,0.063214798726074,-0.00031971722620433,-0.00178520127392601,0.00181360488893221,0.0406694629022981,0.0613490226653702,-0.191320849869885,0.204991268631256
0.2,0.08,0.19832584876086,0.0796252567038399,-0.00167415123914022,-0.000374743296160107,0.00171558005045864,-0.0270537551675798,0.0158177127040408,-0.118237474279139,0.122320119805681
0.2,0.095,0.197487705553775,0.0959635811908572,-0.00251229444622461,0.000963581190857155,0.00269074563939156,-0.0923897260059341,-0.0216153822047668,-0.0634005311196165,0.114117123478013
0.2,0.11,0.197116105067185,0.112207665000093,-0.0028838949328152,0.00220766500009273,0.00363189134421056,-0.153803341049867,-0.0520197364264992,-0.0254374590143368,0.16434294488339
0.2,0.125,0.197153913337431,0.128335086963936,-0.00284608666256869,0.0033350869639362,0.00438440581468784,-0.209776698343544,-0.0763977146689743,-0.00257689430879927,0.223270189323683
0.2,0.14,0.197537197364346,0.144323673507876,-0.00246280263565377,0.00432367350787588,0.0049758968462872,-0.258849186264277,-0.0956372467034262,0.00732381743994075,0.276049216440174
0.2,0.155,0.198196064285681,0.160152105869348,-0.00180393571431892,0.00515210586934833,0.0054587891469051,-0.299657678645625,-0.110467767582066,0.00673442847309321,0.31944243441034
0.2,0.17,0.199055736382176,0.175800545034255,-0.000944263617823883,0.00580054503425481,0.00587690024369684,-0.33097478150774,-0.121422398293857,-0.00160794854654534,0.352548836969057
0.2,0.185,0.200037829457051,0.191251242212608,3.78294570512715e-05,0.00625124221260753,0.00625135667423537,-0.351743067013196,-0.128809080778401,-0.0147718060598742,0.374878209660388
0.2,0.2,0.201061787373919,0.206489100903967,0.00106178737391857,0.00648910090396687,0.00657539527095342,-0.361103410929494,-0.132692842896525,-0.0297140490632008,0.385858201108414
0.2,0.215,0.202046413600427,0.221502157801977,0.00204641360042719,0.00650215780197683,0.00681658746777458,-0.358415900322624,-0.13289059113229,-0.0433684367753519,0.384711897629359
0.2,0.23,0.202911432864613,0.236281954003093,0.00291143286461321,0.00628195400309262,0.00692382751244723,-0.343272271525079,-0.128978892351939,-0.0527349713078461,0.3704765343114
0.2,0.245,0.203579013427301,0.250823774951747,0.00357901342730114,0.00582377495174741,0.00683561934292734,-0.315499421580491,-0.120314213632069,-0.0549654809373989,0.342106630783532
0.2,0.26,0.203975183415619,0.265126746578679,0.00397518341561912,0.00512674657867923,0.00648734257379803,-0.275154146182396,-0.106064154172232,-0.0474409873693096,0.29868086357963
0.2,0.275,0.204031082687303,0.279193785170029,0.00403108268730294,0.00419378517002911,0.00581699765207358,-0.222509828426527,-0.0852474295700135,-0.0278371647148757,0.239901521080405
0.2,0.29,0.203684004046005,0.293031408526413,0.00368400404600476,0.00303140852641343,0.00477088288108097,-0.158036277022274,-0.0567798344688197,0.00582481247886297,0.168027864155387
0.2,0.305,0.202878192661453,0.306649424901114,0.00287819266145284,0.00164942490111386,0.00331731751583345,-0.0823742518289877,-0.0195231582849302,0.0551435881585187,0.101032118822457
0.2,0.32,0.201565388835696,0.320060523144945,0.00156538883569576,6.05231449454235e-05,0.00156655841193204,0.00369360818544058,0.027665939126511,0.121319494167528,0.124488845642895
0.2,0.335,0.199705115015451,0.333279791875858,-0.00029488498454916,-0.0017202081241422,0.00174530030209055,0.0992737133933111,0.085889799658905,0.205152277014694,0.243556716077328
0.2,0.35,0.197264721906312,0.346324197193911,-0.00273527809368829,-0.00367580280608931,0.00458184160781067,0.203392682623304,0.156168619404294,0.30705309725592,0.400049341625002
