target_x,target_y,gaze_x,gaze_y,error_px_x,error_px_y,error_px_xy,error_deg_x,error_deg_y,error_deg_z,error_deg_xyz
-0.2,0.05,-0.198060663950453,0.0528315630464159,0.00193933604954719,0.00283156304641587,0.00343202179464251,-0.142267451613188,0.115666452466847,-0.237586039910164,0.300110126941302
-0.2,0.065,-0.20006727469869,0.0664472899375914,-6.72746986901951e-05,0.0014472899375914,0.00144885266626292,-0.0577661569321956,0.0606005811165083,-0.162610491220068,0.182897675159472
-0.2,0.08,-0.201530072134058,0.0801465969477233,-0.00153007213405781,0.000146596947723301,0.00153707885305277,0.0215532524162438,0.0144511939024882,-0.102643705411765,0.105873099248699
-0.2,0.095,-0.202487817900143,0.0939446741324088,-0.0024878179001433,-0.00105532586759118,0.00270239719343409,0.0946619214587464,-0.0236535703104282,-0.0570400052900115,0.113021843503539
-0.2,0.11,-0.202986473600444,0.107856680536273,-0.00298647360044436,-0.00214331946372655,0.0036759818946426,0.160551271746178,-0.0545952926477325,-0.0248291470800724,0.171388054675853
-0.2,0.125,-0.20307891934054,0.121897387228941,-0.00307891934053972,-0.00310261277105946,0.0043710353822282,0.218259051329472,-0.0792283164706827,-0.00471932973752644,0.232242299200951
-0.2,0.14,-0.202824443782325,0.13608079459132,-0.00282444378232499,-0.00391920540868014,0.0048309060966802,0.266896039181739,-0.0983416943540475,0.00488741076590238,0.284479590866961
-0.2,0.155,-0.202288005413523,0.15041974012541,-0.00228800541352266,-0.00458025987459022,0.00511993645381369,0.305672148808839,-0.112622158247046,0.00586701354002995,0.325812708444309
-0.2,0.17,-0.201539278423932,0.164925515788771,-0.00153927842393162,-0.00507448421122945,0.0053028075654693,0.3339205833329,-0.122620365089736,0.000332809388620382,0.35572352626006
-0.2,0.185,-0.200651510671625,0.179607515221844,-0.000651510671625114,-0.00539248477815633,0.00543169938765845,0.351118710404607,-0.128722617480699,-0.00941620583390837,0.374089592363999
-0.2,0.2,-0.199700234450268,0.194472930964198,0.00029976554973158,-0.00552706903580157,0.00553519209344376,0.356904449667489,-0.1311300032529,-0.0209561558833206,0.380809083721317
-0.2,0.215,-0.198761881577741,0.209526519728065,0.00123811842225895,-0.00547348027193463,0.00561176652354627,0.35108720258928,-0.129846450413424,-0.0318053371681288,0.37567859882624
-0.2,0.23,-0.197912361642738,0.224770449983966,0.00208763835726176,-0.00522955001603372,0.00563084605373907,0.333652683734745,-0.124676592033572,-0.0394942409201182,0.358369334239473
-0.2,0.245,-0.197225665090726,0.240204240961206,0.00277433490927427,-0.00479575903879394,0.00554041866170704,0.304761400319974,-0.115233636132918,-0.041635000377796,0.328469284371153
-0.2,0.26,-0.196772550891405,0.255824796095517,0.00322744910859486,-0.00417520390448269,0.00527719199883586,0.264740941296743,-0.100956714998134,-0.0359867665008235,0.28561379621576
-0.2,0.275,-0.196619372084241,0.271626527663332,0.0033806279157593,-0.00337347233666822,0.00477587276956546,0.214072628515483,-0.0811365206144576,-0.0205138473367963,0.229850199135484
-0.2,0.29,-0.196827082175416,0.287601563469669,0.00317291782458388,-0.00239843653033105,0.00397742445705617,0.153373417176133,-0.0549474890697683,0.00656597429685694,0.163051407876765
-0.2,0.305,-0.197450452545683,0.303740021603569,0.00254954745431668,-0.0012599783964309,0.00284389482598869,0.0833741779779907,-0.0214844270090852,0.0467447740692297,0.0979689256697101
-0.2,0.32,-0.198537516818422,0.320030335938046,0.00146248318157793,3.03359380464246e-05,0.00146279777328771,0.00489563224576203,0.0201986961947177,0.101200453823002,0.10331258049061
-0.2,0.335,-0.200129244352608,0.336459613242212,-0.000129244352607832,0.0014596132422116,0.00146532416874918,-0.0811767603446057,0.071050034912408,0.170785474167914,0.202003698818247
-0.2,0.35,-0.202259432376758,0.353014002838341,-0.0022594323767578,0.00301400283834104,0.00376686179394323,-0.173917733968017,0.131983267918676,0.256027711128451,0.336478046016834
-0.18,0.05,-0.179164431749502,0.051858344661478,0.000835568250498242,0.00185834466147797,0.00203755225260221,0.0163033003932169,0.0301034328475498,-0.130576993679046,0.134990273647428
-0.18,0.065,-0.181091112567452,0.065591569559474,-0.00109111256745212,0.000591569559473981,0.00124116122181939,0.0994054614091404,-0.0176078438102937,-0.0613409773482913,0.118127906808031
-0.18,0.08,-0.18246477162799,0.0793978067591844,-0.00246477162799,-0.000602193240815646,0.00253726937423454,0.177608752819853,-0.0565787379782781,-0.00859046588699588,0.186600775854014
-0.18,0.095,-0.183324504539443,0.0932914568572798,-0.00332450453944275,-0.0017085431427202,0.00373784029933218,0.249883380487752,-0.0878520985659236,0.0283373503750149,0.266388491347381
-0.18,0.11,-0.183716804814761,0.107286954475924,-0.00371680481476074,-0.00271304552407589,0.00460165774984807,0.31521437317511,-0.112483972069768,0.0504677563752883,0.338467240088616
-0.18,0.125,-0.183695284800937,0.121398424602594,-0.00369528480093752,-0.00360157539740585,0.00516008479612874,0.372628231162704,-0.131500198824317,0.0591872185764662,0.399559601044191
-0.18,0.14,-0.183320159409081,0.135639311633182,-0.00332015940908127,-0.00436068836681827,0.00548079022899208,0.421220510254506,-0.145851383673145,0.0562279190605791,0.449290504733764
-0.18,0.155,-0.182657491751268,0.150021997002724,-0.00265749175126792,-0.0049780029972761,0.00564294039034145,0.460183020274142,-0.156368772070055,0.043637507246168,0.487980815680781
-0.18,0.17,-0.181778214136792,0.164557424122405,-0.00177821413679177,-0.00544257587759528,0.00572570324935445,0.488829201717898,-0.163723757220699,0.0237344035084303,0.516066448770879
-0.18,0.185,-0.180756952763766,0.179254750842287,-0.000756952763766139,-0.0057452491577131,0.00579489994484601,0.506616240470843,-0.168393708444488,-0.000949980369626712,0.533872101509177
-0.18,0.2,-0.179670698371875,0.194121049550725,0.00032930162812486,-0.00587895044927508,0.00588816592389493,0.513162601846779,-0.170636521015509,-0.0277397388788395,0.541501942694541
-0.18,0.215,-0.178597376611092,0.209161073040105,0.00140262338890829,-0.00583892695989527,0.00600503292364866,0.508259912124534,-0.170475755389387,-0.0538904576575598,0.538791649985919
-0.18,0.23,-0.177614379617129,0.224377100581761,0.0023856203828715,-0.00562289941823937,0.00610804244245312,0.491878464827307,-0.167697500760529,-0.0766688261481296,0.525306498900493
-0.18,0.245,-0.176797123323661,0.239768873507148,0.00320287667633902,-0.00523112649285157,0.00613376747097981,0.464166053227416,-0.161859240044267,-0.093431708737419,0.500379470124278
-0.18,0.26,-0.17621769302405,0.255333623545749,0.00378230697594968,-0.00466637645425105,0.00600673915474163,0.425440279720251,-0.152310101834748,-0.101700549904843,0.46318675390738
-0.18,0.275,-0.175943632828799,0.271066190837833,0.00405636717120128,-0.00393380916216732,0.00565057246232194,0.376174923913436,-0.138221059998809,-0.0992273871604375,0.412867347655955
-0.18,0.29,-0.176036923850739,0.286959222682175,0.00396307614926131,-0.00304077731782496,0.00499522764861048,0.316981316477559,-0.118622970095114,-0.0840494397928925,0.348730910291789
-0.18,0.305,-0.176553182284144,0.303003439185037,0.00344681771585573,-0.00199656081496277,0.00398331613786575,0.248585933069776,-0.0924498801595049,-0.0545301550218752,0.270768574092146
-0.18,0.32,-0.177541093731257,0.319187948605957,0.0024589062687434,-0.00081205139404264,0.0025895265020911,0.171805571080707,-0.0585848533298332,-0.00938560902251067,0.181762088064512
-0.18,0.335,-0.179042085476086,0.335500593525174,0.000957914523914277,0.000500593525174342,0.00108083028851545,0.0875214967575263,-0.0159055911429527,0.0523038202568626,0.103192503199406
-0.18,0.35,-0.181090225320949,0.351928308893646,-0.00109022532094899,0.0019283088936457,0.00221516736156694,-0.0033461342020598,0.0366725831285055,0.1310956787973,0.136169602679591
-0.16,0.05,-0.160169892129673,0.0511028178089214,-0.000169892129673083,0.00110281780892138,0.00111582725159364,0.138079953594452,-0.0339708104875274,-0.023441112507788,0.144116571755621
-0.16,0.065,-0.162025217431852,0.0649612358380511,-0.00202521743185152,-3.87641619489093e-05,0.00202558838526658,0.218143866899102,-0.0738899178693017,0.0404120355617307,0.233836855830928
-0.16,0.08,-0.163319028251535,0.0788817460377269,-0.00331902825153516,-0.00111825396227308,0.00350234784946155,0.293689753717379,-0.105239934318239,0.0863040832925169,0.323693973825152
-0.16,0.095,-0.164090705039789,0.0928778623435447,-0.00409070503978862,-0.00212213765645534,0.00460839841544736,0.363710219765118,-0.129242247946562,0.114908120395572,0.402732202012134
-0.16,0.11,-0.164387209252594,0.106963197056127,-0.00438720925259431,-0.00303680294387283,0.00533570774555389,0.427206594012396,-0.147136195089348,0.12729827539158,0.469425838064316
-0.16,0.125,-0.164262807243439,0.121151133272525,-0.00426280724343901,-0.00384886672747486,0.0057432830924985,0.483215470221675,-0.160128845277679,0.124950528487707,0.524168855040208
-0.16,0.14,-0.163778548850741,0.135454468698581,-0.00377854885074053,-0.00454553130141906,0.00591094630576298,0.530836463285708,-0.169342512758386,0.109727497378253,0.567896998886794
-0.16,0.155,-0.163001499171516,0.149885046197323,-0.0030014991715164,-0.00511495380267697,0.00593057751657739,0.569259833055003,-0.175762970133317,0.0838463384743881,0.601650159038928
-0.16,0.17,-0.162003736999773,0.164453389316543,-0.00200373699977338,-0.00554661068345684,0.0058974445345504,0.597792486678269,-0.180191610466105,0.0498300124499928,0.626347994865927
-0.16,0.185,-0.160861149007881,0.179168362720025,-0.000861149007880861,-0.00583163727997545,0.00589487667207496,0.615880848204762,-0.183204794861643,0.0104433690759823,0.642640342308435
-0.16,0.2,-0.159652063384435,0.19403687741654,0.000347936615564818,-0.00596312258345973,0.00597326467133494,0.623129193702395,-0.185123301777801,-0.0313832958999549,0.650807263360859
-0.16,0.215,-0.158455778749348,0.209063658870554,0.00154422125065233,-0.00593634112944642,0.00613390293990078,0.619312297100214,-0.185994170135567,-0.072639515243617,0.6507093075817
-0.16,0.23,-0.157351052329975,0.224251092489128,0.00264894767002538,-0.00574890751087191,0.00632983896533651,0.604381595289995,-0.18558635210343,-0.110324296876748,0.641790592013379
-0.16,0.245,-0.156414614617819,0.239599155908035,0.00358538538218116,-0.00540084409196527,0.00648260019162639,0.578464525488468,-0.183400553635996,-0.141535294215904,0.623131637069821
-0.16,0.26,-0.155719775606278,0.255105441544096,0.00428022439372229,-0.00489455845590386,0.00650207838609128,0.541857165684969,-0.178692557385982,-0.163552694985089,0.593542629140741
-0.16,0.275,-0.155335180525347,0.270765266587582,0.00466481947465337,-0.00423473341241759,0.00630027839109918,0.495010767190096,-0.170508317414415,-0.173913487600273,0.55168559758136
-0.16,0.29,-0.155323761593538,0.286571861754651,0.00467623840646182,-0.00342813824534897,0.00579821847322891,0.438513159297018,-0.157728299903236,-0.170472591482726,0.496220163863492
-0.16,0.305,-0.155741917993729,0.302516625276282,0.00425808200627134,-0.00248337472371803,0.0049293419835241,0.373066288821458,-0.139117999294778,-0.151448420435045,0.425992644991023
-0.16,0.32,-0.156638940721319,0.318589425271052,0.00336105927868074,-0.00141057472894782,0.00364505700102922,0.299461313034797,-0.113381326817683,-0.115451658016458,0.340384825424288
-0.16,0.335,-0.158056683652584,0.334778931925711,0.00194331634741601,-0.000221068074288816,0.00195585007595267,0.218552687221342,-0.0792136435357505,-0.0614972199441882,0.240462203570212
-0.16,0.35,-0.160029468527717,0.351072960990734,-2.94685277169027e-05,0.00107296099073398,0.00107336558625784,0.131232592512246,-0.0353515534347572,0.0109995484240257,0.136355141116113
-0.14,0.05,-0.141072079426289,0.0505453078737736,-0.00107207942628934,0.000545307873773562,0.00120279465141491,0.222272778048275,-0.0793099684693378,0.0812212351564298,0.249584147135374
-0.14,0.065,-0.142864947448413,0.0645361844209753,-0.00286494744841251,-0.000463815579024723,0.00290224891653204,0.297524008842087,-0.111249907270139,0.14015136068275,0.347188494112339
-0.14,0.08,-0.144088589797795,0.0785779198983166,-0.00408858979779464,-0.00142208010168336,0.00432884261093357,0.368734020330962,-0.134778195260592,0.179679786693315,0.431758783989625
-0.14,0.095,-0.144782621364549,0.092683048072733,-0.00478262136454913,-0.00231695192726702,0.00531429518844297,0.434944256048722,-0.151297242743284,0.200482966151483,0.502257301229935
-0.14,0.11,-0.144994404306289,0.106864264197126,-0.00499440430628866,-0.00313573580287417,0.00589719538425696,0.495198403541529,-0.162233393778492,0.203676609462452,0.559488857372214
-0.14,0.125,-0.144778775405662,0.121134116258443,-0.00477877540566228,-0.00386588374155732,0.00614668621950071,0.548567986638148,-0.168979735856621,0.190818949266333,0.604893591467327
-0.14,0.14,-0.144197520715919,0.135504666551255,-0.00419752071591946,-0.00449533344874514,0.00615038234388561,0.594179424469661,-0.17283587886198,0.16389610592545,0.640146565849746
-0.14,0.155,-0.143318595398091,0.149987138216761,-0.00331859539809125,-0.00501286178323923,0.00601180993329736,0.631241234901059,-0.174948143464796,0.125288417154895,0.666914206416761
-0.14,0.17,-0.142215102202434,0.164591564400687,-0.00221510220243391,-0.00540843559931307,0.00584447203767325,0.659069892036528,-0.176253957882635,0.0777178595846791,0.686647135654778
-0.14,0.185,-0.140964058298204,0.179326459402716,-0.000964058298204014,-0.00567354059728363,0.00575486501243613,0.677112804027268,-0.1774342902465,0.0241780908753128,0.700396577299185
-0.14,0.2,-0.139644995476795,0.194198531358241,0.00035500452320477,-0.00580146864175919,0.00581232024348376,0.684966969702138,-0.178877596536701,-0.0321499537925496,0.708672679182469
-0.14,0.215,-0.138338451424138,0.209212454302686,0.00166154857586181,-0.00578754569731448,0.00602133115419271,0.682392110518884,-0.180658046309781,-0.0879927401137566,0.711368782742575
-0.14,0.23,-0.137124418333849,0.224370714036703,0.00287558166615068,-0.00562928596329731,0.00632122063966115,0.66931743540371,-0.182529758672391,-0.140084001909215,0.707766091017881
-0.14,0.245,-0.136080818552475,0.239673537298746,0.0039191814475253,-0.00532646270125436,0.00661295608079174,0.645841645209792,-0.183937547710978,-0.185264235910367,0.696615580567497
-0.14,0.26,-0.135282074754009,0.255118907897736,0.00471792524599098,-0.00488109210226395,0.00678851078938102,0.612226275991985,-0.184043383083164,-0.22057429754488,0.676277539421698
-0.14,0.275,-0.134797834675124,0.270702667276564,0.00520216532487643,-0.00429733272343648,0.00674756197476278,0.568882949669346,-0.181766567748609,-0.243338108754971,0.64489124764151
-0.14,0.29,-0.134691898471285,0.286418691235292,0.00530810152871466,-0.0035813087647078,0.00640325810094485,0.516355505279815,-0.175834660394132,-0.251230451380159,0.600550478541737
-0.14,0.305,-0.135021381933053,0.302259129721682,0.00497861806694672,-0.00274087027831843,0.00568322159862675,0.455298276621176,-0.164841524723449,-0.242327092637515,0.541473776769394
-0.14,0.32,-0.135836132422268,0.318214693358715,0.00416386757773241,-0.00178530664128498,0.00453046498808979,0.386451941095968,-0.147308619566831,-0.215135897605505,0.466186213427527
-0.14,0.335,-0.137178398619044,0.334274968674321,0.00282160138095564,-0.000725031325679248,0.00291326359539039,0.310618386058998,-0.121745748557841,-0.16860897940175,0.373811841233845
-0.14,0.35,-0.139082740894275,0.350428744059761,0.000917259105725182,0.000428744059760885,0.00101251456079209,0.228635938740242,-0.0867079119831035,-0.102137168551023,0.264999586545091
-0.12,0.05,-0.121866274325184,0.050164437081024,-0.00186627432518427,0.000164437081023983,0.00187350457978028,0.269318412172311,-0.109100214557703,0.180611994319867,0.342134921147802
-0.12,0.065,-0.123605866398155,0.064294511405095,-0.00360586639815497,-0.000705488594905046,0.00367423279595675,0.337910111528847,-0.133170459069636,0.235175591664335,0.432696271514742
-0.12,0.08,-0.124769364702962,0.0784639405055862,-0.00476936470296194,-0.00153605949441385,0.00501062056438503,0.403027608930235,-0.148964324884205,0.268969495406427,0.506920002883585
-0.12,0.095,-0.125396567274847,0.0926841897334496,-0.00539656727484708,-0.00231581026655039,0.00587247099121066,0.463789704727898,-0.158061562833089,0.282667018012591,0.565674455956036
-0.12,0.11,-0.125535166981241,0.106966947357615,-0.00553516698124129,-0.00303305264238501,0.00631169405482415,0.519310901536745,-0.162072905076339,0.277417447073275,0.61066800235475
-0.12,0.125,-0.125240482726711,0.121323837243057,-0.00524048272671089,-0.00367616275694287,0.00640131485122307,0.568725099193758,-0.162575989189044,0.254852019689798,0.644075392337854
-0.12,0.14,-0.124574931391605,0.135766101074451,-0.00457493139160513,-0.00423389892554941,0.00623344987544317,0.611210958221754,-0.161047409212813,0.217070172718678,0.668311025840296
-0.12,0.155,-0.123607237788092,0.150304263921876,-0.00360723778809151,-0.00469573607812397,0.00592132601494213,0.646017688144492,-0.158794798330477,0.166604631008584,0.685796879180402
-0.12,0.17,-0.122411396033635,0.164947799992033,-0.00241139603363527,-0.00505220000796736,0.00559817432307509,0.67248983320481,-0.15689330593295,0.106365307797313,0.698697154367187
-0.12,0.185,-0.121065412558523,0.179704817257635,-0.00106541255852349,-0.00529518274236473,0.00540130208328481,0.690089563354333,-0.15613090923542,0.0395635984765786,0.708641055837619
-0.12,0.2,-0.119649876916796,0.194581779911917,0.000350123083203575,-0.00541822008808257,0.00542952070594574,0.698415047216878,-0.156966631908193,-0.0303797368072007,0.716485673085852
-0.12,0.215,-0.118246419737469,0.209583286128468,0.00175358026253079,-0.00541671387153149,0.00569349039721498,0.697213699310013,-0.159504932879894,-0.0999384627063698,0.722179594880633
-0.12,0.23,-0.116936126146493,0.224711915311862,0.00306387385350655,-0.00528808468813773,0.00611155975665114,0.686389435429487,-0.163488341472382,-0.165590817115586,0.724766319481779
-0.12,0.245,-0.115797976553743,0.239968154382234,0.00420202344625685,-0.00503184561776607,0.00655564423713824,0.666003506261051,-0.168308978800848,-0.223929231316066,0.722523218520207
-0.12,0.26,-0.114907384490729,0.255350406887029,0.00509261550927075,-0.00464959311297138,0.00689590087236293,0.636268959954801,-0.173038089151837,-0.271763561782947,0.713191678761941
-0.12,0.275,-0.11433489339624,0.270855082808884,0.00566510660376025,-0.00414491719111608,0.00701952785828062,0.597539249978155,-0.176471291819166,-0.306212176465624,0.694238479039086
-0.12,0.29,-0.114145081907751,0.286476761239463,0.00585491809224903,-0.00352323876053709,0.00683324792691557,0.55029190552792,-0.177186120709576,-0.324776350348041,0.663099304928039
-0.12,0.305,-0.114395711707466,0.302208413524873,0.00560428829253387,-0.00279158647512737,0.00626107038084913,0.495108474282008,-0.173607665879156,-0.325394882123002,0.617379575450474
-0.12,0.32,-0.115137135162659,0.31804167112872,0.00486286483734091,-0.00195832887127995,0.00524237602565242,0.432652104642423,-0.164077826759768,-0.306477469484808,0.555013715966834
-0.12,0.335,-0.116411963505435,0.333967120993127,0.00358803649456504,-0.00103287900687271,0.00373374408994095,0.363644161803196,-0.146923823761773,-0.266916971785611,0.47441505259404
-0.12,0.35,-0.11825498165502,0.349974611093151,0.00174501834497967,-2.53889068489305e-05,0.00174520303142831,0.288841167776133,-0.120522124988867,-0.206082089926736,0.374733413468211
-0.1,0.05,-0.102548053607638,0.0499372495503639,-0.00254805360763788,-6.27504496361064e-05,0.00254882616243751,0.281026776816252,-0.12678570888862,0.27184080226111,0.411033832688185
-0.1,0.065,-0.104243789243293,0.0642126416188219,-0.00424378924329347,-0.000787358381178146,0.004316211343517,0.341119516557526,-0.143424731286643,0.322680678862667,0.490976041886153
-0.1,0.08,-0.105357462288779,0.078515658126186,-0.00535746228877901,-0.00148434187381405,0.00555928709224906,0.398385691066473,-0.151893531449105,0.351495236232956,0.552570422142149
-0.1,0.095,-0.105929002147876,0.0928566145567748,-0.00592900214787631,-0.00214338544322522,0.00630453548072748,0.452050643811351,-0.153938541332464,0.358949041835691,0.597406483940307
-0.1,0.11,-0.106006360203499,0.107246108659544,-0.00600636020349882,-0.00275389134045598,0.00660759263341898,0.501329145000036,-0.151344965395149,0.346216597397999,0.62777869128395
-0.1,0.125,-0.105645245174786,0.12169475700092,-0.00564524517478583,-0.00330524299908035,0.00654166831675318,0.545446192393223,-0.145866204913678,0.314991151636157,0.646538753452135
-0.1,0.14,-0.104908593563326,0.136212900563558,-0.00490859356332649,-0.00378709943644207,0.00619971071191471,0.583659602763801,-0.139148519653139,0.267472086627604,0.656937506495113
-0.1,0.155,-0.10386577190195,0.150810292229718,-0.00386577190195019,-0.00418970777028151,0.0057006879934149,0.615283292325958,-0.13265527402822,0.206329123604302,0.662380212055113
-0.1,0.17,-0.102591524086937,0.165495782012397,-0.00259152408693705,-0.00450421798760288,0.00519653507377947,0.639709954023915,-0.12759568009571,0.134643151942223,0.666065505348577
-0.1,0.185,-0.101164694431922,0.180277017833838,-0.00116469443192156,-0.00472298216616163,0.00486447054278571,0.656431754337911,-0.124863083161102,0.055825285211571,0.670533393437041
-0.1,0.2,-0.0996667735315189,0.19516018004172,0.000333226468481081,-0.00483981995827953,0.00485127788400719,0.665057714901357,-0.124987457365568,-0.0264824266913368,0.677222479712017
-0.1,0.215,-0.0981803277057766,0.210149766576363,0.00181967229422343,-0.00485023342363684,0.00518034473004725,0.665326622734221,-0.128105884248899,-0.108519551007795,0.686187112446588
-0.1,0.23,-0.0967873820848032,0.225248442657451,0.00321261791519684,-0.00475155734254898,0.00573569621306558,0.657114616367121,-0.133953447775382,-0.186526774962343,0.696090039299027
-0.1,0.245,-0.0955678311814196,0.240456964425808,0.00443216881858038,-0.0045430355741919,0.0063469120574315,0.640436993408686,-0.141875341556447,-0.256865368505982,0.704467333907312
-0.1,0.26,-0.0945979485176029,0.255774180523237,0.00540205148239709,-0.00422581947676329,0.00685855017249714,0.615444227822938,-0.150859244074637,-0.316129624990908,0.708148594948252
-0.1,0.275,-0.0939490588800772,0.271197109874399,0.00605094111992276,-0.00380289012560137,0.007146737839334,0.582412623622387,-0.159585392836323,-0.361245970347692,0.703688025458319
-0.1,0.29,-0.0936864240469336,0.286721088450294,0.00631357595306636,-0.00327891154970564,0.00711424642994118,0.541730408990506,-0.166490472952479,-0.389553679178543,0.687712629389737
-0.1,0.305,-0.0938683768420734,0.302339973358979,0.00613162315792665,-0.00266002664102109,0.00668375226065152,0.493880357095823,-0.169840574167324,-0.398863786611927,0.657161077942226
-0.1,0.32,-0.0945457210368039,0.318046389412,0.00545427896319611,-0.00195361058800002,0.00579359589011086,0.439420170989176,-0.167808127460034,-0.387494612031225,0.609430250543234
-0.1,0.335,-0.0957613976291888,0.333832001804663,0.0042386023708112,-0.00116799819533676,0.00439658615770875,0.378961901099684,-0.158547901763129,-0.354284106171312,0.542465653930154
-0.1,0.35,-0.0975504030156282,0.34968779854498,0.0024495969843718,-0.000312201455019812,0.00246941190050585,0.313151575071524,-0.140267740128201,-0.298580795176849,0.45485220203987
-0.08,0.05,-0.0831133393243516,0.0498393669955188,-0.00311333932435159,-0.000160633004481159,0.00311748050686491,0.260654426509145,-0.135849274761182,0.352053826085459,0.458627054428488
-0.08,0.065,-0.0847748277453887,0.0642654899492296,-0.00477482774538865,-0.000734510050770354,0.00483099213545374,0.310508742141945,-0.145837768197577,0.399885586753964,0.526872633746385
-0.08,0.08,-0.0858492337508647,0.0787073275733102,-0.00584923375086474,-0.00129267242668982,0.00599037039547467,0.358251689806242,-0.147728005209712,0.42458860500598,0.574844406900444
-0.08,0.095,-0.0863765662498904,0.0931739723258976,-0.00637656624989044,-0.00182602767410237,0.00663287073640287,0.403243275118937,-0.143415085662403,0.426814424033717,0.604439382067759
-0.08,0.11,-0.0864049613522685,0.107674855853847,-0.00640496135226845,-0.0023251441461532,0.00681394344153538,0.44482721970686,-0.134840966478918,0.407754440589069,0.618320900432777
-0.08,0.125,-0.0859904220848629,0.122219511646825,-0.00599042208486292,-0.00278048835317452,0.00660426167235615,0.482347888899425,-0.123918087756085,0.369151519562828,0.619912712895338
-0.08,0.14,-0.0851962885393229,0.13681730653754,-0.00519628853932289,-0.00318269346246017,0.00609351723226291,0.515169032433094,-0.112447352515283,0.313288682365427,0.613348946448283
-0.08,0.155,-0.0840924346669166,0.151477152789646,-0.00409243466691663,-0.00352284721035376,0.00539985869912151,0.542693440948656,-0.102035201878616,0.242952796573907,0.603288303552504
-0.08,0.17,-0.082754204834821,0.166207215511508,-0.00275420483482103,-0.00379278448849166,0.00468730823056202,0.564382437418939,-0.0940152028208538,0.161372895561385,0.594483621285022
-0.08,0.185,-0.0812611210634858,0.181014632123281,-0.00126112106348577,-0.00398536787671888,0.004180141558554,0.579774019579948,-0.0893797584490009,0.0721347245451604,0.59104413648475
-0.08,0.2,-0.0796954087716846,0.195905261120893,0.000304591228315437,-0.00409473887910694,0.00410605191204844,0.588498484430704,-0.0887271718901888,-0.0209248608346983,0.595519957434479
-0.08,0.215,-0.0781404029241191,0.210883476333955,0.00185959707588092,-0.00411652366604512,0.00451706413256823,0.590290493167689,-0.0922283270242699,-0.113838183671107,0.608203531882296
-0.08,0.23,-0.0766789060975513,0.225952020069166,0.00332109390244869,-0.00404797993083394,0.00523601052608914,0.584996782118914,-0.0996157722187073,-0.202634852674108,0.627064068098532
-0.08,0.245,-0.0753915738987209,0.241111924412607,0.0046084261012791,-0.0038880755873934,0.00602948778124933,0.572579054415291,-0.110196166279792,-0.283470057865789,0.648343834427446
-0.08,0.26,-0.0743554008879069,0.256362504851237,0.00564459911209311,-0.0036374951487626,0.00671512249281529,0.553111969374663,-0.122885095935504,-0.352745401135297,0.667433856547591
-0.08,0.275,-0.0736423720268969,0.271701424870736,0.00635762797310312,-0.00329857512926401,0.00716240401874834,0.526776526664073,-0.1362614461692,-0.407215343009171,0.679625221702896
-0.08,0.29,-0.0733183315625769,0.287124825093117,0.0066816684374231,-0.00287517490688288,0.00727401703688031,0.493849479408579,-0.14863702484972,-0.444073721737136,0.680578569962425
-0.08,0.305,-0.073442104957685,0.302627506111438,0.00655789504231497,-0.00237249388856187,0.00697385937894381,0.454689659694043,-0.158136173719077,-0.46101662282602,0.666551628448443
-0.08,0.32,-0.0740648916305738,0.318203151278475,0.00593510836942618,-0.00179684872152516,0.00620114317564748,0.409722252068664,-0.16277971961907,-0.456279903688097,0.634480122047094
-0.08,0.335,-0.0752299289230384,0.333844574120468,0.00477007107696165,-0.0011554258795316,0.00490801253486148,0.35942208101274,-0.160567816175863,-0.428651654943082,0.581989183289922
-0.08,0.35,-0.0769724123411648,0.349543975095301,0.00302758765883521,-0.000456024904699093,0.00306173900677982,0.304296916244817,-0.149556908295265,-0.377461596208451,0.507388235067595
-0.06,0.05,-0.063558446468636,0.0498451733158459,-0.00355844646863604,-0.000154826684154147,0.00356181310181689,0.212883548891587,-0.139564256300226,0.418578121998292,0.489904780017359
-0.06,0.065,-0.0651954353146779,0.0644266539190667,-0.00519543531467787,-0.000573346080933318,0.00522697559182396,0.250958365085636,-0.144014351420038,0.464174375330205,0.546973817740415
-0.06,0.08,-0.0662413132116501,0.079011808278995,-0.00624131321165008,-0.000988191721005033,0.00631905954105362,0.287688688639141,-0.140401041130614,0.485728149389349,0.581731876516091
-0.06,0.095,-0.066736117001902,0.0936084422970958,-0.00673611700190199,-0.00139155770290425,0.00687835046387033,0.32259432862907,-0.130742913624274,0.483875306961596,0.596069901537418
-0.06,0.11,-0.0667280927733654,0.108224755336096,-0.00672809277336542,-0.00177524466390358,0.00695835655767438,0.355173887102815,-0.117113247312689,0.459816224765055,0.592704054371988
-0.06,0.125,-0.066273440020844,0.122869130920881,-0.00627344002084401,-0.00213086907911891,0.00662545490720995,0.384916930301854,-0.101558851171275,0.415329994519995,0.575306030404992
-0.06,0.14,-0.0654357826731075,0.137549896384601,-0.00543578267310753,-0.00245010361539899,0.00596244421319372,0.411317885192531,-0.0860124408600635,0.352764464903554,0.548658008810853
-0.06,0.155,-0.0642853627382813,0.152275061988097,-0.00428536273828134,-0.0027249380119031,0.0050783482518792,0.433891026603926,-0.0722036181440445,0.274999767016828,0.518749935468697
-0.06,0.17,-0.0628979694820002,0.167052052988634,-0.00289796948200022,-0.00294794701136555,0.00413383825281345,0.452185752990481,-0.0615742962286241,0.185384775759128,0.492577261611249
-0.06,0.185,-0.0613536352308698,0.181887450121185,-0.00135363523086982,-0.00311254987881454,0.00339415601974341,0.465801241775591,-0.055204668449673,0.087648077590538,0.477181154190906
-0.06,0.2,-0.0597351461098274,0.196786754668002,0.000264853890172604,-0.00321324533199793,0.00322414223426109,0.474399554236148,-0.0537554451792464,-0.0142127902578833,0.477648311695947
-0.06,0.215,-0.0581264304805265,0.211754193375752,0.00187356951947347,-0.00324580662424806,0.00374773576794211,0.477716330563714,-0.0574310619260774,-0.116058050152951,0.494956779793301
-0.06,0.23,-0.0566108976581402,0.226792576065629,0.00338910234185976,-0.00320742393437073,0.00466621720222854,0.475568382019059,-0.0659669685967516,-0.213741021831259,0.525551222908955
-0.06,0.245,-0.0552698036054919,0.241903214948627,0.00473019639450814,-0.00309678505137251,0.00565374527061682,0.467857728584525,-0.0786421229374146,-0.303243904674777,0.563058482629449
-0.06,0.26,-0.0541807180146547,0.257085909921574,0.0058192819853453,-0.002914090078426,0.00650814595796262,0.454571916533105,-0.0943156767549601,-0.380805776366798,0.600456004521094
-0.06,0.275,-0.0534161588977464,0.27233899904147,0.0065838411022536,-0.00266100095853009,0.00710125973057048,0.435780751303776,-0.111484836824574,-0.443035354981924,0.631362092106121
-0.06,0.29,-0.0530424475813673,0.287659468450898,0.00695755241863272,-0.00234053154910249,0.00734068277412708,0.411629849064874,-0.128359253943944,-0.487002555403198,0.650454659217746
-0.06,0.305,-0.0531188202481676,0.303043112040336,0.00688117975183244,-0.00195688795966389,0.00715402301252284,0.382331624889275,-0.142946227695991,-0.510304841217775,0.65347284206471
-0.06,0.32,-0.0536968141239282,0.318484728208942,0.00630318587607176,-0.00151527179105837,0.00648276181801304,0.348154465611306,-0.153140597918927,-0.511106566900581,0.637100996378703
-0.06,0.335,-0.0548199286634325,0.333978339696499,0.0051800713365675,-0.00102166030350095,0.00527986068260119,0.309410885491005,-0.156813413492575,-0.48815164538894,0.598849594060018
-0.06,0.35,-0.0565235464566478,0.349517422385453,0.00347645354335221,-0.000482577614547036,0.00350978779887732,0.266445428762865,-0.151894220074956,-0.440751724845209,0.5369629539185
-0.04,0.05,-0.043880128143036,0.0499280253039255,-0.00388012814303595,-7.1974696074506e-05,0.00388079563533751,0.143693809430863,-0.14074060825673,0.469070050581092,0.51037659080058
-0.04,0.065,-0.0455024501965435,0.0646686346542401,-0.0055024501965435,-0.000331365345759893,0.0055124188119021,0.168741835227709,-0.141058679360318,0.513243374313848,0.558383906485199
-0.04,0.08,-0.0465306580706279,0.0794007949750714,-0.00653065807062789,-0.000599205024928634,0.00655808977503029,0.193246050824266,-0.133310320693409,0.532682768522522,0.5821250077384
-0.04,0.095,-0.0470047656294069,0.0941309729211461,-0.00700476562940688,-0.00086902707885389,0.00705846651806902,0.216906345237563,-0.119606078756551,0.528007488845911,0.583222789335087
-0.04,0.11,-0.0469730538666494,0.108866080073728,-0.0069730538666494,-0.00113391992627204,0.00706464823090229,0.239397376420846,-0.102118195847683,0.50041965167393,0.564058177100476
-0.04,0.125,-0.0464918194971256,0.123613293319026,-0.00649181949712561,-0.00138670668097388,0.00663827355585154,0.260375277371489,-0.082995950120331,0.451720620757901,0.527955589296187
-0.04,0.14,-0.0456248480011334,0.13837984455864,-0.00562484800113339,-0.00162015544136004,0.00585353044666403,0.279485892937819,-0.0642738438241999,0.384302334569803,0.479513417725078
-0.04,0.155,-0.0444426064450086,0.153172788973048,-0.00444260644500857,-0.00182721102695185,0.00480369151405939,0.296374219463079,-0.0477779415652358,0.301110981840475,0.425192971178265
-0.04,0.17,-0.0430211687852225,0.167998763893884,-0.0030211687852225,-0.00200123610611619,0.00362386627529575,0.310694584954525,-0.0350365190237839,0.20558232007347,0.374196834323953
-0.04,0.185,-0.0414409047707335,0.182863752406532,-0.00144090477073352,-0.00213624759346845,0.00257677324165755,0.322121000165525,-0.0272014932208842,0.101550159560193,0.338843075064407
-0.04,0.2,-0.039784981034617,0.197772866539196,0.000215018965383023,-0.00222713346080436,0.00223748890672307,0.330357058840574,-0.0249867482084287,-0.00686813261076932,0.331372300049261
-0.04,0.215,-0.0381377376515344,0.212730164316406,0.00186226234846555,-0.00226983568359376,0.00293601346812783,0.33514476839082,-0.0286284136692895,-0.115403112337632,0.355611988185033
-0.04,0.23,-0.0365830134996774,0.227738512780934,0.00341698650032263,-0.00226148721906605,0.00409757503718799,0.336271764702868,-0.0378704792363145,-0.219774058686566,0.40350239493219
-0.04,0.245,-0.0352024979495131,0.242799505688782,0.00479750205048689,-0.00220049431121844,0.00527808688239693,0.333576492730607,-0.0519770192398393,-0.315830495643191,0.462303956875431
-0.04,0.26,-0.0340741842073701,0.257913440281261,0.00592581579262987,-0.00208655971873947,0.00628243776475722,0.326951106166094,-0.0697700262947228,-0.399685757674821,0.521071452545135
-0.04,0.275,-0.0332709912779518,0.273079352801747,0.00672900872204821,-0.00192064719825324,0.00699774563995855,0.316342030002182,-0.0896897032830413,-0.467834726972657,0.571829142972537
-0.04,0.29,-0.0328596081211124,0.288295107952057,0.00714039187888763,-0.00170489204794247,0.00734110707449645,0.301748314659498,-0.109872314940276,-0.517249428855317,0.608830379076389
-0.04,0.305,-0.0328995966872254,0.303557533681884,0.00710040331277464,-0.00144246631811554,0.00724544244908197,0.283218071545808,-0.12823955182987,-0.545448253098016,0.627834054222145
-0.04,0.32,-0.0334427721655274,0.318862590030897,0.00655722783447257,-0.0011374099691035,0.00665514374833466,0.260843388520153,-0.142592908079294,-0.550536896596787,0.625673057907186
-0.04,0.335,-0.0345328608851966,0.33420555935731,0.0054671391148034,-0.000794440642690269,0.00552455844709524,0.234754189928893,-0.150706804409888,-0.531221384832278,0.600017933513436
-0.04,0.35,-0.0362054203984058,0.349581245212097,0.00379457960159424,-0.000418754787903153,0.00381761573828835,0.205111511284918,-0.150414989033514,-0.486795487832052,0.549242713245298
-0.02,0.05,-0.0240756172248011,0.0500604857779433,-0.0040756172248011,6.04857779432644e-05,0.00407606603141176,0.0601260116233274,-0.141492748433707,0.501653893677277,0.524684560473275
-0.02,0.065,-0.025693136056726,0.0649630822797597,-0.00569313605672597,-3.69177202403093e-05,0.00569325575382497,0.0712761944032207,-0.1393165637901,0.545239552283437,0.567254967869215
-0.02,0.08,-0.0267145878227919,0.0798450748425612,-0.00671458782279186,-0.000154925157438784,0.00671637487297963,0.0826981087352813,-0.129034218538388,0.56364746015199,0.58411490404705
-0.02,0.095,-0.0271799134979783,0.0947115500229569,-0.00717991349797828,-0.000288449977043054,0.0071857053396105,0.0942854989529527,-0.112811765487652,0.557480957028826,0.576544943619585
-0.02,0.11,-0.0271373542184757,0.109568087885481,-0.00713735421847569,-0.000431912114518984,0.007150410709509,0.105903738064599,-0.0928825986840997,0.527937470609145,0.546409200635273
-0.02,0.125,-0.0266432042141148,0.124420613349365,-0.00664320421411477,-0.000579386650635089,0.00666842193636293,0.117390603158398,-0.0714607865589831,0.476826527321554,0.496238122497258
-0.02,0.14,-0.0257612869467445,0.139275217510051,-0.00576128694674455,-0.000724782489949116,0.00580669759333702,0.128558294938274,-0.0506467524556396,0.40656218171814,0.429401908904806
-0.02,0.155,-0.0245621494273704,0.154137956764021,-0.00456214942737039,-0.000862043235979132,0.00464287905704568,0.139196713508872,-0.0323307324184947,0.320127107497032,0.350574884588509
-0.02,0.17,-0.0231219871944298,0.169014640324665,-0.00312198719442977,-0.00098535967533539,0.00327379561548374,0.149077903477064,-0.018100356582149,0.221007516962356,0.267200853601377
-0.02,0.185,-0.0215213309527888,0.183910618687665,-0.00152133095278884,-0.00108938131233488,0.00187114924887831,0.157961490314886,-0.00915905725069127,0.113100376976362,0.194492807958846
-0.02,0.2,-0.0198435435100253,0.198830586560301,0.000156456489974742,-0.00116941343969917,0.00117983321965618,0.165600839725506,-0.00626166877476073,0.000596796757335492,0.165720312348974
-0.02,0.215,-0.018173190499027,0.21377841332319,0.00182680950097297,-0.00122158667681044,0.0021976139246478,0.171749613068956,-0.00967251884603537,-0.112152296777825,0.205352550566259
-0.02,0.23,-0.0165943585513498,0.228757012351602,0.00340564144865019,-0.00124298764839789,0.00362538438939017,0.176168351300672,-0.019149592651588,-0.22078034270505,0.283100896644651
-0.02,0.245,-0.0151889989313071,0.243768257506784,0.00481100106869289,-0.00123174249321648,0.00496617769039322,0.178630728489698,-0.0339561736384371,-0.321050327800542,0.368965773920738
-0.02,0.26,-0.0140353724442482,0.258812951265392,0.00596462755575185,-0.00118704873460754,0.00608160065913306,0.1789291470334,-0.052898999846058,-0.408992006618351,0.449543593034211
-0.02,0.275,-0.0132066631593697,0.273890844700367,0.00679333684063028,-0.0011091552996326,0.00688328779791807,0.176879414442967,-0.0743897336699314,-0.481023005425738,0.517885235841717
-0.02,0.29,-0.012769814943843,0.289000705453489,0.007230185056157,-0.000999294546510626,0.00729891536715982,0.172324328079482,-0.0965247117491281,-0.534047255081929,0.569404806023213
-0.02,0.305,-0.0127846279314403,0.304140426316706,0.00721537206855966,-0.000859573683293563,0.00726639257161087,0.165136083257695,-0.117176732535294,-0.565526350624192,0.600686000185005
-0.02,0.32,-0.0133031335124603,0.319307164603044,0.0066968664875397,-0.000692835396956221,0.00673261031392786,0.155217512750616,-0.134092155010962,-0.573521836544474,0.609100954968438
-0.02,0.335,-0.0143692484269901,0.334497501138365,0.00563075157300991,-0.000502498861634948,0.00565312907891709,0.14250223950588,-0.144986810127631,-0.556708767220205,0.592668412232557
-0.02,0.35,-0.0160186925116561,0.349707607598581,0.00398130748834388,-0.000292392401419206,0.0039920298888098,0.126953881115963,-0.147635051840595,-0.514362920709901,0.549986302823034
0,0.05,-0.00414266352664888,0.0502145745398348,-0.00414266352664888,0.000214574539834839,0.00414821688538248,-0.0300495004996166,-0.143057124098341,0.51503629190931,0.535380967895359
0,0.065,-0.0057652190024218,0.065281060849166,-0.0057652190024218,0.000281060849166015,0.00577206595135739,-0.033231864062641,-0.140171609478097,0.558875493133052,0.57714562308348
0,0.08,-0.00679082044469581,0.0803148059113026,-0.00679082044469581,0.000314805911302646,0.00679811334664918,-0.0353312384640051,-0.12910619382874,0.577356912904732,0.592672626872645
0,0.095,-0.00725928732172851,0.0953194879234163,-0.00725928732172851,0.000319487923416267,0.00726631439951624,-0.0362539189799266,-0.112042992699672,0.571069958022655,0.583088166696641
0,0.11,-0.00721874708400888,0.110299324303694,-0.00721874708400888,0.000299324303693727,0.00722495013835171,-0.0359369599396103,-0.0912353355904054,0.541201746717375,0.550015459165803
0,0.125,-0.00672539226737054,0.125258954908054,-0.00672539226737054,0.000258954908054082,0.00673037582861557,-0.0343535078533562,-0.0689207037342806,0.489556063100567,0.495577337028073
0,0.14,-0.00584296073684935,0.140203296101229,-0.00584296073684935,0.000203296101229045,0.00584649634201015,-0.0315172358648067,-0.0472257436846974,0.418546615486477,0.422380970592622
0,0.155,-0.00464193378793278,0.155137372072248,-0.00464193378793278,0.000137372072248093,0.00464396601815578,-0.0274855221309585,-0.0280687982128533,0.331161753353939,0.333484230819837
0,0.17,-0.00319846434632992,0.170066132385346,-0.00319846434632992,6.61323853458629e-05,0.00319914795955661,-0.0223610613054322,-0.0130663429948507,0.230899733329691,0.232347815168887
0,0.185,-0.0015930660025895,0.184994266748998,-0.0015930660025895,-5.73325100175492e-06,0.00159307631919301,-0.0162916814390586,-0.00345010190178181,0.12167593472803,0.122810264044201
0,0.2,9.08886421363881e-05,0.199926028976029,9.08886421363881e-05,-7.39710239707481e-05,0.000117185569319253,-0.00946824633070519,-1.30051543183744e-06,0.00770586797015355,0.0122077062315415
0,0.215,0.0017687969797836,0.214865081962915,0.0017687969797836,-0.000134918037084569,0.00177393506995672,-0.00212066140324248,-0.00300746501980437,-0.106629910912727,0.106693407676421
0,0.23,0.00335650910539528,0.22981437410186,0.00335650910539528,-0.000185625898139724,0.00336163804545665,0.00548786067628819,-0.0122454569125466,-0.216931085233503,0.21734585392297
0,0.245,0.00477198618407854,0.244776054980434,0.00477198618407854,-0.000223945019565575,0.00477723806323535,0.0130679877092583,-0.0269922424947505,-0.318924125636571,0.320331420021228
0,0.26,0.00593685852011451,0.259751434903119,0.00593685852011451,-0.000248565096880621,0.00594205971824952,0.0203125117945235,-0.0460625055661552,-0.408601036839346,0.411691497464271
0,0.275,0.00677781560485552,0.274740988987416,0.00677781560485552,-0.000259011012584326,0.00678276279093283,0.0269051896732696,-0.0678699359711108,-0.482342029867223,0.487837564086204
0,0.29,0.00722777386171314,0.289744402938978,0.00722777386171314,-0.000255597061022156,0.00723229181198234,0.0325296873199803,-0.0905071576072046,-0.537015445258496,0.545561695289107
0,0.305,0.00722678472421992,0.304760654466591,0.00722678472421992,-0.000239345533408652,0.00723074710763563,0.0368781633432711,-0.111838015191566,-0.570050418811411,0.582089456044311
0,0.32,0.00672266418494419,0.319788122034162,0.00672266418494419,-0.000211877965837548,0.00672600223133614,0.0396590812349508,-0.12959542769289,-0.579480210590014,0.595120421598033
0,0.335,0.00567134299402483,0.334824711387475,0.00567134299402483,-0.000175288612524666,0.00567405123818558,0.0406039297917696,-0.141478227393816,-0.563956497630047,0.582850434251634
0,0.35,0.00403695276164937,0.34986799014459,0.00403695276164937,-0.000132009855409815,0.00403911057062242,0.0394726361148717,-0.145241224175502,-0.522736995335454,0.543975450951802
0.02,0.05,0.0159204344913445,0.0503620318967744,-0.00407956550865554,0.000362031896774417,0.00409559786034884,-0.118733147019311,-0.145683042579085,0.50858386983016,0.542200014399078
0.02,0.065,0.0142830798913524,0.065593327127223,-0.00571692010864763,0.000593327127222959,0.00574762669356303,-0.136215898065412,-0.143922115999648,0.55350805250104,0.58791372090114
0.02,0.08,0.0132424945708266,0.0807798106181027,-0.00675750542917344,0.0007798106181027,0.00680235137473905,-0.151827252661855,-0.13387730579021,0.573163964753841,0.607861039903876
0.02,0.095,0.0127590276252851,0.0959237370335422,-0.00724097237471494,0.000923737033542177,0.00729965554245693,-0.1652756490569,-0.117706596874843,0.568129864008793,0.60327919561803
0.02,0.11,0.0127847375883417,0.111027943179201,-0.00721526241165835,0.00102794317920107,0.0072881190199362,-0.176302134006389,-0.0976410539302275,0.539577617357289,0.575988729952293
0.02,0.125,0.0132636314004417,0.126095763601715,-0.00673636859955834,0.00109576360171545,0.00682490730925776,-0.184691674872654,-0.0758989915658692,0.489291860812273,0.528469655409548
0.02,0.14,0.0141321791102067,0.141130918108677,-0.00586782088979332,0.00113091810867702,0.00597580938143349,-0.190283940583825,-0.0545921972688461,0.419663756156738,0.46401199450226
0.02,0.155,0.0153201097544133,0.156137376148431,-0.00467989024558671,0.00113737614843137,0.00481611848003745,-0.192982859855236,-0.0356295451646586,0.333656500983379,0.38709053110084
0.02,0.17,0.0167514764684654,0.171119205391574,-0.00324852353153458,0.00111920539157431,0.00343591703093408,-0.192764260957336,-0.0206242830791162,0.234741653705497,0.304445862870588
0.02,0.185,0.0183459604177724,0.186080413818813,-0.00165403958222762,0.00108041381881316,0.0019756368490839,-0.189680961453809,-0.0108116698399554,0.126807608662274,0.228420660324681
0.02,0.2,0.0200203655268172,0.20102479571869,2.03655268172284e-05,0.00102479571869041,0.00102499805840242,-0.183864807778519,-0.00698335151290324,0.0140439747082835,0.18453264588793
0.02,0.215,0.0216902410885414,0.215955792050368,0.00169024108854139,0.000955792050368026,0.00194176553191684,-0.175525365467862,-0.00944384907004274,-0.0991921469236106,0.201835240596288
0.02,0.23,0.0232715590507253,0.230876374627592,0.00327155905072532,0.000876374627591575,0.00338690583132585,-0.164945199597544,-0.0179928575945843,-0.208520205152831,0.266479766132944
0.02,0.245,0.0246823682978999,0.245788961473531,0.00468236829789989,0.000788961473530719,0.00474837162445124,-0.152471949000374,-0.0319349103141624,-0.309681740742911,0.346656430575233
0.02,0.26,0.0258443502073827,0.260695367888106,0.00584435020738275,0.000695367888105897,0.00588557268635293,-0.138507638661009,-0.0501156086942814,-0.398678444062008,0.425019141097986
0.02,0.275,0.0266842078993937,0.275596794541189,0.00668420789939371,0.000596794541188994,0.00671079719308446,-0.12349588414415,-0.0709813708240896,-0.471894509890148,0.492925466486736
0.02,0.29,0.0271348348869031,0.290493850688645,0.00713483488690311,0.000493850688645214,0.00715190585550768,-0.107907771756669,-0.0926577910196656,-0.526196620718785,0.5450822671749
0.02,0.305,0.0271362256015677,0.305386607847615,0.00713622560156774,0.000386607847615156,0.00714669024544288,-0.0922272566487957,-0.113040453538673,-0.559007022948831,0.577733234913586
0.02,0.32,0.0266361086857564,0.320274677217645,0.00663610868575637,0.000274677217645097,0.0066417908776974,-0.0769368953082195,-0.129891510994085,-0.56834755303578,0.588058727680521
0.02,0.335,0.0255903019099633,0.33515730296248,0.00559030190996326,0.000157302962479927,0.00559251461031117,-0.0625046312700569,-0.140935519004648,-0.552854831346777,0.573951974203207
0.02,0.35,0.0239628035923628,0.350033463259854,0.00396280359236281,3.346325985365e-05,0.0039629448774117,-0.0493722077131244,-0.143948804676242,-0.51176889598425,0.533917914124161
0.04,0.05,0.0361148043003983,0.050474588950838,-0.00388519569960172,0.00047458895083799,0.00391407464114587,-0.197928089193608,-0.148611453615894,0.482355364710046,0.542152915335879
0.04,0.065,0.0344530174450744,0.0658706169617214,-0.00554698255492558,0.000870616961721443,0.00561488996852884,-0.229215042916425,-0.14975555189235,0.529171712173727,0.595812186140626
0.04,0.08,0.0333867474368596,0.0812098778102287,-0.00661325256314041,0.00120987781022874,0.00672301374233067,-0.257882396641764,-0.142485977673746,0.551073809685275,0.624893429960408
0.04,0.095,0.0328765572092238,0.0964932007524961,-0.0071234427907762,0.00149320075249607,0.00727826117151042,-0.283450873823193,-0.12889795193877,0.548631774359293,0.630840648619048
0.04,0.11,0.03287476150591,0.111722037450827,-0.00712523849409,0.00172203745082739,0.00733037765600886,-0.305475365596282,-0.111159607013469,0.522997752894046,0.61579376167631
0.04,0.125,0.0333256622010187,0.126898410054701,-0.0066743377989813,0.00189841005470065,0.0069390738424302,-0.323561797176672,-0.0914289302190143,0.475924555314905,0.582716564962647
0.04,0.14,0.0341660570688604,0.142024832439035,-0.00583394293113956,0.00202483243903517,0.0061753410051561,-0.337383812482209,-0.0717629806529478,0.409759569592627,0.535614372842411
0.04,0.155,0.0353260275139672,0.157104208053307,-0.00467397248603282,0.00210420805330727,0.00512578875216244,-0.346698284553152,-0.0540245065224023,0.327411197213093,0.479914353236638
0.04,0.17,0.0367299936069484,0.17213971007055,-0.00327000639305157,0.00213971007054983,0.00390785119939469,-0.351358605081545,-0.0397920013515406,0.232286893835813,0.423077164456091
0.04,0.185,0.0382980064820022,0.18713465142392,-0.0017019935179978,0.00213465142391975,0.00273011330111941,-0.351324751237733,-0.0302796233383893,0.128204092548667,0.375210246244386
0.04,0.2,0.0399472307162018,0.20209235348311,-5.27692837982224e-05,0.00209235348311024,0.00209301879962797,-0.346669280639513,-0.0262731373617513,0.0192776136202577,0.34819802902678
0.04,0.215,0.0415935545430898,0.217016022450695,0.00159355454308985,0.00201602245069502,0.00256977870710858,-0.337578658387717,-0.0280870801548862,-0.0902106558123771,0.350551822744248
0.04,0.23,0.0431532555047728,0.231908641873565,0.00315325550477279,0.00190864187356471,0.00368591021050493,-0.324349648439238,-0.0355467591741669,-0.195952305490123,0.380610174945975
0.04,0.245,0.0445446446002399,0.246772888088371,0.0045446446002399,0.00177288808837134,0.00487820937602914,-0.30738088048996,-0.0479966482780264,-0.293754631775283,0.427877691019355
0.04,0.26,0.0456896138831938,0.261611073133071,0.00568961388319383,0.00161107313307077,0.0059133123357332,-0.287160072105933,-0.0643344905282235,-0.37967584115168,0.480369576178997
0.04,0.275,0.0465150203610435,0.276425116964118,0.00651502036104354,0.00142511696411846,0.00666906655134211,-0.264247715600113,-0.0830682542159932,-0.450145222253324,0.528545071161823
0.04,0.29,0.0469538521206423,0.291216548087671,0.00695385212064228,0.00121654808767074,0.00705946517559061,-0.239258274244893,-0.10239128656705,-0.50206175761396,0.565506058251258
0.04,0.305,0.0469461391544238,0.305986529335428,0.00694613915442382,0.000986529335427672,0.00701584558569237,-0.212840064406321,-0.12026978262759,-0.532866685841252,0.586272647722421
0.04,0.32,0.0464395895294635,0.320735903693332,0.00643958952946352,0.000735903693332374,0.00648150195200437,-0.185655010577583,-0.134536143264926,-0.540587833244429,0.587201822431277
0.04,0.335,0.0453899493542593,0.335465254014453,0.00538994935425932,0.00046525401445266,0.00540999217554377,-0.158359359791256,-0.142981935821802,-0.523855819403104,0.565640379476024
0.04,0.35,0.0437611008932663,0.350174970178955,0.00376110089326626,0.000174970178954958,0.0037651685875737,-0.131586264287295,-0.143444896842933,-0.481894246703045,0.519726178396755
0.06,0.05,0.0564409809106901,0.0505242385851914,-0.00355901908930986,0.000524238585191433,0.00359742171176462,-0.260161866270386,-0.15014456972575,0.437085084411137,0.530351739689993
0.06,0.065,0.0547453074095746,0.0660839326645808,-0.00525469259042538,0.00108393266458076,0.00536532424381011,-0.304328521319887,-0.155824125521657,0.486563252228953,0.594679729028254
0.06,0.08,0.0536428444041627,0.0815750660921372,-0.00635715559583733,0.0015750660921372,0.00654937099760627,-0.345183206479843,-0.152939244767463,0.511730408700627,0.635935548226715
0.06,0.095,0.0530944119753073,0.0969970540733219,-0.00690558802469271,0.0019970540733219,0.00718855833519844,-0.382076262370556,-0.143487435432955,0.513151198221381,0.655667414219876
0.06,0.11,0.0530526487254432,0.112349971991882,-0.00694735127455684,0.00234997199188186,0.00733403423053886,-0.414393694106979,-0.129537087269547,0.491953825482424,0.656144238870219
0.06,0.125,0.0534622437635932,0.127634535688815,-0.00653775623640683,0.00263453568881489,0.00704861936142928,-0.441578912000436,-0.113148551553477,0.449847506734178,0.640438584163864
0.06,0.14,0.0542604387307565,0.142852056227984,-0.00573956126924349,0.00285205622798396,0.00640911759066582,-0.463154590207629,-0.0962879289998461,0.389116230784542,0.612534533119298
0.06,0.155,0.055377805368474,0.158004371164511,-0.00462219463152604,0.0030043711645111,0.00551279686782072,-0.478743394939624,-0.0807383915812728,0.312586233220555,0.577431295806948
0.06,0.17,0.056739287245944,0.173093756347111,-0.00326071275405598,0.0030937563471109,0.00449483881799473,-0.488086238404103,-0.0680147134670377,0.223566338717694,0.541145324308464
0.06,0.185,0.05826547629623,0.188122824101769,-0.00173452370377001,0.00312282410176939,0.00357219860163623,-0.491056749847311,-0.0592870469873026,0.1257623868935,0.510362210276201
0.06,0.2,0.0598740776295027,0.20309441490526,-0.000125922370497266,0.00309441490526025,0.00309697595232647,-0.4876708136923,-0.0553197376935893,0.0231691641750698,0.491346502587796
0.06,0.215,0.061481501553767,0.218011490193126,0.00148150155376696,0.00301149019312599,0.00335617640136927,-0.478090323230633,-0.0564300847359138,-0.0800546861206469,0.488021417854061
0.06,0.23,0.0630045115323786,0.232877033627406,0.00300451153237861,0.0028770336274061,0.00415985721406656,-0.462620703603062,-0.0624704793160645,-0.179721668432299,0.500221894415652
0.06,0.245,0.0643618523494564,0.24769396707461,0.00436185234945642,0.00269396707461028,0.00512671576328772,-0.441702219619763,-0.0728354494077744,-0.271752257168159,0.523695572011252
0.06,0.26,0.0654757843938074,0.262465085776242,0.00547578439380743,0.0024650857762423,0.00600506974245071,-0.41589556641356,-0.0864930383571282,-0.352305257172099,0.551879984107993
0.06,0.275,0.0662734577062568,0.277193015053188,0.00627345770625684,0.00219301505318781,0.00664571942047674,-0.385862665872519,-0.102037915279564,-0.417894059432465,0.577875426694983
0.06,0.29,0.0666880721777445,0.291880188675797,0.00668807217774448,0.00188018867579731,0.00694733178359262,-0.352343923227258,-0.117761914218237,-0.465482522994252,0.595559637177731
0.06,0.305,0.0666597864816444,0.306528846989164,0.00665978648164439,0.00152884698916428,0.00683301756893469,-0.316133390405125,-0.131736522022352,-0.492556114455706,0.599924700155417
0.06,0.32,0.0661363561615118,0.32114105133732,0.00613635616151179,0.00114105133731998,0.00624154348661638,-0.278053333631479,-0.141901291258184,-0.497166114174261,0.587049225166172
0.06,0.335,0.0650734988698012,0.335718710348273,0.00507349886980121,0.000718710348273172,0.00512415215880531,-0.238929607610544,-0.146152246397009,-0.477946861714919,0.553970603742249
0.06,0.35,0.0634350004109523,0.350263613298917,0.00343500041095235,0.000263613298917026,0.00344510083954138,-0.199569036573799,-0.142424996421233,-0.434107930521628,0.498561875475258
0.08,0.05,0.076898896059854,0.0504835010477098,-0.00310110394014596,0.000483501047709778,0.00313856956442345,-0.298857366013897,-0.14779682460685,0.374120557933073,0.501126151121982
0.08,0.065,0.0751601063356345,0.0662048247615479,-0.00483989366436555,0.00120482476154793,0.00498760196772004,-0.354614897220056,-0.159410920850817,0.426980536012301,0.577476205685807
0.08,0.08,0.0740111899614438,0.0818460013614848,-0.00598881003855617,0.00184600136148483,0.00626686258860963,-0.406437413313989,-0.162293938547437,0.45635774742939,0.632295140342398
0.08,0.095,0.0734132653730031,0.0974050562268663,-0.00658673462699685,0.00240505622686632,0.0070120873141218,-0.453527986621967,-0.158316127625492,0.46281321944696,0.66704777395611
0.08,0.11,0.0733193596610455,0.112880710403785,-0.00668064033895446,0.00288071040378535,0.0072752627285166,-0.495126951743754,-0.149415063456524,0.447447057463757,0.683878630496972
0.08,0.125,0.0736746375550835,0.128272392381839,-0.00632536244491654,0.00327239238183891,0.00712171060632751,-0.530537651558877,-0.137521975535672,0.411914175949077,0.685610232392516
0.08,0.14,0.074416895959325,0.143580225792094,-0.00558310404067501,0.00358022579209433,0.00663242545765718,-0.559152522963393,-0.124481388805439,0.358417661608828,0.675733433313137
0.08,0.155,0.0754773294838061,0.158804993577529,-0.00452267051619393,0.00380499357752906,0.00591037433020001,-0.580478079332491,-0.111968530241722,0.289677395420341,0.658338449522856
0.08,0.17,0.0767815558156737,0.173948081088737,-0.00321844418432632,0.00394808108873668,0.00509369485254703,-0.594157219488276,-0.101409720303144,0.208873188584875,0.637917663524493
0.08,0.185,0.0782508723132138,0.189011402206483,-0.00174912768678616,0.00401140220648344,0.00437616216871154,-0.599987314302457,-0.0939112928152106,0.119563601731246,0.618953381738543
0.08,0.2,0.0798036983165053,0.203997313986048,-0.000196301683494726,0.00399731398604797,0.00400213111404381,-0.597932698108399,-0.0902023651885639,0.0255836412646667,0.605242023652462
0.08,0.215,0.0813571434321655,0.218908525996234,0.00135714343216549,0.0039085259962337,0.00413744048400755,-0.588130511336422,-0.0905959758522848,-0.0690735698701166,0.599065569592305
0.08,0.23,0.082828632065721,0.233748010647747,0.00282863206572097,0.00374801064774655,0.00469560892524563,-0.570889299476815,-0.0949717707617673,-0.16038454162973,0.600550358118482
0.08,0.245,0.0841375099482801,0.2485189201169,0.0041375099482801,0.00351892011690036,0.0054315547830472,-0.546680306796606,-0.10278169409389,-0.244425057748597,0.607594028060712
0.08,0.26,0.0852065599515538,0.263224514306163,0.00520655995155382,0.00322451430616338,0.00612419456253444,-0.516121952945724,-0.113078226467899,-0.317493988285613,0.616420841040813
0.08,0.275,0.0859633619188665,0.277868102647961,0.00596336191886646,0.002868102647961,0.00661722737818699,-0.479958491037863,-0.124562860021372,-0.376224121115668,0.622434300715041
0.08,0.29,0.086341443567849,0.292453000842966,0.00634144356784899,0.00245300084296585,0.00679934700245579,-0.439034241362262,-0.135650930773957,-0.417674097594882,0.620973160807788
0.08,0.305,0.0862811853017951,0.306982501989232,0.00628118530179506,0.00198250198923206,0.00658662302950422,-0.394265045445287,-0.144547827695318,-0.43939728010459,0.607793085225529
0.08,0.32,0.0857304591879956,0.321459860236684,0.00573045918799564,0.0014598602366836,0.00591348919132635,-0.346608669924092,-0.149331064004355,-0.43948537684421,0.579299224928582
0.08,0.335,0.0846449995429126,0.335888284230864,0.00464499954291264,0.000888284230864456,0.00472917219272687,-0.297035807612415,-0.14803273950843,-0.416586658754927,0.532625994663376
0.08,0.35,0.0829885179667244,0.350270937217148,0.00298851796672442,0.00027093721714827,0.00300077433557919,-0.246503111650526,-0.138717474804724,-0.369900402087741,0.46565418804583
0.1,0.05,0.0974878753597531,0.0503256782292768,-0.00251212464024689,0.00032567822927676,0.00253314755139933,-0.308620741278483,-0.138507213805191,0.295322633088101,0.449051778779917
0.1,0.065,0.0956970067644126,0.0662056617138212,-0.00430299323558736,0.00120566171382119,0.00446871021142397,-0.374400492211779,-0.157164201086763,0.352223729260909,0.537531384573717
0.1,0.08,0.0944916755326402,0.0819941616116553,-0.0055083244673598,0.00199416161165533,0.00585818393114405,-0.435702507825093,-0.16691292908009,0.38666413627896,0.605977869597515
0.1,0.095,0.093833337453329,0.0976878499544332,-0.00616666254667098,0.00268784995443316,0.00672698032865125,-0.491609719311414,-0.169473415922731,0.399202000609829,0.655567144301031
0.1,0.11,0.0936754693437734,0.113284127837998,-0.00632453065622665,0.00328412783799781,0.00712637240662196,-0.541244094383712,-0.166628355685732,0.390905130854546,0.688129850970572
0.1,0.125,0.0939637953524643,0.12878116765836,-0.00603620464753571,0.0037811676583599,0.00712270983597946,-0.583795400948654,-0.160155516497665,0.36336462839055,0.706050296451317
0.1,0.14,0.0946367733498222,0.144177932704426,-0.0053632266501778,0.00417793270442646,0.00679847937291079,-0.618550450698393,-0.151754169363079,0.318687692254782,0.712181411919994
0.1,0.155,0.0956263466608982,0.159474173320222,-0.00437365333910179,0.00447417332022176,0.00625676197645559,-0.644921238108991,-0.142969578673186,0.259467499166328,0.709713693810107
0.1,0.17,0.0968589503019139,0.174670400482003,-0.00314104969808608,0.00467040048200329,0.00562839531910679,-0.662470258119902,-0.135120256803883,0.188729534892608,0.701961058375251
0.1,0.185,0.098256743821262,0.189767839278027,-0.00174325617873806,0.00476783927802726,0.00507653754894101,-0.670931299748502,-0.129232965083362,0.109855492559646,0.692043365640907
0.1,0.2,0.0997390264995729,0.204768366139148,-0.000260973500427066,0.00476836613914838,0.00477550236152198,-0.670224187342512,-0.125990240242334,0.0264876920687878,0.682481579986697
0.1,0.215,0.101223776759682,0.219674434616113,0.00122377675968171,0.00467443461611317,0.0048319735655169,-0.660462284359999,-0.12569450937339,-0.0575813147771999,0.674781749498885
0.1,0.23,0.102629247856232,0.234488994903586,0.00262924785623176,0.00448899490358606,0.00520230905790121,-0.641952057512121,-0.128251673451218,-0.138527919163069,0.669138258736115
0.1,0.245,0.103875547450482,0.249215412123764,0.00387554745048234,0.00421541212376375,0.00572621754861921,-0.615184572613439,-0.13317550962982,-0.212618535216915,0.664378929560864
0.1,0.26,0.104886130064464,0.263857387702705,0.00488613006446359,0.00385738770270455,0.00622524753691219,-0.580819388797926,-0.139612544568895,-0.27632552063316,0.658181876214102
0.1,0.275,0.105589138492384,0.278418887079909,0.00558913849238393,0.00341888707990901,0.00655188964743886,-0.539661877394955,-0.14638539683832,-0.32643136404866,0.647476272239893
0.1,0.29,0.105918542131572,0.292904075772159,0.00591854213157211,0.00290407577215901,0.00659263202777427,-0.492635433414798,-0.152051173669757,-0.360115660031247,0.628885115802464
0.1,0.305,0.105815035455924,0.307317264526603,0.00581503545592424,0.00231726452660291,0.00625974058886694,-0.440750342126939,-0.154970500076118,-0.375020949739906,0.599099910599947
0.1,0.32,0.105226676755076,0.321662863252779,0.00522667675507629,0.00166286325277853,0.00548482124590183,-0.385071176569384,-0.153382245664445,-0.369295303692258,0.555146247996088
0.1,0.335,0.104109263985734,0.335945342646759,0.00410926398573364,0.000945342646758829,0.00421660090881607,-0.326684538982752,-0.145479012526388,-0.341611350191317,0.494557139527191
0.1,0.35,0.102426459662412,0.350169201982317,0.00242645966241234,0.000169201982317402,0.00243235190795541,-0.266668752599526,-0.129478901259342,-0.291163103773644,0.415516208089226
0.12,0.05,0.118206643561244,0.0500250911880339,-0.00179335643875622,2.50911880338989e-05,0.00179353195793812,-0.285426247834419,-0.118886503861618,0.202940045778592,0.369847645525605
0.12,0.065,0.116355038038017,0.0660598816766146,-0.00364496196198272,0.00105988167661458,0.00379593162118659,-0.359475192288979,-0.145370085650865,0.264471121262789,0.469362420354338
0.12,0.08,0.115083675119629,0.0819921426078339,-0.0049163248803708,0.00199214260783392,0.00530460955201232,-0.428592231052765,-0.162763282383664,0.304721610838997,0.550491396748855
0.12,0.095,0.114354384668493,0.0978172405278284,-0.00564561533150743,0.00281724052782839,0.00630950209311246,-0.491769382829432,-0.17262003018971,0.324246277233118,0.613819234456105
0.12,0.11,0.114121150764074,0.11353130255792,-0.00587884923592599,0.00353130255792033,0.00685791266307193,-0.548039633737506,-0.176551663426293,0.324076393275726,0.660718000626641
0.12,0.125,0.114330335623707,0.129131287694181,-0.00566966437629302,0.00413128769418092,0.00701517156966932,-0.596507700551992,-0.176165896504961,0.305731053002137,0.69306074295791
0.12,0.14,0.114921157254453,0.144615036916656,-0.00507884274554733,0.00461503691665577,0.00686244922575711,-0.636381319285252,-0.173000610421209,0.271209359306483,0.713071857773077
0.12,0.155,0.115826425815384,0.159981300001429,-0.00417357418461577,0.00498130000142882,0.00649862071356114,-0.667001409676344,-0.168456027817033,0.222961672275926,0.723178514765342
0.12,0.17,0.116973528148963,0.175229738411853,-0.00302647185103709,0.00522973841185287,0.00604232535713936,-0.687869322306463,-0.163729431899093,0.163839433263053,0.725825004129849
0.12,0.185,0.118285633429806,0.190360905157807,-0.00171436657019389,0.00536090515780735,0.0056283529427359,-0.69866938868527,-0.159756815990799,0.0970246268960006,0.723243996710784
0.12,0.2,0.11968307704575,0.205376203948837,-0.000316922954249804,0.00537620394883748,0.00538553702600085,-0.699285173237802,-0.157165666187675,0.0259415746083651,0.717203236111351
0.12,0.215,0.12108486639846,0.220277831054928,0.00108486639845995,0.00527783105492818,0.00538817554900282,-0.689808168709334,-0.156242452860737,-0.0458447311955848,0.708770173724774
0.12,0.23,0.122410242777361,0.23506870404945,0.0024102427773614,0.00506870404945026,0.0056125779270079,-0.670538173288663,-0.156917381301918,-0.114738330273168,0.698151431679473
0.12,0.245,0.123580229055906,0.249752381824495,0.00358022905590617,0.00475238182449506,0.00595005656263415,-0.641975166840917,-0.158767624245845,-0.177223862767258,0.684655496320052
0.12,0.26,0.124519094210652,0.264332980093988,0.00451909421065221,0.00433298009398797,0.00626074508182902,-0.604803122224145,-0.161038785844203,-0.229973648773864,0.66679322461653
0.12,0.275,0.125155672341755,0.278815086014268,0.0051556723417545,0.00381508601426783,0.00641372267811716,-0.559866761895907,-0.162682901969454,-0.269944339495672,0.642487968408291
0.12,0.29,0.125424485283864,0.293203674786385,0.00542448528386358,0.00320367478638456,0.00629988672372517,-0.508142743388305,-0.162410039417082,-0.294458150680371,0.609339946662906
0.12,0.305,0.125266632537752,0.30750403019896,0.00526663253775186,0.00250403019895989,0.00583160231197308,-0.450707071667573,-0.158749652744568,-0.30126504887912,0.564890724999016
0.12,0.32,0.12463042855694,0.321721670268446,0.0046304285569399,0.00172167026844622,0.00494014343255094,-0.388700678982818,-0.150117377715309,-0.28858385141056,0.506858717628399
0.12,0.335,0.123471783631916,0.335862278457972,0.00347178363191589,0.000862278457971544,0.00357726232277154,-0.323295071507519,-0.134882899168885,-0.255121826295126,0.433360290406313
0.12,0.35,0.121754339273176,0.349931640486125,0.00175433927317631,-6.83595138746274e-05,0.00175567061504883,-0.25565974780961,-0.11143488905037,-0.200073869338991,0.343233953241648
0.14,0.05,0.139053337875075,0.0495572961270123,-0.000946662124924724,-0.000442703872987671,0.00104506262870953,-0.226692059487131,-0.0854710383154294,0.0994721031910123,0.261895794086714
0.14,0.065,0.137132674812051,0.0657422211019963,-0.00286732518794852,0.000742221101996343,0.00296183151068603,-0.307169579137457,-0.12023191601213,0.166143339962062,0.36934123214352
0.14,0.08,0.135786048149694,0.0818138988181908,-0.00421395185030621,0.00181389881819083,0.00458776842477181,-0.38235481628777,-0.145721164179334,0.212834097806608,0.461225937228023
0.14,0.095,0.134975696227363,0.0977664485246144,-0.00502430377263699,0.00276644852461438,0.00573557894541391,-0.451178369606565,-0.163317872657282,0.240094072399767,0.536546285155211
0.14,0.11,0.134656163973358,0.11359477982827,-0.00534383602664165,0.00359477982827022,0.00644042122018209,-0.512613800434523,-0.174453059676349,0.248913807157865,0.595959783841899
0.14,0.125,0.134774524724431,0.129294691394967,-0.00522547527556863,0.00429469139496669,0.00676387211836386,-0.565709406521655,-0.180555456470716,0.240733623937375,0.640768571733059
0.14,0.14,0.135270848588128,0.144862949842641,-0.00472915141187234,0.00486294984264118,0.00678329965786991,-0.609620492726435,-0.182992875729143,0.217435217475127,0.67261192900922
0.14,0.155,0.136078922040823,0.160297345533989,-0.00392107795917675,0.0052973455339887,0.00659065414571358,-0.643640478490423,-0.18301229525924,0.181314385219376,0.693287340476498
0.14,0.17,0.13712720847691,0.175596723247181,-0.00287279152308982,0.0055967232471808,0.00629096512791724,-0.667229044122126,-0.181682262611185,0.135034541572628,0.704587557011107
0.14,0.185,0.138340023571753,0.190760987132002,-0.00165997642824726,0.00576098713200218,0.0059953727555033,-0.680035530363297,-0.17984141043028,0.0815620225977727,0.70813134517406
0.14,0.2,0.139638884087979,0.205791080819011,-0.000361115912021187,0.00579108081901053,0.0058023289939667,-0.681915985121763,-0.178056706460569,0.0240856113991903,0.705195005631471
0.14,0.215,0.140943975815995,0.220688944816598,0.000943975815995219,0.00568894481659793,0.00576673074345251,-0.672942586786929,-0.176594522865729,-0.0340759731058301,0.696566219897987
0.14,0.23,0.142175677138377,0.235457454356228,0.00217567713837714,0.00545745435622813,0.00587514927987114,-0.653404659093477,-0.175406736868998,-0.0895738231182994,0.682447175829283
0.14,0.245,0.143256070373307,0.25010034148363,0.00325607037330709,0.00510034148363003,0.00605107242772433,-0.623801062089903,-0.174132946727925,-0.139130369301713,0.662429011921859
0.14,0.26,0.144110374148902,0.264622105462212,0.00411037414890171,0.00462210546221198,0.00618538879519867,-0.584824353143919,-0.172118634073345,-0.17963706380404,0.635545407049912
0.14,0.275,0.144668236348259,0.279027915463752,0.00466823634825876,0.00402791546375175,0.00616575490806558,-0.537337682689521,-0.168447868922584,-0.20824293763942,0.600395610743861
0.14,0.29,0.144864838010112,0.293323509156452,0.00486483801011217,0.00332350915645169,0.00589171978098504,-0.482345867344085,-0.161988082707584,-0.222429558812823,0.555315223344939
0.14,0.305,0.14464177255016,0.30751509030305,0.00464177255015949,0.00251509030304964,0.00527936848874072,-0.420962407196838,-0.151443640653013,-0.220069084658976,0.498574462962894
0.14,0.32,0.143947680324703,0.321609227870756,0.00394768032470258,0.00160922787075574,0.00426307333810491,-0.354374378633373,-0.135414505848234,-0.199463480651288,0.428608009036091
0.14,0.335,0.142738634134954,0.335612758606486,0.00273863413495415,0.000612758606485686,0.00280634816709516,-0.283807111203954,-0.11245621498197,-0.159364398387494,0.344369344070019
0.14,0.35,0.140978285507473,0.349532694546657,0.000978285507472892,-0.000467305453342837,0.00108416646362791,-0.210490389224477,-0.0811376574600404,-0.0989745282917946,0.246344421795386
0.16,0.05,0.160025529064409,0.048899274834215,2.55290644092798e-05,-0.00110072516578502,0.00110102117314885,-0.131254208735152,-0.0349576306630083,-0.012467417205287,0.136400691094013
0.16,0.065,0.158027853128812,0.0652289158649929,-0.00197214687118794,0.000228915864992851,0.00198538806150883,-0.216321793626956,-0.0781278839129703,0.059769153554908,0.237637365144638
0.16,0.08,0.156597149564605,0.0814349549800587,-0.00340285043539457,0.00143495498005869,0.00369303220679975,-0.295832693415914,-0.111852102399104,0.113407375256285,0.335990225409758
0.16,0.095,0.155696097256999,0.0975103313948365,-0.00430390274300077,0.00251033139483653,0.00498250364105351,-0.368684248392688,-0.137332319272204,0.148989220515258,0.420698019868508
0.16,0.11,0.155279851451092,0.11344880289247,-0.00472014854890794,0.0034488028924699,0.00584585697009998,-0.433818680381681,-0.155817194821489,0.167460508181987,0.490430561832866
0.16,0.125,0.155296263691073,0.129245069988623,-0.00470373630892687,0.00424506998862278,0.00633606774523622,-0.490254977947145,-0.168554562333527,0.170177530925598,0.545640198296372
0.16,0.14,0.155686340428084,0.144894881611809,-0.00431365957191572,0.00489488161180945,0.00652437927285121,-0.537121193847436,-0.176740299904512,0.158898152420725,0.587356752354788
0.16,0.155,0.156384944613229,0.160395117907608,-0.00361505538677077,0.00539511790760799,0.00649429924521598,-0.573685530610086,-0.181466219880896,0.135756122226848,0.616829373891902
0.16,0.17,0.157321730285964,0.175743846854271,-0.00267826971403605,0.00574384685427132,0.00633757882368695,-0.59938447054065,-0.183670052985589,0.103218380869892,0.635338179354492
0.16,0.185,0.158422284952039,0.190940352755465,-0.0015777150479609,0.00594035275546517,0.00614629771748204,-0.613846219140626,-0.184090744530826,0.0640263026467792,0.644049934457162
0.16,0.2,0.159609440031608,0.205985136100183,-0.000390559968391804,0.00598513610018253,0.00599786555589723,-0.616907906744559,-0.183232131798358,0.0211230412347888,0.643894343699906
0.16,0.215,0.160804697210153,0.220879885755914,0.000804697210152566,0.00587988575591408,0.00593469410354305,-0.608625314223758,-0.18133761576292,-0.02242973218639,0.635464661715933
0.16,0.23,0.161929709720488,0.235627425687947,0.00192970972048769,0.00562742568794711,0.00594909232393578,-0.589274348076504,-0.178377709919654,-0.063541508066707,0.618954048071096
0.16,0.245,0.162907753353306,0.250231639428157,0.00290775335330609,0.00523163942815735,0.00598540563954636,-0.559344033829383,-0.174051408877202,-0.099184278469939,0.594138304921149
0.16,0.26,0.163665122900316,0.264697376203097,0.00366512290031647,0.00469737620309657,0.0059580591695486,-0.519521374671636,-0.1678012728175,-0.126480631265505,0.560410188849046
0.16,0.275,0.164132395648669,0.279030342959138,0.00413239564866852,0.0040303429591379,0.00577237890002094,-0.470668971712291,-0.158841089189388,-0.142783969530594,0.516864436938678
0.16,0.29,0.164245513774104,0.293236986597177,0.00424551377410361,0.00323698659717747,0.00533877040491629,-0.413796763990847,-0.146194066409281,-0.145746903163569,0.462432468092304
0.16,0.305,0.163946650760575,0.307324370519681,0.00394665076057468,0.0023243705196811,0.00458025660184092,-0.350029573004225,-0.12873883137096,-0.133374843035779,0.396085675349073
0.16,0.32,0.163184841896685,0.321300049255516,0.00318484189668491,0.00130004925551647,0.00343996307736704,-0.280572308146735,-0.105260107506658,-0.104063003292879,0.317222124137914
0.16,0.335,0.161916373845664,0.335171944457098,0.00191637384566379,0.000171944457097506,0.0019240721433124,-0.206674691386436,-0.0745008585154046,-0.0566162395082461,0.226870605862689
0.16,0.35,0.160104941971434,0.348948225082557,0.000104941971434458,-0.00105177491744307,0.00105699730100456,-0.129597215717672,-0.0352128779201339,0.00974769770878105,0.134649214805781
0.18,0.05,0.181120249812934,0.0480295965601027,0.00112024981293363,-0.00197040343989735,0.00226659422026465,0.000744225439140476,0.0355999039731677,-0.13027427894489,0.135052964551151
0.18,0.065,0.179037993700273,0.0644978716583262,-0.000962006299726731,-0.000502128341673791,0.00108516772538902,-0.0871534556453283,-0.0158254680444326,-0.052136286956483,0.102783099395704
0.18,0.08,0.177514846972695,0.0808325847829903,-0.00248515302730454,0.000832584782990309,0.0026209126254013,-0.169325204064209,-0.0576431419980477,0.00883148732256555,0.179085950949837
0.18,0.095,0.176513958801719,0.0970255701022613,-0.00348604119828091,0.00202557010226129,0.00403180077326331,-0.244660693604645,-0.0908815450222276,0.053159956827483,0.266353935571325
0.18,0.11,0.175991139979972,0.113069507084249,-0.0040088600200277,0.00306950708424908,0.00504904272119298,-0.312096164872327,-0.116610862245179,0.0817466037666672,0.343052427658543
0.18,0.125,0.175895081156523,0.128958067999631,-0.00410491884347662,0.00395806799963111,0.00570233820473964,-0.370645653299034,-0.135902087308563,0.0958599826155327,0.406247960394676
0.18,0.14,0.176167801264412,0.144686048163806,-0.00383219873558797,0.00468604816380624,0.006053494407576,-0.419432505798302,-0.149783074768961,0.0971304654446537,0.455844293369631
0.18,0.155,0.176745330069291,0.160249473533619,-0.00325466993070894,0.00524947353361865,0.00617655638183799,-0.457719641522273,-0.15919387398684,0.0875262292940886,0.492455372086565
0.18,0.17,0.177558615090441,0.175645681205672,-0.00244138490955888,0.00564568120567172,0.00615094111113874,-0.484936906174802,-0.164943928424941,0.069314364341142,0.516891280294163
0.18,0.185,0.178534628726355,0.190873369643519,-0.00146537127364472,0.00587336964351948,0.00605341093426171,-0.500703892441018,-0.167673829958237,0.0450079891436811,0.529949641437936
0.18,0.2,0.179597637528357,0.205932616902591,-0.000402362471642926,0.00593261690259062,0.0059462457796067,-0.504846763277495,-0.167824184629258,0.0173012793207202,0.532293700393938
0.18,0.215,0.180670583786476,0.220824866706723,0.000670583786475627,0.00582486670672339,0.00586333989853723,-0.497407917557402,-0.16561376792023,-0.0110047296134029,0.524371604766336
0.18,0.23,0.181676521123508,0.235552883710028,0.00167652112350784,0.00555288371002755,0.00580045175608394,-0.478647760215333,-0.161028545112566,-0.0370819528699857,0.506370033556009
0.18,0.245,0.182540041692882,0.250120680611782,0.00254004169288229,0.00512068061178156,0.00571604598734614,-0.449038343549501,-0.153822362163097,-0.0581565864000884,0.478205258341793
0.18,0.26,0.183188633365533,0.264533420845572,0.00318863336553349,0.00453342084557229,0.00554249829074063,-0.409249178527837,-0.143529252700764,-0.0715877301561607,0.439558059012351
0.18,0.275,0.183553910746569,0.278797301307145,0.0035539107465692,0.00379730130714478,0.0052009401853726,-0.360126030487676,-0.129486455369512,-0.0749393003381205,0.389966646976099
0.18,0.29,0.183572673488539,0.292919420017631,0.00357267348853911,0.00291942001763118,0.00461378468234657,-0.302663943101639,-0.110866480218982,-0.0660417832312807,0.329026827979233
0.18,0.305,0.183187757898598,0.306907633721527,0.00318775789859815,0.00190763372152675,0.00371495179451644,-0.237976055622107,-0.0867159870979452,-0.0430411988524698,0.256914228599685
0.18,0.32,0.18234866199962,0.320770410286338,0.00234866199961989,0.000770410286338119,0.00247178987734679,-0.167259947573652,-0.0559988893877534,-0.00443362950808575,0.176441059131676
0.18,0.335,0.181011938445185,0.334516680425439,0.00101193844518516,-0.000483319574561158,0.00112143534276289,-0.0917632701333668,-0.0176409951190665,0.0509152970964605,0.106414628634719
0.18,0.35,0.179141362816517,0.348155692771289,-0.000858637183482502,-0.0018443072287106,0.00203438614002675,-0.0127503066327177,0.0294263701200473,0.123765591288167,0.127853079535739
0.2,0.05,0.202334029678526,0.0469285492890254,0.00233402967852603,-0.00307145071097459,0.00385765524771027,0.168025714752248,0.128644337497829,-0.251458081683554,0.328654026893544
0.2,0.065,0.200160031835144,0.0635288014780116,0.000160031835143543,-0.0014711985219884,0.00147987677843808,0.0789198329826038,0.069360032501996,-0.167173238389498,0.197448941158636
0.2,0.08,0.198536544464705,0.0799859543890653,-0.00146345553529498,-1.40456109346543e-05,0.00146352293558114,-0.00438243299427567,0.0198267498373726,-0.0986170875870172,0.100685839615633
0.2,0.095,0.197427214455144,0.096290818404741,-0.0025727855448561,0.00129081840474099,0.00287844360963326,-0.0807852724471675,-0.0208183415319327,-0.0452734603733408,0.0949176056550338
0.2,0.11,0.196788549088514,0.112435074529809,-0.00321145091148554,0.00243507452980929,0.00403026114818969,-0.149240747729275,-0.053475553198739,-0.00629626520650506,0.158657160609177
0.2,0.125,0.196570132681997,0.128411442946154,-0.00342986731800261,0.00341144294615447,0.00483755442284317,-0.208778748645426,-0.0790478155149247,0.0194931418521768,0.224091877626225
0.2,0.14,0.196715064475541,0.144213835418878,-0.00328493552445859,0.0042138354188781,0.00534295894961225,-0.258537092017935,-0.0984034093324471,0.0335965218562112,0.278663844569428
0.2,0.155,0.197160621251647,0.15983748529633,-0.0028393787483527,0.00483748529632988,0.00560921881092231,-0.297790331929164,-0.112338196087419,0.0378164737311413,0.320514127098378
0.2,0.17,0.197839135206241,0.175279049642312,-0.00216086479375895,0.00527904964231241,0.00570418283217725,-0.325975754454283,-0.121539485831849,0.0342212828748169,0.349576192550463
0.2,0.185,0.198679063935734,0.190536679224304,-0.00132093606426642,0.00553667922430401,0.00569207246253237,-0.34271506159859,-0.126553758057882,0.0250977093519525,0.366196420827794
0.2,0.2,0.199606216242323,0.205610053550854,-0.000393783757676934,0.00561005355085359,0.00562385690529686,-0.347830405785733,-0.127760335863231,0.0128933873233398,0.370776770854652
0.2,0.215,0.2005450863262,0.220500379805977,0.00054508632619962,0.00550037980597673,0.00552732277988236,-0.341353707403297,-0.125352800025005,0.000151289094796599,0.363642880871002
0.2,0.23,0.201420240833661,0.235210356237986,0.00142024083366146,0.00521035623798571,0.00540045332840828,-0.323528576901844,-0.119329443674559,-0.0105606582538426,0.34499585984396
0.2,0.245,0.202157699333946,0.249744102128601,0.00215769933394602,0.00474410212860144,0.00521173401300486,-0.294804613439073,-0.109493443830807,-0.0167213232127788,0.314926065434753
0.2,0.26,0.202686249380026,0.264107057893714,0.00268624938002551,0.00410705789371413,0.0049075309753487,-0.25582433527809,-0.0954627321322717,-0.015925886825517,0.273519651388169
0.2,0.275,0.202938642392997,0.278305859930086,0.00293864239299679,0.0033058599300857,0.00442315825980307,-0.207403465292321,-0.076688856452707,-0.00594970283142822,0.221207680395622
0.2,0.29,0.202852625564125,0.292348195591979,0.0028526255641252,0.00234819559197941,0.00369479297759592,-0.150505686664797,-0.0524835055273221,0.0151964704374869,0.160116924366782
0.2,0.305,0.202371776766795,0.306242644058954,0.00237177676679531,0.00124264405895419,0.00267759020179791,-0.0862132879796606,-0.0220508911782865,0.0492221693292655,0.101694628634877
0.2,0.32,0.201446122783479,0.319998508948994,0.00144612278347889,-1.49105100588631e-06,0.00144612355216621,-0.0156952809390652,0.0154761209704618,0.0975253438921369,0.0999852359094635
0.2,0.335,0.200032534723791,0.333625648241944,3.25347237907503e-05,-0.00137435175805617,0.0013747367977632,0.0598253843899476,0.0609983446122585,0.161173517153713,0.182419312038046
0.2,0.35,0.198094906979493,0.347134306650711,-0.00190509302050701,-0.00286569334928921,0.00344115936697865,0.13910397108193,0.115413198871959,0.240897770780003,0.301167837008238
