target_x,target_y,gaze_x,gaze_y,error_px_x,error_px_y,error_px_xy,error_deg_x,error_deg_y,error_deg_z,error_deg_xyz
-0.2,0.05,-0.197394506434852,0.0528257129570597,0.00260549356514791,0.0028257129570597,0.00384359863067442,-0.198823872155041,0.134501330019535,-0.231989989158274,0.33382811481589
-0.2,0.065,-0.19986279741153,0.0663753179696587,0.000137202588470414,0.00137531796965874,0.00138214473480502,-0.0895263803903546,0.070825497557763,-0.157384240537311,0.194424945247158
-0.2,0.08,-0.201699347490811,0.0800416954936978,-0.00169934749081094,4.1695493697827e-05,0.00169985893788871,0.0113565510598207,0.0169275462598254,-0.0969384793482117,0.0990584892662252
-0.2,0.095,-0.202945170143555,0.0938355255758021,-0.00294517014355544,-0.00116447442419786,0.00316702192273772,0.102839549637696,-0.0279629867952372,-0.0500973529587786,0.117760992079956
-0.2,0.11,-0.203650015420237,0.107766945083191,-0.00365001542023652,-0.00223305491680915,0.00427891888558896,0.183990136739745,-0.0646449098621561,-0.0160129610958767,0.195672652470603
-0.2,0.125,-0.203872109222814,0.1218453234118,-0.00387210922281424,-0.00315467658820019,0.00499451841617803,0.253953800136627,-0.0939136271547895,0.00645389702789621,0.270839604464591
-0.2,0.14,-0.203677603192264,0.136079039210985,-0.0036776031922635,-0.00392096078901454,0.0053757509939297,0.311978871343431,-0.116527774758796,0.0187217152605848,0.333557124511394
-0.2,0.155,-0.203139730737359,0.150475267579178,-0.00313973073735865,-0.00452473242082159,0.00550736893472271,0.35744002291827,-0.133175991764761,0.0224650590640973,0.382105266621325
-0.2,0.17,-0.202337682638091,0.16503978747819,-0.00233768263809125,-0.0049602125218098,0.00548347229207479,0.389859150712702,-0.144445733587257,0.0195803512483351,0.416219748859837
-0.2,0.185,-0.20135523442858,0.179776819018903,-0.00135523442857954,-0.00522318098109657,0.00539613564671018,0.408922460073,-0.150796045006689,0.0121416070694504,0.436010735612908
-0.2,0.2,-0.200279175840797,0.194688899174928,-0.000279175840796912,-0.00531110082507207,0.00531843314559522,0.414492719244183,-0.152536052777882,0.00234778748993059,0.441676283986742
-0.2,0.215,-0.199197607606095,0.209776802827106,0.000802392393904613,-0.00522319717289406,0.00528446991293587,0.40661588549709,-0.149810615053466,-0.0075359408016536,0.433402105177241
-0.2,0.23,-0.198198181423374,0.225039513701668,0.00180181857662591,-0.00496048629833203,0.0052775917328848,0.385521633342677,-0.142594104637317,-0.0152402634356855,0.411330768059976
-0.2,0.245,-0.197366363494157,0.240474247001325,0.00263363650584304,-0.00452575299867521,0.0052362659834969,0.351617680577614,-0.130692740786889,-0.0185540576952157,0.375580010054229
-0.2,0.26,-0.196783800135023,0.256076522625571,0.0032161998649773,-0.00392347737442893,0.00507322543153128,0.305478192888642,-0.113755282248822,-0.015383948077764,0.326334405659175
-0.2,0.275,-0.196526855844856,0.271840285015801,0.00347314415514391,-0.00315971498419877,0.00469537315916217,0.247826906140673,-0.0912913114286781,-0.00380823260010243,0.264134255909952
-0.2,0.29,-0.196665380793197,0.287758063208454,0.00333461920680311,-0.00224193679154615,0.00401820430437135,0.17951590943539,-0.0626958381706439,0.0178772279661322,0.190987850186736
-0.2,0.305,-0.197261747628211,0.303821162760913,0.00273825237178937,-0.00117883723908678,0.00298122177770589,0.101501246270454,-0.0272785762225276,0.0511229593121519,0.116876795895313
-0.2,0.32,-0.198370178643104,0.320019880004744,0.00162982135689566,1.98800047438857e-05,0.00162994259714317,0.0148166102858658,0.0157039701811069,0.0971007554618179,0.0994721358739122
-0.2,0.335,-0.200036365719424,0.336343728666126,-3.63657194242528e-05,0.00134372866612574,0.00134422066407168,-0.0794535776117746,0.0670155227590645,0.156689852726451,0.188031095739815
-0.2,0.35,-0.202297368716344,0.352781669137079,-0.00229736871634356,0.00278166913707915,0.00360771204602207,-0.18020050368277,0.127407954659097,0.23047406348791,0.31909805008576
-0.18,0.05,-0.178793193114102,0.0518295456505027,0.00120680688589761,0.00182954565050272,0.00219171625607042,-0.00204356735598507,0.0339605343275073,-0.122632992187856,0.127264887108615
-0.18,0.065,-0.181159068719217,0.065498619060035,-0.00115906871921664,0.000498619060034983,0.00126176910046834,0.104729820410579,-0.0213289727506289,-0.0532918405440235,0.119428998970649
-0.18,0.08,-0.182882539030359,0.0792750263125238,-0.00288253903035876,-0.000724973687476232,0.00297230854876719,0.20327351779525,-0.0670559551798738,0.000460314768055934,0.214048801300599
-0.18,0.095,-0.18400516075438,0.0931685760007709,-0.00400516075438032,-0.00183142399922909,0.00440402390245336,0.292608350379698,-0.104161770056145,0.0392042123605254,0.313059954555849
-0.18,0.11,-0.184577482984235,0.107188567096136,-0.00457748298423524,-0.0028114329038639,0.00537191822758796,0.371806180646164,-0.133618517393684,0.0638495793258436,0.400213898031672
-0.18,0.125,-0.184658786604494,0.121343581004918,-0.00465878660449438,-0.00365641899508193,0.00592230466067157,0.440015654439598,-0.156391082980761,0.075635172545764,0.47306859722124
-0.18,0.14,-0.184316522329352,0.13564127493059,-0.00431652232935197,-0.00435872506941026,0.00613439884996889,0.496487865782514,-0.173397103039806,0.0761163711352894,0.531377908888076
-0.18,0.155,-0.183625442178724,0.150088185408928,-0.00362544217872426,-0.00491181459107215,0.00610489586875503,0.540600675482655,-0.18546698274475,0.0671396955350711,0.575462956722336
-0.18,0.17,-0.18266643808812,0.164689551119201,-0.00266643808811975,-0.00531044888079929,0.00594228570445398,0.571880363760265,-0.193306314233988,0.0508044372156885,0.605804416817975
-0.18,0.185,-0.18152512118819,0.179449163957091,-0.00152512118819015,-0.00555083604290946,0.005756541966661,0.59001933713318,-0.197463061169828,0.0294124556552662,0.622883129045711
-0.18,0.2,-0.180290194422558,0.194369256286416,-0.000290194422558046,-0.00563074371358449,0.00563821670131213,0.594888770574522,-0.198301691463764,0.00540808015673509,0.627095991966512
-0.18,0.215,-0.17905168706554,0.209450430703484,0.000948312934460061,-0.00554956929651598,0.00563001037285875,0.586545328125159,-0.195986040646102,-0.018689178364573,0.618707487595397
-0.18,0.23,-0.177899130811679,0.224691636413009,0.00210086918832122,-0.00530836358699055,0.0057089732280091,0.565231456591274,-0.190472109776982,-0.0403558132171131,0.597827783107344
-0.18,0.245,-0.176919761904284,0.240090193721396,0.00308023809571618,-0.00490980627860402,0.00579603868342169,0.531369152545222,-0.181511296435294,-0.0571357879883282,0.56441704566573
-0.18,0.26,-0.176196831666945,0.255641865408003,0.003803168333055,-0.00435813459199702,0.00578423949119617,0.485547525942058,-0.168663800635275,-0.0667086390402672,0.51832012529007
-0.18,0.275,-0.175808099067738,0.271340971085646,0.00419190093226164,-0.00365902891435418,0.00556421836577034,0.428504871320104,-0.151321217065947,-0.0669508433495498,0.459345274317603
-0.18,0.29,-0.175824564618795,0.287180538385047,0.00417543538120524,-0.0028194616149525,0.00503821639281315,0.361106288653218,-0.128736705159646,-0.0559876318255665,0.387435256324133
-0.18,0.305,-0.176309486752428,0.303152483054311,0.00369051324757166,-0.00184751694568902,0.00412713058856999,0.284318120917773,-0.100060671248173,-0.0322331669851255,0.303130538217826
-0.18,0.32,-0.177317701850908,0.319247808992038,0.00268229814909157,-0.00075219100796195,0.00278577003233915,0.199180586061692,-0.0643796454138829,0.0055821215977021,0.209401178352899
-0.18,0.335,-0.178895249432502,0.335456818894465,0.00110475056749834,0.000456818894464917,0.00119547367964671,0.10677998559639,-0.0207559984715191,0.0583973688395629,0.12346268821485
-0.18,0.35,-0.181079286456208,0.351769326511112,-0.0010792864562085,0.00176932651111156,0.00207252878326871,0.00822176164534054,0.0317336992916368,0.126819767625409,0.130988113847351
-0.16,0.05,-0.160054213170081,0.0510489296762336,-5.42131700813908e-05,0.00104892967623356,0.00105032972608306,0.152530678710924,-0.040496987169366,-0.0150762121448267,0.158533662436596
-0.16,0.065,-0.162326100146397,0.0648441407029996,-0.00232610014639673,-0.000155859297000432,0.00233131593987781,0.254904416560741,-0.0869143050679841,0.0491353859565485,0.273760455034625
-0.16,0.08,-0.163945817685905,0.0787368938691855,-0.00394581768590516,-0.00126310613081453,0.00414305615555753,0.349340634743726,-0.124003934661532,0.0963206526989304,0.383006617814856
-0.16,0.095,-0.164955426899773,0.0927360464415812,-0.00495542689977266,-0.00226395355841877,0.00544809521518002,0.434891439746101,-0.152887717194681,0.127081989446312,0.47818027739091
-0.16,0.11,-0.165406219170796,0.106849979789755,-0.00540621917079584,-0.0031500202102448,0.00625698274311438,0.510657589818233,-0.174721290031085,0.142388340210759,0.558189579791861
-0.16,0.125,-0.165358455756301,0.121086409953833,-0.00535845575630098,-0.00391359004616679,0.00663545289650155,0.575814213938559,-0.190649442365282,0.143576787887327,0.623319616870932
-0.16,0.14,-0.16488079467936,0.135452200029299,-0.00488079467936041,-0.00454779997070109,0.00667117990130545,0.629636548099887,-0.20175884469091,0.132339913750995,0.674290675064327
-0.16,0.155,-0.164049399146137,0.149953182416434,-0.00404939914613714,-0.00504681758356564,0.0064705487531216,0.67152438009278,-0.209030707526787,0.110698092732259,0.711968693126897
-0.16,0.17,-0.162946741303,0.164593999366547,-0.00294674130299964,-0.00540600063345349,0.00615695762172386,0.701023827523743,-0.213296203916682,0.0809568526114697,0.737218548009804
-0.16,0.185,-0.161660136235878,0.179377969936151,-0.00166013623587839,-0.00562203006384941,0.00586201964859408,0.717845112929588,-0.215197533313318,0.0456504707094249,0.750801982045944
-0.16,0.2,-0.160280061101181,0.194306990522635,-0.000280061101181045,-0.00569300947736533,0.00569989395776502,0.721875162201323,-0.215157284709092,0.007474031902607,0.753299702815319
-0.16,0.215,-0.158898331084449,0.20938147461517,0.00110166891555146,-0.00561852538483008,0.00572551324332347,0.713184132562547,-0.213358272715562,-0.0307928956306911,0.745056631460123
-0.16,0.23,-0.157606215532339,0.224600335307061,0.00239378446766147,-0.00539966469293864,0.00590648650838935,0.692025348590326,-0.209735307075285,-0.0663671056120529,0.72615400082001
-0.16,0.245,-0.156492582594651,0.239961011736432,0.00350741740534916,-0.00503898826356754,0.00613949342989449,0.658828562391277,-0.203979486081878,-0.0965428634012238,0.696411660354671
-0.16,0.26,-0.155642158398004,0.255459538057132,0.0043578416019955,-0.00454046194286789,0.00629337573029883,0.614186896044834,-0.195554667051375,-0.118769003092379,0.65542194927537
-0.16,0.275,-0.155133977434538,0.271090651187262,0.00486602256546236,-0.00390934881273752,0.00624188943728108,0.558838244966469,-0.183724872872979,-0.130718071288229,0.602615611074784
-0.16,0.29,-0.15504008565954,0.286847931488637,0.0049599143404598,-0.00315206851136281,0.00587675813395648,0.49364225697608,-0.167590634669594,-0.130344247152228,0.537364902202145
-0.16,0.305,-0.155424538558847,0.302723969010513,0.00457546144115278,-0.00227603098948695,0.00511029984096636,0.419554233150435,-0.146131726556781,-0.115927676329006,0.459152034114782
-0.16,0.32,-0.156342715426174,0.318710547015466,0.00365728457382594,-0.00128945298453394,0.00387794010439417,0.337597401317148,-0.11825346219138,-0.0861038983501111,0.367926940011292
-0.16,0.335,-0.157840950427287,0.334798834251854,0.0021590495727131,-0.000201165748146478,0.00216840095823165,0.248834996266356,-0.0828337043602976,-0.0398781083052819,0.265274701342248
-0.16,0.35,-0.159956462749036,0.350979577798467,4.35372509637044e-05,0.000979577798466635,0.000980544825834198,0.154343446079649,-0.0387679581672826,0.023375037909678,0.16084546408264
-0.14,0.05,-0.141173344295684,0.050464725668049,-0.00117334429568391,0.000464725668049046,0.00126202487406454,0.263551334396127,-0.0919864924760157,0.0883746944919348,0.292798725852386
-0.14,0.065,-0.143360156358092,0.0643922502065133,-0.00336015635809184,-0.000607749793486684,0.00341467576239796,0.35950609366431,-0.129317377240465,0.147700284993148,0.40961409184821
-0.14,0.08,-0.144886016686431,0.0784072021841827,-0.00488601668643135,-0.00159279781581727,0.00513908201356603,0.447925797565564,-0.157566168905656,0.188586630674818,0.510912188759608
-0.14,0.095,-0.145793449353365,0.0925174126271508,-0.00579344935336476,-0.0024825873728492,0.00630295926322175,0.527922443561982,-0.178039734167846,0.211653975762979,0.595987299816402
-0.14,0.11,-0.146134426009115,0.106730270413552,-0.00613442600911457,-0.00326972958644754,0.0069514253236147,0.598653920313818,-0.19208236065393,0.217926841294138,0.665416587177299
-0.14,0.125,-0.145970105601165,0.121052553461231,-0.00597010560116487,-0.00394744653876865,0.00715712896806371,0.659348839638816,-0.201024126410863,0.208837396774489,0.720257927162476
-0.14,0.14,-0.145370250935648,0.135490262350658,-0.00537025093564837,-0.00450973764934248,0.00701265490222706,0.709331449943241,-0.206126021644927,0.186212749639597,0.761789196368892
-0.14,0.155,-0.144412315716764,0.150048463603096,-0.00441231571676363,-0.00495153639690403,0.00663221250219448,0.748045325331764,-0.208524833772547,0.152245102081377,0.791355129828925
-0.14,0.17,-0.143180216022695,0.164731150173391,-0.00318021602269457,-0.00526884982660945,0.00615423045119093,0.775074448294384,-0.209181159043833,0.109444827314861,0.810238401978308
-0.14,0.185,-0.141762822407005,0.179541126301459,-0.00176282240700472,-0.00545887369854149,0.00573644880525103,0.790160343626145,-0.208833975377966,0.0605777527660382,0.819540184040981
-0.14,0.2,-0.140252229574291,0.194479922997913,-0.000252229574291038,-0.00552007700208709,0.00552583657622245,0.793214078995601,-0.207964955586397,0.00858917180227324,0.820075150753675
-0.14,0.215,-0.138741878274224,0.20954774898876,0.00125812172577595,-0.00545225101123965,0.00559552601338188,0.784322240586937,-0.206775123605848,-0.0434817820543104,0.812292463136378
-0.14,0.23,-0.137324616184483,0.22474348003035,0.00267538381551739,-0.00525651996965007,0.00589819300732541,0.763746373060711,-0.205175593972198,-0.092592929117206,0.796234387853993
-0.14,0.245,-0.136090789738851,0.240064687351753,0.00390921026114906,-0.00493531264824668,0.00629596980629805,0.731915820875525,-0.202793079307743,-0.135790073138393,0.77153985048757
-0.14,0.26,-0.135126456300343,0.255507703692373,0.00487354369965662,-0.00449229630762685,0.00662813354632965,0.689414367448719,-0.198989717232241,-0.170293309063494,0.737493320708829
-0.14,0.275,-0.134511796208825,0.271067723334653,0.0054882037911746,-0.00393227666534683,0.00675153172445293,0.636961490792659,-0.192895688006913,-0.193574070375736,0.69311288145475
-0.14,0.29,-0.13431978817678,0.286738930691846,0.00568021182322045,-0.00326106930815424,0.00654976178110617,0.575389393041068,-0.183452187732812,-0.203419175494223,0.637268551215695
-0.14,0.305,-0.134615191299138,0.302514650745317,0.00538480870086169,-0.00248534925468306,0.00593069352290518,0.505617184411156,-0.169461684717434,-0.197979226648665,0.568827242285999
-0.14,0.32,-0.135453854909872,0.318387513863875,0.00454614509012843,-0.00161248613612464,0.00482364454740324,0.428623693867541,-0.149642068000507,-0.175799941280341,0.486845011134149
-0.14,0.335,-0.136882355952266,0.334349627407901,0.00311764404773365,-0.000650372592099449,0.00318475884753041,0.345420339647376,-0.122681305716553,-0.13583624426857,0.390919418667902
-0.14,0.35,-0.138937944538838,0.35039274688679,0.00106205546116192,0.000392746886790238,0.00113234796757326,0.257025342546919,-0.0872895294671795,-0.0774500718875404,0.282276749781736
-0.12,0.05,-0.122146959119171,0.0500562324478808,-0.00214695911917057,5.62324478808329e-05,0.00214769540381878,0.331045874627195,-0.124219554990567,0.185234677856735,0.399167132017739
-0.12,0.065,-0.124258069807168,0.0641216690632515,-0.00425806980716789,-0.000878330936748523,0.00434771476952713,0.418490975660056,-0.152574616522189,0.240027492354393,0.505992659419153
-0.12,0.08,-0.125700504362055,0.0782641280838417,-0.0057005043620548,-0.0017358719161583,0.00595894296760028,0.498913189558436,-0.172094793801259,0.275029725252672,0.595126476309509
-0.12,0.095,-0.126517205853555,0.0924903456557525,-0.00651720585355517,-0.00250965434424751,0.00698371942915909,0.571515492609877,-0.184270167052881,0.290875882478051,0.667232540474082
-0.12,0.11,-0.126760759097218,0.106806649476813,-0.00676075909721788,-0.00319335052318723,0.00747698810581871,0.635543790009928,-0.190632240187869,0.28864153631749,0.723586522321575
-0.12,0.125,-0.126493130313954,0.121218812567131,-0.00649313031395439,-0.00378118743286872,0.00751386183506709,0.690309871907454,-0.19269526856401,0.26984860998908,0.765823863265107
-0.12,0.14,-0.125785074248186,0.135731910182301,-0.0057850742481865,-0.00426808981769933,0.00718913588332974,0.73521446175503,-0.191893669949785,0.236452740874032,0.795791156310119
-0.12,0.155,-0.12471520170075,0.150350186281103,-0.00471520170075042,-0.00464981371889719,0.00662222732161953,0.76976910603856,-0.189518998147061,0.190811427276601,0.815403059707958
-0.12,0.17,-0.12336872173496,0.165076936020354,-0.0033687217349599,-0.00492306397964565,0.00596530343530618,0.793615589055433,-0.186660396944356,0.135632928467292,0.826484084866181
-0.12,0.185,-0.121835895789101,0.179914410373374,-0.00183589578910143,-0.00508558962662645,0.00540682302270852,0.806541574297867,-0.184152548496299,0.0739073061632591,0.830599689415254
-0.12,0.2,-0.120210262615184,0.194863748118396,-0.000210262615183921,-0.0051362518816037,0.00514055383773203,0.808491352895817,-0.182534848126027,0.00882243700389634,0.828895082003336
-0.12,0.215,-0.11858671134857,0.209924939092304,0.00141328865142981,-0.00507506090769599,0.00526817122245323,0.799570845712318,-0.18202485489938,-0.0563308874815907,0.821967968662733
-0.12,0.23,-0.117059492625005,0.225096820912063,0.00294050737499468,-0.00490317908793728,0.00571732007069602,0.780046397172822,-0.182508051381671,-0.118259677229899,0.809801110357437
-0.12,0.245,-0.115720262972241,0.240377109452444,0.00427973702775877,-0.0046228905475562,0.00629978301542632,0.750337332422876,-0.183544691187916,-0.173769645480531,0.791770567809546
-0.12,0.26,-0.114656254973774,0.255762461444516,0.00534374502622623,-0.00423753855548437,0.00681999588816108,0.711002700404357,-0.18439316933135,-0.219860645377109,0.766728868025607
-0.12,0.275,-0.113948655266382,0.27124856573085,0.00605134473361764,-0.00375143426915034,0.00711983371721822,0.662723034233362,-0.184048074705138,-0.253811487602791,0.73314604207732
-0.12,0.29,-0.113671255632954,0.286830258279094,0.00632874436704556,-0.00316974172090627,0.00707815426793346,0.606278281234086,-0.181290023890572,-0.273249935464451,0.689282731812445
-0.12,0.305,-0.113889421303762,0.302501654972936,0.00611057869623841,-0.00249834502706357,0.00660158313415623,0.542523259061311,-0.174743642853843,-0.276204945127282,0.633371995113026
-0.12,0.32,-0.114659397651455,0.318256295678844,0.0053406023485445,-0.00174370432115604,0.00561805466375126,0.472362064497351,-0.162939717586991,-0.261139655763841,0.563801167335472
-0.12,0.335,-0.116027954058563,0.334087293034529,0.00397204594143699,-0.000912706965470536,0.00407555922122407,0.396722804352222,-0.14437757957969,-0.226965065990854,0.479320717341146
-0.12,0.35,-0.118032344123907,0.349987479826343,0.00196765587609316,-1.2520173657049e-05,0.00196769570855667,0.316533852109703,-0.117584178570144,-0.173035612120972,0.379422676890676
-0.1,0.05,-0.10297206909764,0.0498013116690966,-0.00297206909764031,-0.000198688330903363,0.00297870303554846,0.356619827632659,-0.141312889702847,0.272937420415886,0.470789886001796
-0.1,0.065,-0.105017278122454,0.0640096025111747,-0.0050172781224542,-0.00099039748882529,0.00511409492910808,0.433485698846845,-0.16116632328252,0.323657730982854,0.56448324958121
-0.1,0.08,-0.10638721354511,0.078284255416546,-0.00638721354511013,-0.001715744583454,0.00661364319770049,0.503946130269626,-0.172424618341814,0.353337745492496,0.639174272418289
-0.1,0.095,-0.107125191057278,0.0926308505335826,-0.00712519105727805,-0.00236914946641738,0.00750874269081987,0.567327116399258,-0.176751853596252,0.362623216901817,0.696134206542278
-0.1,0.11,-0.107284336729345,0.107054593225296,-0.00728433672934536,-0.00294540677470352,0.00785728850526435,0.622994583622319,-0.175857608722302,0.352635543185995,0.737161767837083
-0.1,0.125,-0.106927326388039,0.121560192130345,-0.00692732638803863,-0.00343980786965498,0.00773434735879871,0.670374402358856,-0.171431493410712,0.32497898565252,0.764467531779943
-0.1,0.14,-0.106125784172673,0.136151741269704,-0.00612578417267286,-0.0038482587302956,0.00723424681535442,0.70897242669696,-0.165073079797113,0.281728200728909,0.780558278182643
-0.1,0.155,-0.104959332716057,0.150832611609623,-0.00495933271605663,-0.00416738839037722,0.00647781652910921,0.738393441171628,-0.15822118315755,0.225394546988377,0.788080776428514
-0.1,0.17,-0.103514309422585,0.165605357420514,-0.00351430942258493,-0.00439464257948552,0.0056270111177335,0.758357821018959,-0.152086954963618,0.158871042888051,0.789611868423324
-0.1,0.185,-0.101882187050945,0.180471642346078,-0.00188218705094464,-0.00452835765392247,0.00490394240755149,0.768714747144061,-0.14759538627267,0.0853574608210841,0.787402320652999
-0.1,0.2,-0.100157759268108,0.195432189278131,-0.00015775926810819,-0.0045678107218685,0.00457053418951121,0.769450971366524,-0.145339500760067,0.00826868076809294,0.78310681623458
-0.1,0.215,-0.0984371708503726,0.210486756913858,0.00156282914962739,-0.00451324308614211,0.00477616981539964,0.760694391635878,-0.145550737035181,-0.0688691008537821,0.777555918560916
-0.1,0.23,-0.0968158852289932,0.225634144405155,0.00318411477100677,-0.00436585559484493,0.00540363599347534,0.742712052360942,-0.148087840632659,-0.142528595960355,0.770632567935042
-0.1,0.245,-0.0953866875164812,0.240872223901355,0.00461331248351877,-0.00412777609864462,0.00619041093879332,0.715902592646233,-0.152445132038408,-0.209291764693963,0.761293379632657
-0.1,0.26,-0.0942378182095084,0.256197999202257,0.00576218179049165,-0.003802000797743,0.00690347369464909,0.680783577840581,-0.157779459391143,-0.265953937930199,0.747729944446534
-0.1,0.275,-0.0934513218642408,0.271607687284493,0.00654867813575924,-0.00339231271550712,0.00737515904137412,0.637974520343669,-0.162953672447005,-0.309615973099996,0.727622535461171
-0.1,0.29,-0.0931016775318458,0.287096818370199,0.00689832246815425,-0.00290318162980105,0.00748433807696152,0.588176678850657,-0.166593241470705,-0.33775979069055,0.698421670574141
-0.1,0.305,-0.0932547557938815,0.302660349411186,0.00674524420611849,-0.00233965058881393,0.00713948767615103,0.532150895751407,-0.167151821462426,-0.348304099499207,0.657605352886804
-0.1,0.32,-0.0939671234506193,0.318292785546951,0.00603287654938073,-0.00170721445304915,0.00626978314208457,0.470694777261172,-0.162981195555714,-0.339638756640298,0.602888283283341
-0.1,0.335,-0.0952856938513265,0.333988304161469,0.00471430614867355,-0.00101169583853124,0.00482163985933444,0.404620445776931,-0.152401119508165,-0.310637825263658,0.532392434431358
-0.1,0.35,-0.0972477006256363,0.349740876582486,0.00275229937436366,-0.000259123417513593,0.00276447043601963,0.334733923511691,-0.133765070545059,-0.260652820806108,0.444837926245695
-0.08,0.05,-0.0836463605248659,0.0496765394220511,-0.00364636052486594,-0.000323460577948909,0.00366067914775219,0.343579313137226,-0.147534806345397,0.348957832903367,0.511455344733812
-0.08,0.065,-0.0856358537023205,0.0640318981399026,-0.0056358537023205,-0.000968101860097437,0.0057183973423927,0.40792521192497,-0.15974139554786,0.396166536970861,0.590653287972607
-0.08,0.08,-0.0869446633370975,0.0784427403607302,-0.00694466333709751,-0.00155725963926978,0.00711712065724088,0.466580120872555,-0.16357655398969,0.421227690895932,0.649531819133528
-0.08,0.095,-0.0876164290768513,0.0929134378192868,-0.00761642907685134,-0.00208656218071318,0.00789707120499043,0.519024116645246,-0.160861138947395,0.424796117474435,0.689724456496344
-0.08,0.11,-0.0877047419018277,0.107448021120508,-0.00770474190182771,-0.00255197887949221,0.00811638121179347,0.564774295930092,-0.153465264611465,0.408033310740145,0.713455922002774
-0.08,0.125,-0.0872728829035093,0.122050083584044,-0.00727288290350928,-0.00294991641595568,0.00784836496279845,0.603400764149755,-0.143236611053223,0.372616464658969,0.723504799079761
-0.08,0.14,-0.0863932142646909,0.136722690168723,-0.00639321426469093,-0.00327730983127728,0.00718428481927285,0.634542509578895,-0.131923497972443,0.320726206047261,0.723132246788302
-0.08,0.155,-0.0851462143993163,0.151468295789852,-0.00514621439931633,-0.00353170421014792,0.00624151081643758,0.657922231495506,-0.121097099872901,0.25501126069142,0.715935459706119
-0.08,0.17,-0.0836191720152918,0.166288677138359,-0.00361917201529181,-0.00371132286164116,0.00518385218342612,0.673359138348104,-0.112077781222166,0.178529839253384,0.705587098471073
-0.08,0.185,-0.0819045781076227,0.181184881649047,-0.00190457810762271,-0.00381511835095255,0.00426409964703108,0.680778771402836,-0.105870696096686,0.0946693145174601,0.69543982958777
-0.08,0.2,-0.0800982780711733,0.196157196439019,-9.82780711733055e-05,-0.00384280356098149,0.00384406006555121,0.680219048892089,-0.103115447379698,0.0070475885890942,0.688030600359297
-0.08,0.215,-0.0782974656367103,0.211205139009435,0.00170253436328972,-0.00379486099056525,0.00415927796569263,0.671831958948542,-0.104053724268332,-0.0805988095255969,0.684607261782801
-0.08,0.23,-0.0765986137040706,0.226327470256868,0.00340138629592941,-0.00367252974313242,0.00500568711051028,0.655880638159671,-0.108517503888555,-0.164533609625294,0.684859367509367
-0.08,0.245,-0.0750954426715876,0.24152222906963,0.00490455732841237,-0.00347777093037038,0.00601245151596358,0.632731920514995,-0.115938756672011,-0.241139709835039,0.686982890751771
-0.08,0.26,-0.0738770237482771,0.2567867865856,0.00612297625172285,-0.00321321341440028,0.00691488095527638,0.602844788785696,-0.125379834286943,-0.307031146677818,0.688052146653577
-0.08,0.275,-0.0730261034131813,0.272117917142829,0.00697389658681867,-0.0028820828571714,0.00754596814194457,0.566755464637074,-0.135582061403423,-0.35915182738953,0.684536237947637
-0.08,0.29,-0.072617717066003,0.28751188220255,0.00738228293399701,-0.00248811779744956,0.00779030368416846,0.525060097348471,-0.145028697960073,-0.394855966371381,0.672783668112068
-0.08,0.305,-0.0727181372651454,0.302964523076931,0.00728186273485457,-0.00203547692306949,0.00756099802893851,0.478396136111733,-0.152017534728283,-0.411966807245746,0.649379209876179
-0.08,0.32,-0.0733841774943287,0.318471358174466,0.00661582250567128,-0.00152864182553361,0.00679012910461335,0.427423482883557,-0.15473800420576,-0.40881203926216,0.611363650677808
-0.08,0.335,-0.0746628486684407,0.334027680657381,0.00533715133155926,-0.000972319342619099,0.0054249967041461,0.372806438098412,-0.15134782484372,-0.384236104657746,0.556354761446072
-0.08,0.35,-0.0765913449458612,0.349628652855951,0.00340865505413876,-0.000371347144048573,0.00342882311872437,0.315197284905533,-0.140044772693324,-0.337591157794717,0.482629292404017
-0.06,0.05,-0.0641682217642569,0.0496573829007136,-0.00416822176425688,-0.000342617099286402,0.00418227918158845,0.296944230411462,-0.147006129179809,0.410951341499681,0.527891707043907
-0.06,0.065,-0.0661125247688335,0.0641632315573449,-0.0061125247688335,-0.000836768442655095,0.00616953324622102,0.347073192638407,-0.152790562416363,0.455300087231197,0.592542028682806
-0.06,0.08,-0.0673719727089624,0.078713505781447,-0.00737197270896237,-0.00128649421855301,0.00748338486221684,0.392310707220736,-0.150403484622796,0.476575577202728,0.635340315211434
-0.06,0.095,-0.0679904783534305,0.0933113262200626,-0.0079904783534305,-0.00168867377993742,0.00816696782482272,0.432318835327769,-0.141797317174185,0.475440508471068,0.658068759461294
-0.06,0.11,-0.0680220172367871,0.10795950611501,-0.00802201723678705,-0.00204049388499031,0.00827746192029848,0.466793871426257,-0.128976730116264,0.453090402629154,0.663194797087858
-0.06,0.125,-0.0675303654866171,0.122660482157586,-0.00753036548661712,-0.0023395178424136,0.00788541362878358,0.495477309314067,-0.113921656739099,0.411264164776335,0.65392565551163
-0.06,0.14,-0.0665884841951927,0.137416251570436,-0.00658848419519267,-0.00258374842956408,0.00707699653367009,0.518166467903297,-0.0985045304529615,0.352231973215131,0.634248454263881
-0.06,0.155,-0.0652775420771291,0.152228318516731,-0.00527754207712912,-0.00277168148326939,0.00596109625996484,0.534724103235899,-0.084406494863215,0.278758526951905,0.608904039104041
-0.06,0.17,-0.0636855913143515,0.167097652686898,-0.00368559131435148,-0.00290234731310213,0.0046911835673201,0.545086307274014,-0.0730380114472279,0.194041361426438,0.583188322742759
-0.06,0.185,-0.0619059363365335,0.182024662313926,-0.00190593633653352,-0.00297533768607391,0.00353344416470538,0.549268043447911,-0.0654694827251938,0.101625883285474,0.56241621304649
-0.06,0.2,-0.0600352589521163,0.197009183125848,-3.52589521162853e-05,-0.00299081687415245,0.00299102470207442,0.54736578772937,-0.062377130324309,0.00530076067534895,0.550936156684753
-0.06,0.215,-0.0581715831914604,0.212050483849245,0.00182841680853955,-0.00294951615075453,0.00347026707175569,0.539556932914531,-0.0640084052242162,-0.0910209001410787,0.550913697770617
-0.06,0.23,-0.0564121768589905,0.227147287902731,0.00358782314100954,-0.00285271209726917,0.00458371478181938,0.526095852220182,-0.0701697375749203,-0.183427806556951,0.561559366756452
-0.06,0.245,-0.0548514923650945,0.24229781001336,0.00514850763490551,-0.00270218998664049,0.00581454741064001,0.507306779382925,-0.080237618170035,-0.268136646576841,0.579394827126366
-0.06,0.26,-0.0535792461582787,0.257499805686485,0.00642075384172126,-0.00250019431351509,0.00689035931583481,0.483573913944349,-0.0931920647755471,-0.341610664168037,0.599357666880672
-0.06,0.275,-0.0526787243829412,0.272750630848981,0.00732127561705884,-0.00224936915101867,0.00765902984969341,0.45532937292401,-0.107669708913063,-0.400663879775887,0.615997405532348
-0.06,0.29,-0.0522253837901024,0.288047308647083,0.00777461620989764,-0.00195269135291673,0.00801608761996517,0.423039753333073,-0.122032263674274,-0.44254555686003,0.624263511143398
-0.06,0.305,-0.0522857936998468,0.303386600216253,0.00771420630015318,-0.0016133997837473,0.00788111906416334,0.387192134611646,-0.134445164071837,-0.465001316902743,0.619857421869478
-0.06,0.32,-0.0529169397985396,0.318765076403469,0.00708306020146043,-0.0012349235965313,0.0071899080735975,0.34828033191278,-0.142960784386338,-0.466309291740647,0.599320119806627
-0.06,0.335,-0.0541658863272877,0.334179187675427,0.00583411367271228,-0.000820812324573122,0.00589157154062475,0.306792116889431,-0.145600820451735,-0.44529164181476,0.560007272060636
-0.06,0.35,-0.0560697722436049,0.349625329932254,0.00393022775639509,-0.00037467006774583,0.00394804608341938,0.263197977906905,-0.140433088260862,-0.401303443258894,0.500040666832142
-0.04,0.05,-0.0445367610020516,0.0497183993431225,-0.00453676100205155,-0.000281600656877545,0.00454549219773719,0.223331714138767,-0.143382562597185,0.456898399675714,0.528387869030701
-0.04,0.065,-0.0464466874238433,0.0643773161360952,-0.0064466874238433,-0.000622683863904849,0.00647669004469929,0.257901988590863,-0.144297768157202,0.49911673009108,0.580047985500225
-0.04,0.08,-0.0476688657003843,0.0790694614794499,-0.0076688657003843,-0.000930538520550056,0.00772511508449928,0.288450300851976,-0.137210858707217,0.517552216489599,0.60818925161532
-0.04,0.095,-0.0482474288947214,0.0937966728546178,-0.00824742889472144,-0.00120332714538215,0.00833475132156321,0.314843224155034,-0.124173345165923,0.512875193082955,0.614483407689215
-0.04,0.11,-0.0482366532654379,0.108560514248436,-0.0082366532654379,-0.00143948575156364,0.00836149366106341,0.336978846296982,-0.10729078897028,0.486308903193687,0.601303354481313
-0.04,0.125,-0.0477006946834005,0.123362234974091,-0.00770069468340047,-0.00163776502590932,0.0078729265770134,0.35479188070609,-0.0886417713012678,0.439641159614445,0.571858117176586
-0.04,0.14,-0.0467129675157568,0.138202735877625,-0.00671296751575677,-0.00179726412237544,0.00694939502353864,0.368258145396148,-0.0701906935251861,0.375212270520795,0.530402726360041
-0.04,0.155,-0.0453551574412455,0.153082544862313,-0.00535515744124551,-0.00191745513768651,0.00568808802899248,0.377398048445524,-0.0536994505963047,0.295877107920121,0.482553165343295
-0.04,0.17,-0.0437158833756805,0.168001803184432,-0.00371588337568055,-0.00199819681556823,0.00421907333136153,0.382278732296252,-0.0406437462590937,0.204940978174081,0.435649701231997
-0.04,0.185,-0.0418890487663681,0.182960263362935,-0.00188904876636808,-0.0020397366370645,0.00278011344917792,0.383014588481037,-0.0321400300712343,0.106071012122284,0.398729053074561
-0.04,0.2,-0.0399719466347028,0.197957298818152,2.80533652972036e-05,-0.00204270118184752,0.00204289380772123,0.379765949871941,-0.0288886327530498,0.00318690598879779,0.380877172282126
-0.04,0.215,-0.0380632029700382,0.212991924627495,0.0019367970299618,-0.00200807537250519,0.00278990133103856,0.372735897486291,-0.0311376437398685,-0.0996632496672117,0.387085178440141
-0.04,0.23,-0.0362606568972293,0.228062828106373,0.00373934310277069,-0.00193717189362749,0.00421133254275877,0.362165267398886,-0.0386704964245171,-0.198434875423134,0.414772515105551
-0.04,0.245,-0.0346592816418675,0.243168407374951,0.00534071835813255,-0.00183159262504906,0.00564606093883409,0.348326092969154,-0.0508182785994976,-0.28921860183433,0.455589791100841
-0.04,0.26,-0.0333492469368926,0.258306815709643,0.00665075306310745,-0.00169318429035722,0.00686289948546134,0.331513849045402,-0.0664957096049652,-0.368363839038736,0.500016615895821
-0.04,0.275,-0.0324142115542178,0.273476009322312,0.0075857884457822,-0.00152399067768832,0.00773735962262603,0.312038959775543,-0.0842577860258044,-0.432587100035266,0.540001337534016
-0.04,0.29,-0.0319299156410191,0.288673796252129,0.00807008435898093,-0.00132620374787115,0.00817832977703493,0.290218080117084,-0.102372534531032,-0.47905942967744,0.569392022433829
-0.04,0.305,-0.0319631189333269,0.303897884295134,0.00803688106667305,-0.00110211570486649,0.00811209691182009,0.266365656456031,-0.118904295966882,-0.505469213499962,0.583601717795643
-0.04,0.32,-0.0325709054326268,0.319145926202987,0.00742909456737317,-0.000854073797013272,0.00747802702199706,0.240786218246357,-0.131801579296136,-0.51005875746126,0.579234367753704
-0.04,0.335,-0.0338003506103605,0.334415560854906,0.00619964938963946,-0.000584439145094234,0.00622713591218109,0.213767761754687,-0.138983749201916,-0.49163507742263,0.553823596455707
-0.04,0.35,-0.0356885258956999,0.349704449490578,0.00431147410430011,-0.000295550509421844,0.00432159218988441,0.185576471815698,-0.138421546684254,-0.449557099800289,0.505670245521286
-0.02,0.05,-0.0247518141425005,0.0498334537288959,-0.00475181414250048,-0.000166546271104101,0.00475473188574143,0.130703467748549,-0.139552966093753,0.485239748260986,0.521553370642807
-0.02,0.065,-0.0266384084488378,0.0646471330596001,-0.00663840844883778,-0.000352866940399904,0.00664778021682637,0.148824292382052,-0.137408004001484,0.526119800702246,0.563767894249168
-0.02,0.08,-0.0278356682146307,0.0794827462587233,-0.00783566821463072,-0.000517253741276674,0.00785272231793783,0.163844719920129,-0.127394167233564,0.542750904104627,0.581081581315026
-0.02,0.095,-0.0283878921763127,0.0943408268181238,-0.00838789217631269,-0.000659173181876249,0.00841375329119844,0.175851019088295,-0.111623793128666,0.53581153964697,0.574874099757059
-0.02,0.11,-0.0283495705634966,0.109221668998171,-0.00834957056349658,-0.000778331001828891,0.00838576935905207,0.184958169607734,-0.0922635467057082,0.506546150318631,0.547095387604253
-0.02,0.125,-0.027785119680429,0.124125315220821,-0.00778511968042898,-0.000874684779178958,0.00783410249495946,0.191308539680231,-0.0714508580183167,0.456777351872049,0.500351199316132
-0.02,0.14,-0.0267682563979103,0.139051552043185,-0.00676825639791034,-0.000948447956814619,0.00683438718501082,0.195069599552147,-0.0512039961595623,0.388893714763368,0.43807905018858
-0.02,0.155,-0.0253810039661443,0.153999915415913,-0.00538100396614426,-0.00100008458408693,0.00547315017690804,0.196430662687091,-0.0333310075872464,0.3058109103638,0.36498866379901
-0.02,0.17,-0.0237123444973145,0.168969705273794,-0.00371234449731452,-0.001030294726206,0.00385266257146785,0.195598704775815,-0.0193435023206964,0.21090586263144,0.288295824878907
-0.02,0.185,-0.0218565587876244,0.183960008832429,-0.0018565587876244,-0.00103999116757109,0.00212800191741719,0.192793381612825,-0.0103814881991055,0.107925679911405,0.221190136393701
-0.02,0.2,-0.0199113184936485,0.198969731291793,8.86815063514566e-05,-0.00103026870820658,0.00103407834358834,0.188241434484715,-0.00715502848781149,0.000875335604690357,0.188379484735135
-0.02,0.215,-0.0179756160732665,0.213997632081443,0.0020243839267335,-0.00100236791855662,0.00225895367968635,0.182170731978968,-0.00990741636258456,-0.106109960660509,0.211053800263917
-0.02,0.23,-0.0161476318179869,0.229042364394105,0.00385236818201309,-0.00095763560589493,0.0039696103793023,0.17480424186744,-0.0184029105028815,-0.208900269542543,0.273010354615713
-0.02,0.245,-0.014522642889997,0.244102515606127,0.00547735711000304,-0.000897484393873438,0.00555039810714035,0.166354245046517,-0.0319400441244686,-0.303506092880197,0.347577646247272
-0.02,0.26,-0.0131910758233504,0.259176646258044,0.00680892417664963,-0.000823353741956273,0.00685852461012988,0.157017098920901,-0.0493893599437532,-0.386205029151005,0.419819951065602
-0.02,0.275,-0.0122367917576969,0.274263325568269,0.00776320824230313,-0.000736674431730644,0.00779808254840438,0.146968819026212,-0.0692524120984675,-0.453652582948864,0.481869033038857
-0.02,0.29,-0.0117356744640006,0.289361161922061,0.0082643255359994,-0.000638838077938991,0.00828898007325368,0.136361689280987,-0.0897372636219836,-0.502971336115267,0.528799996820073
-0.02,0.305,-0.0117545673124054,0.304468827353071,0.00824543268759462,-0.00053117264692934,0.00826252410504803,0.125322032574608,-0.10884467242108,-0.531814689151597,0.557119451867053
-0.02,0.32,-0.0123505796002251,0.319585075626667,0.00764942039977493,-0.000414924373333264,0.0076606654207111,0.113949187008696,-0.124458780866846,-0.538403578825085,0.56422991040043
-0.02,0.335,-0.0135707579140893,0.334708754023654,0.00642924208591067,-0.000291245976346055,0.00643583545609913,0.10231565000068,-0.134436380985886,-0.521536692801176,0.548219342626463
-0.02,0.35,-0.0154520967597126,0.349838809419529,0.00454790324028742,-0.000161190580470566,0.00455075886927107,0.0904682760686558,-0.136689611124121,-0.480576515032966,0.50776375704618
0,0.05,-0.00481394270084934,0.0499759509204258,-0.00481394270084934,-2.40490795742343e-05,0.00481400277163287,0.0279883955881281,-0.13739052781279,0.494987071819546,0.514464271781484
0,0.065,-0.00668841890251987,0.0649451770377284,-0.00668841890251987,-5.48229622715779e-05,0.00668864358242965,0.0292884896560111,-0.134152974394914,0.535366334661561,0.552697310666546
0,0.08,-0.00787329665272463,0.0799249868796941,-0.00787329665272463,-7.5013120305889e-05,0.00787365398973201,0.0284418548880669,-0.123139158250305,0.551291929045691,0.565594890504477
0,0.095,-0.00841298416143488,0.0949146008225843,-0.00841298416143488,-8.5399177415707e-05,0.00841341758859367,0.0257608441186242,-0.106480300454978,0.543451362929514,0.554385657447914
0,0.11,-0.00836209661319917,0.109913034798791,-0.00836209661319917,-8.69652012093769e-05,0.00836254881687984,0.0215834146254576,-0.0863605246196932,0.513103487360497,0.520769660971924
0,0.125,-0.00778518847816552,0.124919116531799,-0.00778518847816552,-8.08834682010928e-05,0.00778560863234143,0.0162651108779914,-0.0649324494587178,0.462090634288444,0.466915128919288
0,0.14,-0.00675612478711339,0.139931511538421,-0.00675612478711339,-6.84884615788917e-05,0.00675647192019751,0.01016974916917,-0.0442264465732699,0.392826042778864,0.395439404935292
0,0.155,-0.00535708285417658,0.154948758350061,-0.00535708285417658,-5.12416499388324e-05,0.00535732791727379,0.00365916783375628,-0.0260588575302846,0.30825435951419,0.309375881858763
0,0.17,-0.00367719995548735,0.169969311586599,-0.00367719995548735,-3.06884134009533e-05,0.00367732800975834,-0.00291748830521498,-0.0119452202811645,0.211784873808579,0.212141660719397
0,0.185,-0.00181090787972894,0.184991590776958,-0.00181090787972894,-8.40922304179426e-06,0.00181092740436952,-0.00923439852977458,-0.00302476303893299,0.107199308900962,0.107638833817691
0,0.2,0.000143980325954656,0.200014032193362,0.000143980325954656,1.40321933616849e-05,0.000144662492417864,-0.0149990267723033,-1.98188805302449e-06,-0.00146179168931964,0.0150700910123562
0,0.215,0.00208834563970981,0.215035140583028,0.00208834563970981,3.51405830280038e-05,0.0020886412740034,-0.0199608405167878,-0.00311001329378441,-0.110028049992782,0.111867256591882
0,0.23,0.0039239007110657,0.230053537599682,0.0039239007110657,5.35375996818521e-05,0.00392426592688131,-0.0239182866418122,-0.0120988360256677,-0.214336085448011,0.216005738482439
0,0.245,0.00555528460539244,0.245068003945198,0.00555528460539244,6.80039451981529e-05,0.00555570081839121,-0.0267236379830518,-0.0262492786688347,-0.310365883661248,0.312618620132849
0,0.26,0.00689201296444707,0.260077512802701,0.00689201296444707,7.7512802700741e-05,0.00689244883453544,-0.0282854806006371,-0.0444116263059442,-0.394368441947824,0.397868778717519
0,0.275,0.00785019413104408,0.275081252865603,0.00785019413104408,8.12528656029543e-05,0.00785061462073178,-0.0285687825258999,-0.0650655941954924,-0.462977306302118,0.468400378895251
0,0.29,0.00835394114963464,0.290078640188206,0.00835394114963464,7.86401882063026e-05,0.00835431128285032,-0.027592657332775,-0.0863968184632739,-0.51329817665433,0.521251049970095
0,0.305,0.00833643356462593,0.305069318981805,0.00833643356462593,6.93189818046225e-05,0.00833672175970029,-0.0254260868006016,-0.106383982701378,-0.542972788850345,0.553882547336126
0,0.32,0.00774060875433716,0.320053152316206,0.00774060875433716,5.31523162064229e-05,0.00774079124227228,-0.0221819853780016,-0.122890334273525,-0.550215504991317,0.564210731074706
0,0.335,0.00651948736828525,0.335030204308117,0.00651948736828525,3.02043081165937e-05,0.00651955733508494,-0.0180100592634109,-0.133753618144546,-0.53382317450842,0.550621383183886
0,0.35,0.00463615892412436,0.350000715828652,0.00463615892412436,7.1582865243669e-07,0.00463615897938677,-0.0130889433418795,-0.136869261207642,-0.493160658792842,0.511970403933228
0.02,0.05,0.0152755781818974,0.0501190775054937,-0.00472442181810259,0.000119077505493725,0.00472592223462029,-0.0753896222107725,-0.13758987579783,0.485795401669114,0.510503149312078
0.02,0.065,0.0134019011909521,0.0652437125105311,-0.00659809880904794,0.000243712510531124,0.00660259825233591,-0.0907298287296848,-0.135271707202415,0.526537958230317,0.551157781881963
0.02,0.08,0.0122167611271552,0.0803675682969834,-0.00778323887284479,0.000367568296983395,0.00779191335967679,-0.107252416325544,-0.125226045199004,0.542890428583476,0.567377556206715
0.02,0.095,0.0116756978360117,0.095488554898704,-0.00832430216398827,0.00048855489870403,0.00833862652997648,-0.124422066503657,-0.109559908506793,0.535550115667594,0.560625238641171
0.02,0.11,0.0117240617547233,0.110604413383725,-0.00827593824527667,0.000604413383725244,0.00829797983716876,-0.141681499428771,-0.0904301120400792,0.505783123170032,0.532982052761275
0.02,0.125,0.0122972842992015,0.125712760873808,-0.00770271570079854,0.000712760873807505,0.00773562261427994,-0.158466095301342,-0.0699597622979219,0.455435785252895,0.487266926020845
0.02,0.14,0.0133215085706626,0.140811146440566,-0.00667849142933745,0.000811146440565652,0.00672757061053811,-0.174220110935425,-0.0501486722294711,0.386921530700924,0.427289893961271
0.02,0.155,0.0147145887460848,0.155897116120418,-0.00528541125391524,0.000897116120418179,0.00536100638467518,-0.188413757615479,-0.0327829309946767,0.303181038255291,0.35846007545888
0.02,0.17,0.0163874424827582,0.170968284259172,-0.00361255751724185,0.000968284259171642,0.00374007302361066,-0.200560263236821,-0.0193495910807077,0.207615401124949,0.289314981464693
0.02,0.185,0.0182457153489123,0.18602240762006,-0.00175428465108774,0.00102240762006045,0.0020304758010377,-0.210231950037615,-0.0109626204416021,0.10399415478967,0.234803137228739
0.02,0.2,0.0201916919693576,0.201057458106724,0.000191691969357594,0.00105745810672397,0.00107469226227439,-0.217074360544501,-0.00830581487423039,-0.0036577915753348,0.217264126274024
0.02,0.215,0.0221263682303868,0.216071689747378,0.00212636823038685,0.00107168974737792,0.00238116794154328,-0.220817554934171,-0.0115972645560994,-0.111188321454495,0.247503186237715
0.02,0.23,0.0239515850458019,0.231063695817764,0.00395158504580192,0.00106369581776383,0.00409224549201702,-0.221283882783916,-0.0205783114271546,-0.214453914488417,0.308837717999435
0.02,0.245,0.0255721187036243,0.246032452553816,0.00557211870362431,0.00103245255381565,0.0056669626011789,-0.218391785192835,-0.0345279085848998,-0.30945487048309,0.380328800272595
0.02,0.26,0.0268976263843104,0.260977346943257,0.00689762638431042,0.000977346943257268,0.00696652401022415,-0.212155478321554,-0.052301151841562,-0.392461797485243,0.44919111013004
0.02,0.275,0.0278443577061908,0.275898187239875,0.00784435770619081,0.000898187239874504,0.0078956119547853,-0.202680674289603,-0.0723887715854332,-0.460126081047405,0.507973710579806
0.02,0.29,0.0283365624925621,0.29079519621336,0.00833656249256215,0.000795196213359661,0.00837440214045967,-0.190156772499835,-0.0929927947989484,-0.509568600313095,0.55178779403665
0.02,0.305,0.0283075488865026,0.305668988355104,0.00830754888650265,0.000668988355104344,0.008334441428248,-0.174846174757056,-0.112112585740573,-0.538442963764045,0.577117022710331
0.02,0.32,0.0277003717228193,0.320520533344935,0.00770037172281934,0.000520533344934987,0.00771794529863907,-0.157071522760559,-0.127635124002122,-0.544971724635293,0.581342642632281
0.02,0.335,0.0264681558098316,0.335351108814081,0.00646815580983162,0.000351108814081375,0.00647767836339411,-0.137201715017831,-0.137423656589751,-0.527956146354883,0.562538715561738
0.02,0.35,0.024574080168713,0.350162245869737,0.004574080168713,0.000162245869736982,0.0045769567522602,-0.115637540614459,-0.139399653034865,-0.486761877622892,0.519368151315157
0.04,0.05,0.0355147811641655,0.0502360481273813,-0.00448521883583447,0.000236048127381344,0.00449142591208678,-0.170033826799887,-0.139612748411045,0.457987907650501,0.508092350960832
0.04,0.065,0.0336305465235779,0.0655150347191236,-0.00636945347642212,0.000515034719123564,0.00639024243281963,-0.201290750943325,-0.140151528505078,0.49996456120655,0.55689085222943
0.04,0.08,0.0324324718578293,0.0807819091386244,-0.00756752814217065,0.000781909138624359,0.00760781598644507,-0.232777157725868,-0.132965976212793,0.517878378934186,0.583151872988328
0.04,0.095,0.0318761036176041,0.0960332856840776,-0.00812389638239588,0.00103328568407757,0.00818934501268719,-0.263747245928865,-0.120097352351893,0.512436616903245,0.588710726315008
0.04,0.11,0.031906849278439,0.111265646042463,-0.00809315072156103,0.00126564604246307,0.00819151686238307,-0.293437621350268,-0.103632151323054,0.484905027445059,0.576177875083406
0.04,0.125,0.0324602507550969,0.126475412655254,-0.00753974924490305,0.0014754126552545,0.00768275088619313,-0.321088085788363,-0.0856211859295282,0.437117998601146,0.549092887032147
0.04,0.14,0.0334626158322787,0.141659034013148,-0.00653738416772133,0.00165903401314824,0.00674461159839143,-0.345964240372047,-0.0679930490083833,0.371464691895933,0.512154346055492
0.04,0.155,0.0348320156571302,0.156813078885453,-0.00516798434286979,0.00181307888545257,0.00547679808035874,-0.367380832259759,-0.0524670088066568,0.290849182241727,0.471503938860321
0.04,0.17,0.0364796324913905,0.171934335336319,-0.00352036750860948,0.0019343353363189,0.00401679481539763,-0.384724591755888,-0.0404710650552969,0.198624403702687,0.434860299540562
0.04,0.185,0.0383114168446611,0.187019909512375,-0.00168858315533887,0.00201990951237488,0.00263274524226646,-0.397475218720147,-0.0330710452044388,0.0985017739126484,0.410832771512426
0.04,0.2,0.0402299890057106,0.202067318703152,0.000229989005710603,0.00206731870315208,0.00208007248987869,-0.405223212128298,-0.0309161635876704,-0.0055595327817795,0.406439739622736
0.04,0.215,0.0421366998968023,0.21707457312046,0.00213669989680228,0.00207457312046,0.0029781437307709,-0.407683398611584,-0.0342053962096448,-0.109477819004888,0.423511478158543
0.04,0.23,0.0439337524879972,0.232040241365581,0.00393375248799718,0.00204024136558101,0.00443136474087293,-0.404703301721495,-0.0426774308878948,-0.209181366371938,0.457563200297684
0.04,0.245,0.0455262796175243,0.246963495545832,0.00552627961752432,0.00196349554583197,0.00586473197764115,-0.396265862083095,-0.0556250155113868,-0.300740260201135,0.50056675245054
0.04,0.26,0.0468242776528215,0.261844133398972,0.00682427765282149,0.0018441333989716,0.00706905888191642,-0.382486445725551,-0.0719324877292326,-0.380489656644321,0.544283722477461
0.04,0.275,0.0477443075954255,0.276682576465073,0.00774430759542549,0.00168257646507308,0.00792498351376095,-0.363604494626254,-0.0901333851969889,-0.445137466201135,0.581792512663568
0.04,0.29,0.0482108944049268,0.291479845041233,0.00821089440492684,0.00147984504123352,0.00834318454038518,-0.339970545340387,-0.108483537516203,-0.491850915784372,0.607675435098677
0.04,0.305,0.0481575790482933,0.306237512230906,0.00815757904829328,0.00123751223090551,0.00825091100732485,-0.312029621576792,-0.125044091721899,-0.518318385063478,0.617783259305991
0.04,0.32,0.0475276033274617,0.320957640702491,0.00752760332746169,0.000957640702490908,0.00758827302952916,-0.280302172807037,-0.137768592645955,-0.522785017976607,0.608980426210086
0.04,0.335,0.0462742320561171,0.335642706601176,0.00627423205611713,0.000642706601176074,0.00630706426708997,-0.245363780235335,-0.144588503556851,-0.504062636358051,0.578957004826839
0.04,0.35,0.044360738387908,0.350295515483923,0.00436073838790796,0.000295515483922815,0.00437074006193599,-0.207824787035467,-0.143492306785333,-0.461516214765872,0.526099178254765
0.06,0.05,0.0559010369212194,0.0503003509762921,-0.0040989630787806,0.000300350976292052,0.00410995243648466,-0.247093275744414,-0.141749704797399,0.412529900413799,0.501328822173297
0.06,0.065,0.0539949178119772,0.0657317298413107,-0.00600508218802281,0.000731729841310702,0.00604949920618008,-0.293048629918469,-0.146897709548765,0.456597625437785,0.562085724763314
0.06,0.08,0.052771289045545,0.081139736137983,-0.00722871095445499,0.00113973613798304,0.00731800932817676,-0.338314011578046,-0.14427888850992,0.47717772757978,0.602473813744096
0.06,0.095,0.0521857629523145,0.0965197145835772,-0.00781423704768552,0.00151971458357716,0.0079606427537579,-0.381954000361286,-0.135831215817964,0.474986546043339,0.624463815306117
0.06,0.11,0.0521838955145098,0.111866914649912,-0.00781610448549022,0.00186691464991212,0.00803597284951591,-0.423020770353743,-0.123532274453952,0.451281406099493,0.630765979422236
0.06,0.125,0.0527014630874775,0.127176591514319,-0.00729853691252248,0.00217659151431912,0.00761617959896293,-0.460580301426893,-0.109322442018258,0.407868994294582,0.624857261107472
0.06,0.14,0.0536650932486609,0.142444119873194,-0.00633490675133914,0.00244411987319426,0.00679004900591339,-0.493740523036751,-0.0950230710061909,0.347090682764511,0.610970185288564
0.06,0.155,0.0549932573889643,0.157665116435578,-0.00500674261103567,0.00266511643557765,0.00567188832650524,-0.52168002993625,-0.0822544341879091,0.271783007669932,0.593957076011743
0.06,0.17,0.0565976091410672,0.172835565619419,-0.00340239085893277,0.00283556561941864,0.00442907393695096,-0.543675801669283,-0.0723587995702328,0.185213216947853,0.578900647665615
0.06,0.185,0.0583846280354029,0.187951942076608,-0.00161537196459713,0.00295194207660754,0.00336502431011314,-0.559128281777995,-0.066334111700009,0.0909917581548262,0.570356762241533
0.06,0.2,0.0602575040714915,0.203011323236218,0.000257504071491538,0.00301132323621811,0.00302231301817364,-0.567582236529353,-0.0647833028923421,-0.00703446110967388,0.571313101187432
0.06,0.215,0.0621181791381627,0.218011485197211,0.00211817913816268,0.00301148519721095,0.00368181014643181,-0.568742043680283,-0.0678832445634751,-0.104902456777149,0.582308415914025
0.06,0.23,0.0638694477959323,0.232950976088024,0.0038694477959323,0.00295097608802442,0.00486630107140292,-0.562480428635963,-0.0753758578890828,-0.198660321355561,0.601277800856404
0.06,0.245,0.0654170146569946,0.247829162370533,0.00541701465699458,0.00282916237053299,0.00611131798493042,-0.548840136233155,-0.0865821027480768,-0.284493623211993,0.624229470332868
0.06,0.26,0.0666714091531872,0.262646245382835,0.00667140915318723,0.00264624538283487,0.0071770686714985,-0.52802855301983,-0.100437675501213,-0.358843605364256,0.646277835759998
0.06,0.275,0.0675496704924627,0.277403247499149,0.00754967049246273,0.00240324749914939,0.0079229491407512,-0.500405804991755,-0.115547504351095,-0.418510539244398,0.662505212896664
0.06,0.29,0.0679767344468208,0.292101969358805,0.00797673444682076,0.00210196935880516,0.008249034344725,-0.466467298961522,-0.130254747166692,-0.460736993261185,0.668462179643599
0.06,0.305,0.0678864770164356,0.306744921529656,0.00788647701643563,0.00174492152965647,0.00807720687338304,-0.4268220053897,-0.142719117640128,-0.48326758346206,0.660377282882478
0.06,0.32,0.0672223951388513,0.321335235453276,0.00722239513885128,0.00133523545327566,0.00734478354053997,-0.382167963008025,-0.150999056492583,-0.484383755143151,0.63520455121464
0.06,0.335,0.0659379287995578,0.335876559459017,0.00593792879955779,0.000876559459017101,0.00600227914327634,-0.333266526411742,-0.153132502489647,-0.462914046159006,0.59060024006975
0.06,0.35,0.0639964498329095,0.350372946057111,0.0039964498329095,0.000372946057111384,0.00401381365143891,-0.280916780771955,-0.147211709860302,-0.418221921356064,0.524878107190215
0.08,0.05,0.076431092274916,0.0502859871284696,-0.003568907725084,0.000285987128469556,0.00358034788642312,-0.298725475824643,-0.141288627236739,0.350955690297822,0.482048393133178
0.08,0.065,0.0744918597928273,0.0658669284373536,-0.00550814020717272,0.000866928437353587,0.00557594596973151,-0.357748454209885,-0.15252117713475,0.3979370041008,0.556419768180558
0.08,0.08,0.0732301903636612,0.0814133513347293,-0.00676980963633883,0.00141335133472931,0.00691577070959175,-0.415216369600806,-0.155900708193507,0.422228536848514,0.612364410512367
0.08,0.095,0.0726018218232957,0.0969193681364624,-0.0073981781767043,0.00191936813646237,0.00764310240527567,-0.470031746342633,-0.153230440811478,0.424553550811715,0.651659194544063
0.08,0.11,0.0725525494074511,0.112379034385361,-0.00744745059254892,0.0023790343853613,0.00781820471305201,-0.521090674729198,-0.146347015689357,0.406152472844009,0.676696456599671
0.08,0.125,0.073018505952267,0.127786476300578,-0.006981494047733,0.00278647630057782,0.00751702795739202,-0.567313464327707,-0.137049025639776,0.36878918186763,0.690389911490493
0.08,0.14,0.0739267908240378,0.143136031910891,-0.00607320917596219,0.00313603191089051,0.00683509808569818,-0.60767723406625,-0.127021262341889,0.314735523751953,0.696039100823009
0.08,0.155,0.0751964546539577,0.158422400483544,-0.00480354534604227,0.00342240048354447,0.0058980397558214,-0.641248851944789,-0.117759076451742,0.246732500343063,0.697101292108092
0.08,0.17,0.0767398238977511,0.17364079356768,-0.00326017610224887,0.0036407935676801,0.0048871388378207,-0.667216421619945,-0.110497755091529,0.167928173099899,0.696845294312452
0.08,0.185,0.0784641250432771,0.188787079980738,-0.00153587495672292,0.00378707998073796,0.00408667183208964,-0.68491744896755,-0.106151888710662,0.0817941207505668,0.697908615730334
0.08,0.2,0.0802733451409857,0.20385791671919,0.000273345140985696,0.00385791671918989,0.00386758826380283,-0.693861920873393,-0.105269260846304,-0.00797590633666574,0.701851663246289
0.08,0.215,0.0820702460268862,0.21885085808268,0.00207024602688621,0.00385085808268015,0.0043720734880353,-0.693748806221187,-0.108002855591855,-0.0975799055220704,0.708858427467319
0.08,0.23,0.0837584365289716,0.233764436350581,0.00375843652897159,0.00376443635058099,0.00531947611893159,-0.684474921903991,-0.114103219352477,-0.183227717127446,0.717707875869296
0.08,0.245,0.0852444018137752,0.248598209055606,0.00524440181377518,0.00359820905560648,0.00636009896087922,-0.666135649771236,-0.122931784858238,-0.261260316298794,0.726025435898066
0.08,0.26,0.0864393925238605,0.263352770089036,0.00643939252386048,0.00335277008903589,0.00725994788867551,-0.639017584732693,-0.133494063377619,-0.328261406630823,0.730703035604184
0.08,0.275,0.0872610880943975,0.278029724353374,0.00726108809439749,0.0030297243533739,0.00786782244156716,-0.603583770666742,-0.144490044180669,-0.381155157067706,0.728338615090383
0.08,0.29,0.0876349670792941,0.292631628089844,0.00763496707929409,0.00263162808984452,0.00807577790093086,-0.560452673965664,-0.154377894299849,-0.417285212893177,0.715592998320244
0.08,0.305,0.087495340172807,0.307161899221886,0.00749534017280695,0.0021618992218857,0.00780089306116189,-0.510372404113897,-0.161446256248215,-0.434471765896005,0.689431892896802
0.08,0.32,0.0867860262327524,0.321624703711801,0.00678602623275243,0.00162470371180112,0.00697780869490877,-0.454191891371123,-0.163890154896285,-0.43104528181915,0.647267137767081
0.08,0.335,0.0854606752845793,0.33602482499812,0.00546067528457927,0.00102482499812018,0.00555600943487203,-0.392830761953243,-0.159885728912467,-0.405857241140367,0.587028592563973
0.08,0.35,0.0834827630463575,0.350367523960976,0.00348276304635747,0.000367523960975891,0.00350210112631897,-0.327249537222921,-0.147659614368266,-0.358269760245323,0.507202644307145
0.1,0.05,0.0971011152011652,0.0501676986706167,-0.00289888479883485,0.000167698670616667,0.00290373137894027,-0.318459646419534,-0.134766066051624,0.275257995378802,0.441980057993936
0.1,0.065,0.0951177048950391,0.0658945466906348,-0.00488229510496088,0.000894546690634823,0.00496356920709792,-0.388612691561349,-0.153217135760477,0.325921040255623,0.529831897540406
0.1,0.08,0.0938057192043581,0.0815758861061335,-0.00619428079564194,0.00157588610613346,0.00639159851639345,-0.456418808759617,-0.163689434898904,0.35488200416878,0.600880109649272
0.1,0.095,0.0931210810761346,0.0972046442749795,-0.00687891892386541,0.00220464427497952,0.00722357127329091,-0.520650591739488,-0.167827399563661,0.36286756153019,0.65644547045487
0.1,0.11,0.0930099142438809,0.112773731405455,-0.00699008575611912,0.00277373140545534,0.00752029818474697,-0.580080791542134,-0.167302656991502,0.351092563855654,0.698395254355381
0.1,0.125,0.0934088269694471,0.128276193156403,-0.00659117303055293,0.00327619315640337,0.00736050293911717,-0.63351628481174,-0.163748821663009,0.321264081928187,0.72895427677642
0.1,0.14,0.0942455376934202,0.143705377532761,-0.00575446230657978,0.00370537753276134,0.00684424277025151,-0.679833874610893,-0.158692769197522,0.275565211650331,0.750534298154856
0.1,0.155,0.0954398490466509,0.159055109620752,-0.00456015095334908,0.0040551096207519,0.00610236763507781,-0.718016178917132,-0.153486352816974,0.216617349392656,0.76553059235333
0.1,0.17,0.0969049541790763,0.174319866320372,-0.00309504582092374,0.00431986632037168,0.00531418419510456,-0.747185658812507,-0.149242942420841,0.147421102269217,0.776081216572911
0.1,0.185,0.098549035852428,0.189494942240899,-0.00145096414757203,0.00449494224089936,0.0047233253864794,-0.766634784590965,-0.146783190478324,0.0712776189918154,0.783813930843243
0.1,0.2,0.100277096223832,0.204576597615792,0.000277096223831504,0.00457659761579238,0.00458497852275648,-0.775850471076693,-0.146594014084268,-0.0083062587668539,0.789628153689559
0.1,0.215,0.101992936546173,0.219562179604043,0.00199293654617257,0.0045621796040427,0.00497848157741028,-0.774531223700782,-0.148803933732431,-0.0877242097199056,0.793565895950411
0.1,0.23,0.103601193311751,0.234450209609722,0.00360119331175117,0.00445020960972242,0.00572476714278119,-0.762595911392677,-0.153176701919944,-0.163382172467824,0.794807832492994
0.1,0.245,0.105009332409786,0.249240431291398,0.00500933240978566,0.00424043129139751,0.00656312949200243,-0.740183665137747,-0.159123718697488,-0.231809260135705,0.791793992476554
0.1,0.26,0.106129506274934,0.26393381645278,0.0061295062749339,0.00393381645278001,0.00728325195627728,-0.707645036522053,-0.16573423682214,-0.289761586206974,0.782432505527869
0.1,0.275,0.106880190382758,0.278532528832401,0.00688019038275849,0.00353252883240107,0.00773406617858596,-0.665525158832837,-0.171820984864302,-0.33431340310507,0.764343053536612
0.1,0.29,0.10718753336613,0.293039848578501,0.00718753336613032,0.00303984857850131,0.00780392947619679,-0.614540173151581,-0.175977741520915,-0.362931103676658,0.735087877616644
0.1,0.305,0.106986377233625,0.307460062601058,0.00698637723362477,0.0024600626010578,0.00740684648495119,-0.555548560087732,-0.176644690965741,-0.373527120701683,0.692362544152855
0.1,0.32,0.10622092810677,0.321798327886703,0.00622092810677041,0.00179832788670276,0.00647564125764383,-0.48951922486087,-0.172177126636135,-0.364492383295371,0.634139445945038
0.1,0.335,0.104845080965756,0.336060515988081,0.00484508096575603,0.00106051598808071,0.0049597886775251,-0.417498216189672,-0.160913237114473,-0.334707574398339,0.558774968519374
0.1,0.35,0.102822421964311,0.350253047286898,0.00282242196431071,0.000253047286897679,0.00283374287366193,-0.340575832304028,-0.141237231868737,-0.283534808489554,0.46511614554391
0.12,0.05,0.117906745529516,0.0499211809818445,-0.00209325447048375,-7.88190181554849e-05,0.00209473786327149,-0.30143308802374,-0.118267794468321,0.187753657115217,0.374300830595968
0.12,0.065,0.115868321427797,0.0657895104819192,-0.00413167857220254,0.00078951048191922,0.00420643490678958,-0.380589044133604,-0.144696712369096,0.242793947125466,0.47406259283617
0.12,0.08,0.114494029340499,0.0816015366574855,-0.0055059706595012,0.00160153665748552,0.00573416363287254,-0.456695287383365,-0.162987865953149,0.277272137122489,0.55858565979003
0.12,0.095,0.113740036522354,0.0973490586935436,-0.0062599634776459,0.00234905869354363,0.0066861961897011,-0.528428853952598,-0.17461094120023,0.291913592354527,0.628445335244356
0.12,0.11,0.113552882185168,0.113023899386747,-0.00644711781483168,0.00302389938674674,0.00712104596386565,-0.594473878783509,-0.181057017594372,0.287898991455168,0.684888495167785
0.12,0.125,0.113869764735622,0.12861808128494,-0.00613023526437789,0.00361808128493973,0.00711830714292755,-0.653557702048462,-0.183780197173277,0.26686612922219,0.729477586966849
0.12,0.14,0.114619162783934,0.144124017530508,-0.00538083721606636,0.00412401753050828,0.00677944907332037,-0.704488609782862,-0.184136459486975,0.230893195736261,0.763891843482513
0.12,0.155,0.115721795672471,0.15953470997851,-0.00427820432752857,0.00453470997851035,0.00623431045563866,-0.746193383992613,-0.183323241453448,0.182462498614531,0.789755921592232
0.12,0.17,0.117091907478244,0.174843945701671,-0.00290809252175601,0.00484394570167129,0.0056498506242053,-0.777752646812075,-0.182323566594928,0.124404906170091,0.808472936043037
0.12,0.185,0.118638835682387,0.190046481981473,-0.00136116431761336,0.00504648198147312,0.00522682969771129,-0.798431956040406,-0.181858536775949,0.0598267182865223,0.821070574942208
0.12,0.2,0.120268803992371,0.205138209677507,0.000268803992370592,0.00513820967750706,0.005145236075861,-0.807706759734713,-0.182351614029577,-0.0079779081195198,0.828080855925292
0.12,0.215,0.121886860725716,0.220116285495953,0.00188686072571594,0.00511628549595278,0.00545312943862018,-0.805279650602364,-0.183907369973315,-0.0756246289643676,0.829474735933596
0.12,0.23,0.123398871971104,0.234979225211239,0.00339887197110386,0.00497922521123878,0.00602868264052698,-0.791088851224089,-0.186306332212651,-0.139741435528488,0.82466419168777
0.12,0.245,0.124713473940184,0.249726952149048,0.00471347394018366,0.004726952149048,0.00667539610841035,-0.765307457838376,-0.189016320667133,-0.197070357825356,0.812570284367452
0.12,0.26,0.125743892228696,0.26436079815382,0.00574389222869613,0.00436079815382012,0.00721171674937645,-0.728333613825271,-0.191219385822891,-0.244562757721077,0.791742144794701
0.12,0.275,0.126409546664888,0.278883457307427,0.00640954666488759,0.00388345730742684,0.00749423305668956,-0.680772397881909,-0.191852283944626,-0.279463209475375,0.760504131076107
0.12,0.29,0.126637377710315,0.29329889575968,0.00663737771031506,0.00329889575968001,0.00741198327727619,-0.623410737408346,-0.189657483819388,-0.299377966031499,0.717108630643071
0.12,0.305,0.126362851792651,0.307612223664747,0.00636285179265067,0.00261222366474739,0.00687819710461282,-0.557187036674562,-0.183241090020052,-0.302325316997148,0.659878853537085
0.12,0.32,0.125530626127062,0.321829537259429,0.00553062612706229,0.00182953725942914,0.00582537826591402,-0.48315742330926,-0.171133831702941,-0.286766567104658,0.587338036293717
0.12,0.335,0.124094875894694,0.335957740304878,0.00409487589469368,0.000957740304877497,0.00420538643700317,-0.402460547377455,-0.151851392618001,-0.251617765985432,0.498343659959143
0.12,0.35,0.122019306184692,0.350004354560716,0.00201930618469184,4.35456071651297e-06,0.00201931087991269,-0.316282748438058,-0.123950794458808,-0.196243548090385,0.392314552242164
0.14,0.05,0.138843150104199,0.0495232751478023,-0.00115684989580139,-0.000476724852197685,0.00125122670452584,-0.244491660217018,-0.0877418016666567,0.090940892828898,0.275218435620678
0.14,0.065,0.136739165123096,0.0655279579099446,-0.00326083487690373,0.000527957909944643,0.00330329890399051,-0.330450228343046,-0.122530501991573,0.15096572953726,0.383408760177511
0.14,0.08,0.135290931659579,0.0814657763278649,-0.00470906834042109,0.00146577632786488,0.00493191898535299,-0.41275744337471,-0.148997433789403,0.191681074080745,0.478865232948918
0.14,0.095,0.13445491962812,0.0973274664342093,-0.00554508037187995,0.00232746643420928,0.00601373563876723,-0.49002919334524,-0.168429541584379,0.213805354186856,0.560546480235468
0.14,0.11,0.134178167712329,0.113103829708804,-0.00582183228767064,0.00310382970880446,0.00659753666507595,-0.560895425516466,-0.182130162416483,0.218476899790424,0.628896812737672
0.14,0.125,0.134398573924961,0.128785930917137,-0.00560142607503911,0.00378593091713658,0.00676086140839011,-0.624037251451466,-0.191367717411937,0.207253651742731,0.684838487786901
0.14,0.14,0.13504551061046,0.144365310855721,-0.00495448938953962,0.00436531085572056,0.00660324950142976,-0.678225421442172,-0.197322318207705,0.182096156292192,0.729446376809175
0.14,0.155,0.136040768892443,0.159834205701792,-0.00395923110755735,0.00483420570179155,0.00624860430258499,-0.722358330530837,-0.201033313660636,0.14533305909531,0.763771096052868
0.14,0.17,0.137299816543464,0.175185763143518,-0.002700183456536,0.00518576314351771,0.00584663408121436,-0.755497552536148,-0.203351047003846,0.0996094672711321,0.788707847672516
0.14,0.185,0.138733331384155,0.190414244474084,-0.0012666686158453,0.00541424447408356,0.00556043996528259,-0.776898892844152,-0.204896054093744,0.0478197890599178,0.804892333878132
0.14,0.2,0.140248951471605,0.205515201690938,0.000248951471604503,0.0055152016909375,0.00552081755964947,-0.786037113572796,-0.206028582416259,-0.00697212202216522,0.81262648297738
0.14,0.215,0.141753166012237,0.220485619423262,0.00175316601223695,0.00548561942326237,0.0057589592395967,-0.782622828266446,-0.20683066328717,-0.0616216420821405,0.811840913168555
0.14,0.23,0.143153259262085,0.235324013221709,0.00315325926208496,0.00532401322170872,0.0061877427838311,-0.766610545068017,-0.207102077564051,-0.112996247521652,0.802098284096173
0.14,0.245,0.144359215076947,0.25003047829631,0.00435921507694711,0.00503047829631004,0.00665646061933287,-0.73819742690038,-0.206370515553529,-0.158067591685457,0.782636006140793
0.14,0.26,0.145285492922737,0.264606685871454,0.005285492922737,0.00460668587145435,0.00701127592914158,-0.697812958814678,-0.203915156624142,-0.193997882126813,0.75244111517114
0.14,0.275,0.145852596665517,0.279055827727324,0.0058525966655167,0.00405582772732405,0.00712057766497548,-0.646100314040092,-0.19880190920661,-0.2182161544572,0.710346794356661
0.14,0.29,0.145988373992873,0.293382512766396,0.00598837399287272,0.00338251276639601,0.00687764608665976,-0.583890717130889,-0.189927760528643,-0.228480902306232,0.655140536730137
0.14,0.305,0.145629004904166,0.307592622290236,0.00562900490416593,0.00259262229023566,0.00619736932504033,-0.512172474681646,-0.176071167890388,-0.22292664458851,0.585679925983765
0.14,0.32,0.144719659918259,0.321693132846795,0.00471965991825912,0.0016931328467954,0.00501416878265174,-0.432056556170454,-0.155945214091799,-0.200093239109469,0.501029621399031
0.14,0.335,0.143214830205303,0.335691916772694,0.00321483020530278,0.000691916772694035,0.00328844675633686,-0.344740643254275,-0.128250340910298,-0.158937968563412,0.400694638449464
0.14,0.35,0.141078350707119,0.349597530990297,0.00107835070711851,-0.000402469009702588,0.00115100892755615,-0.251473457835856,-0.0917238276829145,-0.0988315062367477,0.285341892239089
0.16,0.05,0.159905081116539,0.0489521372131894,-9.49188834613035e-05,-0.00104786278681063,0.00105215303754733,-0.146162787329403,-0.0392901350491906,-0.012637752680686,0.151878245352086
0.16,0.065,0.157725332914023,0.0650874167771975,-0.00227466708597746,8.74167771975354e-05,0.00227634620498833,-0.236756103384198,-0.0824668250873716,0.0528787007634434,0.256223527672821
0.16,0.08,0.156191941994417,0.0811455409560612,-0.00380805800558329,0.00114554095606118,0.00397662795039975,-0.323205335574269,-0.117122377576393,0.100411690973334,0.358137216116024
0.16,0.095,0.155261738018638,0.0971162546832937,-0.00473826198136179,0.00211625468329374,0.00518937958609517,-0.40409777520368,-0.144360290367084,0.130666577605744,0.448564028401137
0.16,0.11,0.154882339481948,0.112989411107306,-0.00511766051805235,0.00298941110730638,0.0059268058806172,-0.478041410515739,-0.165296477930428,0.144731934895528,0.526113859953742
0.16,0.125,0.154992447277578,0.128755189123753,-0.00500755272242207,0.00375518912375283,0.00625915566374477,-0.543701999372673,-0.181014954966896,0.144077417737575,0.590880423354412
0.16,0.14,0.155522452361233,0.144404325787308,-0.00447754763876669,0.00440432578730809,0.00628064634398182,-0.599841208387963,-0.19252203378843,0.130536743490954,0.643364903684738
0.16,0.155,0.156395361692802,0.159928354560498,-0.00360463830719784,0.00492835456049823,0.00610590664845949,-0.645354027923627,-0.200701603041353,0.106275229991249,0.684151255698832
0.16,0.17,0.157528026521308,0.175319838762793,-0.00247197347869228,0.00531983876279313,0.00586611774016464,-0.679303533201097,-0.206274228372858,0.0737423192990749,0.713755466108078
0.16,0.185,0.158832636158149,0.190572588620849,-0.00116736384185148,0.00557258862084931,0.00569354742462741,-0.700951075335606,-0.209762757827991,0.0356105847219099,0.732535492517559
0.16,0.2,0.16021842047931,0.205681850268263,0.000218420479309616,0.00568185026826257,0.00568604695519983,-0.709780161001108,-0.211466803210582,-0.00529625829258381,0.740636060662926
0.16,0.215,0.161593487914819,0.220644455925908,0.00159348791481941,0.00564445592590773,0.00586507343809013,-0.705512609352824,-0.211447918250413,-0.0460829366675476,0.737963027296631
0.16,0.23,0.162866714528454,0.235458926426183,0.00286671452845424,0.00545892642618312,0.00616586813953485,-0.688116044497656,-0.209526553714872,-0.0838657765458616,0.724186107127702
0.16,0.245,0.163949595443589,0.250125519932484,0.00394959544358925,0.00512551993248384,0.00647072320118162,-0.65780233332836,-0.205291009798722,-0.115855111335852,0.698768035417446
0.16,0.26,0.164757972830566,0.264646224072874,0.00475797283056581,0.00464622407287357,0.00665024086719814,-0.615017169368449,-0.198117724369958,-0.139432696451341,0.661016697663444
0.16,0.275,0.165213564669847,0.279024692268173,0.00521356466984697,0.0040246922681732,0.00658630430667835,-0.560421565678174,-0.18720142622616,-0.152220309974822,0.610156739179465
0.16,0.29,0.165245234235183,0.293266128519217,0.005245234235183,0.00326612851921709,0.00617900296860092,-0.49486649908763,-0.171593030657141,-0.152136448131787,0.545421640031655
0.16,0.305,0.164789959867077,0.307377127928372,0.00478995986707714,0.0023771279283718,0.00534737811605416,-0.419362301127108,-0.150242722919246,-0.137438971001299,0.466184818614232
0.16,0.32,0.163793485837653,0.32136548247748,0.00379348583765263,0.00136548247747986,0.00403175857372135,-0.335044596641583,-0.122045493088014,-0.106752596416811,0.372218468414878
0.16,0.335,0.162210655753673,0.33523996299055,0.00221065575367288,0.000239962990550235,0.00222364140501134,-0.243138634763499,-0.0858864474235814,-0.0590811779052082,0.264544112533096
0.16,0.35,0.16000544809032,0.349010088561283,5.4480903204368e-06,-0.000989911438716573,0.000989926430695764,-0.144923761472828,-0.0406834982404565,0.00619436125201971,0.150653333370863
0.18,0.05,0.181086936366188,0.0481873817998641,0.0010869363661884,-0.00181261820013595,0.00211353150050027,-0.00652270680462592,0.030586135811523,-0.120515579262053,0.124507302404134
0.18,0.065,0.1788216178072,0.0644469543956374,-0.00117838219279956,-0.000553045604362645,0.00130170812120534,-0.0997028912981789,-0.0206966400476642,-0.049108486845807,0.113051603568181
0.18,0.08,0.177192329125825,0.0806193845604686,-0.00280767087417538,0.000619384560468617,0.00287517877208351,-0.188358467353723,-0.0632539328020235,0.0056779266935111,0.198776886785508
0.18,0.095,0.176156315150764,0.0966935039070952,-0.00384368484923633,0.00169350390709516,0.00420022245882233,-0.271077381976572,-0.0980112635159823,0.0445297563954435,0.291671455092365
0.18,0.11,0.17566185024573,0.112658295789605,-0.00433814975427001,0.00265829578960491,0.0050878364552631,-0.346474288523362,-0.125903709043473,0.068479487713334,0.374948154432421
0.18,0.125,0.175648534484255,0.12850313035774,-0.00435146551574533,0.0035031303577398,0.00558633819581656,-0.413226710906201,-0.147838262716225,0.0789023353961271,0.445913723378569
0.18,0.14,0.176047892657287,0.144218014279334,-0.00395210734271294,0.00421801427933349,0.00578020734134916,-0.470111964414647,-0.164655204340937,0.0774994907132379,0.504107533953481
0.18,0.155,0.176784279495884,0.159793845431145,-0.00321572050411577,0.00479384543114514,0.0057725048616958,-0.516043132858157,-0.177090618187705,0.0662679060462869,0.549595627192562
0.18,0.17,0.177776075297259,0.175222661246738,-0.0022239247027409,0.00522266124673781,0.00567644532974979,-0.550102293202703,-0.185742314761281,0.0474570884403525,0.582552863946089
0.18,0.185,0.17893713625167,0.190497868489857,-0.00106286374832998,0.00549786848985701,0.00559966403271452,-0.571569211838076,-0.191041343634018,0.0235142707758438,0.603112293423673
0.18,0.2,0.180178444884297,0.205614442242905,0.000178444884297384,0.00561444224290469,0.00561727730093901,-0.579943907588841,-0.193231012034751,-0.00297982047926167,0.611298277466479
0.18,0.215,0.181409890395076,0.220569082913381,0.00140989039507598,0.0055690829133811,0.00574477810034824,-0.574961797183857,-0.192354867893219,-0.0293816541616031,0.606999333690513
0.18,0.23,0.182542098132308,0.235360322101474,0.00254209813230763,0.00536032210147425,0.00593256402795918,-0.556600568093064,-0.188254497805698,-0.0530585858212597,0.589967996727359
0.18,0.245,0.183488223293229,0.249988571070287,0.00348822329322923,0.00498857107028688,0.00608716215216337,-0.525078438441004,-0.180577296311904,-0.0714618604204701,0.559843565314438
0.18,0.26,0.184165626740761,0.264456109056173,0.00416562674076126,0.00445610905617277,0.00609994705418419,-0.480844001597096,-0.168793650370807,-0.0821952943222915,0.516197751861241
0.18,0.275,0.184497360247494,0.278767012407084,0.0044973602474938,0.00376701240708405,0.00586656898628684,-0.424558366667315,-0.152222330488019,-0.0830763712169606,0.458611219868268
0.18,0.29,0.184413403385117,0.292927029157935,0.00441340338511667,0.00292702915793469,0.00529581241464982,-0.357070749754898,-0.130062352797426,-0.0721870791803047,0.386816854168057
0.18,0.305,0.183851612843587,0.306943406767137,0.00385161284358734,0.00194340676713695,0.0043141339060628,-0.279388996339226,-0.101429222760607,-0.0479126143508129,0.301067975178939
0.18,0.32,0.182758365155088,0.320824683135421,0.00275836515508779,0.000824683135420778,0.00287900687783998,-0.19264670954522,-0.0653933138226184,-0.008966937979254,0.203640589817699
0.18,0.335,0.181088893476563,0.334580452386263,0.00108889347656341,-0.000419547613737248,0.00116692296382193,-0.0980687117762534,-0.0210181751427878,0.0455949416810641,0.110173219812912
0.18,0.35,0.178807336471125,0.348221117369223,-0.00119266352887487,-0.00177888263077719,0.00214169785618538,0.00306351086226051,0.0326032278243258,0.116377305735983,0.120896808387014
0.2,0.05,0.202382820239186,0.0472101984796815,0.00238282023918554,-0.00278980152031849,0.00366889967361382,0.173012655556829,0.124804369791261,-0.230397832400445,0.313995091728932
0.2,0.065,0.200022563835477,0.0635872980556467,2.25638354768576e-05,-0.00141270194435328,0.00141288212893042,0.0791077503413632,0.0659513518938569,-0.152812464675243,0.184280480837818
0.2,0.08,0.198287162190678,0.0798676035903451,-0.00171283780932235,-0.0001323964096549,0.00171794708019011,-0.0100032395482929,0.0160227462862863,-0.0904808282660254,0.0924314629087742
0.2,0.095,0.19713432862612,0.0960391155622843,-0.00286567137387986,0.00103911556228431,0.00304825090418356,-0.0929339353461511,-0.0257392948488633,-0.0427419500766477,0.105480353984644
0.2,0.11,0.196513064633713,0.112090030218174,-0.00348693536628698,0.002090030218174,0.00406533449565265,-0.168329805863702,-0.0601003982506772,-0.00862446867299725,0.178945212009339
0.2,0.125,0.196363958133876,0.128008989902794,-0.00363604186612368,0.00300898990279441,0.00471962082029085,-0.234902731157731,-0.0878025142452603,0.0131485209550542,0.251120606813835
0.2,0.14,0.19661977256966,0.143785347648842,-0.00338022743034005,0.00378534764884175,0.00507491815731201,-0.29146602653573,-0.10953185971934,0.0241432366636254,0.312302433981296
0.2,0.155,0.197206329419983,0.159409435781129,-0.00279367058001721,0.00440943578112929,0.00521993479054643,-0.336968349247248,-0.125888010074774,0.0261873714941299,0.360668362131682
0.2,0.17,0.198043668494816,0.174872826687029,-0.00195633150518369,0.00487282668702937,0.00525087353494635,-0.370524835459724,-0.137355967710933,0.0213311419785334,0.395741021107332
0.2,0.185,0.19904745156374,0.190168573038095,-0.000952548436259568,0.00516857303809481,0.00525561564172469,-0.391443851931346,-0.144282957494475,0.0117984523133504,0.41735576515167
0.2,0.2,0.200130557044861,0.20529141484131,0.000130557044861298,0.0052914148413099,0.00529302523749865,-0.399247924123213,-0.146861471707495,-6.98900415100152e-05,0.425403376820948
0.2,0.215,0.201204798750203,0.220237941808551,0.00120479875020324,0.00523794180855075,0.00537471621746257,-0.393687689432353,-0.145119709506641,-0.0118783893280803,0.419751844619116
0.2,0.23,0.202182691750192,0.235006701700673,0.00218269175019181,0.0050067017006733,0.00546179505253358,-0.37474812265003,-0.138920070365411,-0.0212415710656813,0.400233428249236
0.2,0.245,0.202979184496192,0.249598248311141,0.00297918449619156,0.00459824831114053,0.00547899879478494,-0.342646736234743,-0.127965805128759,-0.0258480681326663,0.366675080476333
0.2,0.26,0.203513278957911,0.264015126377287,0.003513278957911,0.00401512637728718,0.00533520092046096,-0.297823944056196,-0.111815365063545,-0.0235210162747054,0.318991032100516
0.2,0.275,0.20370946937098,0.278261794581014,0.00370946937098028,0.00326179458101405,0.00493958165262743,-0.240926235719175,-0.0899034710586453,-0.0122719893082738,0.257446690405766
0.2,0.29,0.20349894418102,0.292344491497387,0.00349894418101998,0.00234449149738697,0.00421179899368588,-0.17278320534088,-0.0615675053734438,0.00965380265933815,0.183678574050199
0.2,0.305,0.20282051330851,0.306271052603811,0.00282051330851019,0.00127105260381133,0.00309368227928122,-0.0943797769046748,-0.0260775437492199,0.0437426801604743,0.107242743352566
0.2,0.32,0.201621241885013,0.320050688844808,0.00162124188501253,5.06888448084664e-05,0.00162203409603713,-0.00682514858239082,0.0173317871166103,0.091188942734965,0.093072008030888
0.2,0.335,0.199856790331767,0.333693738743237,-0.00014320966823328,-0.00130626125676281,0.00131408807923786,0.0886799638346196,0.0694294179969399,0.152882777365845,0.189888800854346
0.2,0.35,0.197491477158716,0.347211406467502,-0.00250852284128408,-0.00278859353249805,0.00375085866632348,0.190876264980383,0.130957547100624,0.229409148511016,0.325902549028464
