target_x,target_y,gaze_x,gaze_y,error_px_x,error_px_y,error_px_xy,error_deg_x,error_deg_y,error_deg_z,error_deg_xyz
-0.2,0.05,-0.202880625548269,0.059071773333317,-0.00288062554826898,0.00907177333331695,0.00951814451247828,0.312281253008191,0.105977632562781,-0.833181602232308,0.896079677487397
-0.2,0.065,-0.203826051594192,0.0717460793475121,-0.00382605159419225,0.00674607934751213,0.00775553075968052,0.272602391098015,0.0646804681398161,-0.688837894849296,0.743640393506054
-0.2,0.08,-0.204314086315018,0.084538040835287,-0.00431408631501809,0.00453804083528696,0.00626140202799328,0.237754707407192,0.0324308384144498,-0.561077528996219,0.610238128875814
-0.2,0.095,-0.20438903193512,0.0974646937656362,-0.00438903193512044,0.00246469376563623,0.00503371797838071,0.207457641943792,0.00806294728958887,-0.449506740644934,0.495137879719773
-0.2,0.11,-0.204102227503534,0.110542910814895,-0.00410222750353398,0.000542910814895194,0.00413799741948697,0.181411288437754,-0.00962481895910505,-0.353382336474886,0.397344184815838
-0.2,0.125,-0.203511737425641,0.123789060359369,-0.00351173742564106,-0.00121093964063127,0.00371465672167703,0.159309496079545,-0.0218260549437375,-0.27160714175095,0.315636790665582
-0.2,0.14,-0.202681810923174,0.137218645427689,-0.0026818109231741,-0.00278135457231055,0.00386368258072123,0.140853949885927,-0.0296797586216418,-0.202738665609075,0.248643895618984
-0.2,0.155,-0.201682109923136,0.150845936432044,-0.00168210992313633,-0.00415406356795562,0.00448171149452192,0.12576846390524,-0.0342234384022929,-0.145011887041348,0.194980599860895
-0.2,0.17,-0.200586716516417,0.164683613572089,-0.000586716516417243,-0.00531638642791103,0.00534866347057968,0.113812629213773,-0.0363486120591846,-0.096376208891385,0.153502195101864
-0.2,0.185,-0.199472945497137,0.178742435900828,0.000527054502862563,-0.0062575640991722,0.00627972092566513,0.104793930681785,-0.0367614709141556,-0.0545456632308882,0.123727155372818
-0.2,0.2,-0.198420001515323,0.193030953854505,0.00157999848467731,-0.00696904614549516,0.00714590787721362,0.0985775056772571,-0.0359513042233935,-0.0170604739798933,0.106306556318256
-0.2,0.215,-0.197507532352462,0.207555280525444,0.00249246764753814,-0.00744471947455554,0.00785087530335636,0.095092850228713,-0.0341688462029878,0.0186428036302536,0.102750752665247
-0.2,0.23,-0.196814138552451,0.222318934084698,0.00318586144754922,-0.00768106591530164,0.00831555691208887,0.0943369912572656,-0.0314160578283228,0.0551560476591496,0.113704135566175
-0.2,0.245,-0.196415903983396,0.237322759758163,0.00358409601660407,-0.00767724024183716,0.00847264787342901,0.0963738994083276,-0.0274480419040395,0.0950231366379808,0.138096811040571
-0.2,0.26,-0.196385011249057,0.252564935047827,0.00361498875094333,-0.00743506495217348,0.00826730515418932,0.101330206285845,-0.0217869057053485,0.140666312533257,0.174726973037207
-0.2,0.275,-0.196788500322924,0.268041056823336,0.0032114996770759,-0.00695894317666381,0.00766424297056757,0.109387562377625,-0.0137465203995414,0.194319085302575,0.223415701741894
-0.2,0.29,-0.197687218811437,0.283744304071989,0.00231278118856314,-0.00625569592801069,0.00666953434430778,0.120772214812072,-0.00246638016880576,0.257968870417919,0.284851042006457
-0.2,0.305,-0.199134999132646,0.299665665971383,0.000865000867353583,-0.00533433402861733,0.00540401203083295,0.135742557288992,0.0130477940286879,0.333311757880656,0.360129756768807
-0.2,0.32,-0.201178082822624,0.315794221740429,-0.00117808282262372,-0.00420577825957121,0.00436765954552812,0.154575506932993,0.0338793785370922,0.421720873163341,0.450434167720738
-0.2,0.335,-0.203854796874777,0.332117456865822,-0.00385479687477649,-0.00288254313417787,0.00481336824543714,0.177552577894341,0.0611548402395892,0.524228817901744,0.556851081259486
-0.2,0.35,-0.207195472927627,0.348621599670804,-0.00719547292762721,-0.0013784003291963,0.00732630999342401,0.20494646474874,0.0959989734167525,0.641523756778711,0.680277166504072
-0.18,0.05,-0.182607793328815,0.0573780797641048,-0.00260779332881481,0.00737807976410478,0.00782538478614971,0.381155954935862,0.0432888338928984,-0.635267008764793,0.742108925076589
-0.18,0.065,-0.183438482133813,0.0702124461912457,-0.00343848213381273,0.00521244619124565,0.00624441788169087,0.33480118749819,0.00980258529209611,-0.500260773933734,0.602039950991262
-0.18,0.08,-0.183804298626323,0.0831566100934861,-0.00380429862632284,0.00315661009348607,0.00494336680012115,0.293822014708878,-0.0146823088585774,-0.383479356061125,0.483326751091383
-0.18,0.095,-0.183750177294911,0.0962266600130375,-0.00375017729491095,0.00122666001303749,0.00394569696389,0.258005848974319,-0.0315074041198176,-0.284516391129314,0.385369785146603
-0.18,0.11,-0.183328287879649,0.109438541782785,-0.00332828787964871,-0.000561458217215066,0.00337531265803553,0.227115820203391,-0.042057033964038,-0.202576459136922,0.307226037054275
-0.18,0.125,-0.18259772164723,0.122807733020824,-0.00259772164722968,-0.00219226697917622,0.00339914581394681,0.200902606520908,-0.0477078609481838,-0.13646817403854,0.247510717133579
-0.18,0.14,-0.181623939489466,0.136348897857828,-0.001623939489466,-0.00365110214217154,0.0039959637533412,0.179117376570082,-0.0497749271209841,-0.0846123155748684,0.204254415107434
-0.18,0.155,-0.180477978828731,0.150075535209494,-0.00047797882873149,-0.00492446479050593,0.00494760722305723,0.161525111777041,-0.0494570511593683,-0.0450661728911356,0.174835194689638
-0.18,0.17,-0.179235430552444,0.163999635975721,0.000764569447556193,-0.00600036402427878,0.00604887881049004,0.147917472156945,-0.0477847864895531,-0.0155642694161792,0.1562217206148
-0.18,0.185,-0.177975212491433,0.178131365651273,0.0020247875085666,-0.00686863434872668,0.00716085904562821,0.138124331737763,-0.0455742628236562,0.00642550357848598,0.145590669178609
-0.18,0.2,-0.176778180630893,0.192478788657036,0.00322181936910701,-0.00752121134296428,0.00818222097676955,0.132023155208369,-0.0433900384625546,0.0236324858936823,0.140965646036802
-0.18,0.215,-0.175725632038396,0.20704764925918,0.0042743679616036,-0.00795235074081962,0.00902829462169893,0.12954552012866,-0.0415195852469194,0.038903795910924,0.14149004648587
-0.18,0.23,-0.174897762623367,0.221841221111446,0.00510223737663286,-0.00815877888855408,0.00962281139791408,0.130680290474009,-0.0399612430121975,0.0551188853895879,0.147351086708012
-0.18,0.245,-0.174372147471241,0.236860233578017,0.00562785252875911,-0.00813976642198264,0.00989588406813138,0.135473211517457,-0.038426497422959,0.075102673162406,0.159593279080098
-0.18,0.26,-0.17422231073254,0.252102878351468,0.00577768926745986,-0.00789712164853241,0.00978499992861728,0.144022981449114,-0.0363563562275283,0.101541947939599,0.179931091316393
-0.18,0.275,-0.174516446116944,0.267564894968084,0.00548355388305576,-0.00743510503191589,0.00923851449227617,0.156474131797242,-0.0329505480555968,0.136909426688918,0.210509224275247
-0.18,0.29,-0.175316338434546,0.283239729058043,0.00468366156545412,-0.00676027094195728,0.00822422937839067,0.17300729253693,-0.027207364322931,0.183399186921782,0.253588506610183
-0.18,0.305,-0.176676522698254,0.299118753211921,0.00332347730174559,-0.00588124678807869,0.00675533605067165,0.193827587937641,-0.0179712977130513,0.242876232306554,0.311257455920828
-0.18,0.32,-0.17864370131756,0.315191537164623,0.00135629868243975,-0.00480846283537703,0.00499608456245387,0.21915200778794,-0.00398526308161627,0.316841825094189,0.385269757769472
-0.18,0.335,-0.181256423835528,0.331446152364281,-0.00125642383552785,-0.00355384763571887,0.00376940762884397,0.249196604604122,0.0160558732917665,0.406415056192023,0.477002359420616
-0.18,0.35,-0.184545018794647,0.347869495276887,-0.00454501879464692,-0.00213050472311292,0.00501958625973298,0.284164305819083,0.0434535016522808,0.512330038999547,0.58747140520293
-0.16,0.05,-0.162354607362819,0.0559203759025395,-0.00235460736281887,0.00592037590253949,0.00637142265592317,0.416129194373147,-0.00442441411555971,-0.440292031575815,0.60584121250485
-0.16,0.065,-0.163081240037829,0.0689236938924029,-0.00308124003782939,0.00392369389240294,0.0049889291367991,0.36142547589193,-0.0300885843968309,-0.314540354497483,0.480073619871276
-0.16,0.08,-0.163336147531718,0.0820286447504322,-0.00333614753171846,0.00202864475043223,0.0039045204413407,0.312722378070579,-0.0467841849878951,-0.208643632974243,0.378836025402534
-0.16,0.095,-0.163164840499693,0.0952502675532241,-0.00316484049969315,0.000250267553224104,0.0031747203399189,0.269901012766745,-0.0560300364901521,-0.122187309539471,0.301522586414102
-0.16,0.11,-0.162620248695668,0.108603476870342,-0.00262024869566796,-0.00139652312965752,0.00296917161491519,0.232813261821116,-0.0593957505286452,-0.0543278206785841,0.246336102984578
-0.16,0.125,-0.161762405409068,0.122102755461366,-0.00176240540906848,-0.00289724453863434,0.00339117955032764,0.201291515650154,-0.0584444949107151,-0.00378302245891741,0.209638721490203
-0.16,0.14,-0.160657885209601,0.135761827777125,-0.000657885209600695,-0.00423817222287455,0.00428892955639945,0.175159606219718,-0.0546713981720437,0.0311604694890705,0.186120538227489
-0.16,0.155,-0.1593789914414,0.149593326950314,0.000621008558600096,-0.00540667304968567,0.00544222060339821,0.154244285191564,-0.0494408835567828,0.0526215525503291,0.170307808477911
-0.16,0.17,-0.158002704811038,0.163608469978837,0.00199729518896222,-0.00639153002116349,0.00669633064321691,0.138386482612529,-0.0439266870665327,0.0630802013289418,0.158301927176362
-0.16,0.185,-0.156609420443395,0.177816756891069,0.00339057955660462,-0.00718324310893133,0.00794323682711743,0.127451539039309,-0.0390584755390561,0.0653153394100123,0.148443811600136
-0.16,0.2,-0.155281516223216,0.192225709538204,0.00471848377678418,-0.00777429046179559,0.00909415643895251,0.121337632902701,-0.0354787732455116,0.0623274099162687,0.140947793722714
-0.16,0.215,-0.154101808685226,0.206840664262054,0.00589819131477377,-0.00815933573794628,0.0100679402297689,0.119981741908971,-0.0335133210602167,0.0572493131509197,0.137099430722705
-0.16,0.23,-0.153151962338392,0.221664630003445,0.00684803766160832,-0.00833536999655499,0.0107876787491228,0.123362666536234,-0.0331570665159328,0.0532503881299744,0.138395634698809
-0.16,0.245,-0.152510923137503,0.236698219624638,0.00748907686249697,-0.00830178037536212,0.0111806005944732,0.131500886875664,-0.0340768091250979,0.0534387292491628,0.145977469081287
-0.16,0.26,-0.152253445986435,0.251939657776738,0.00774655401356455,-0.00806034222326193,0.0111793656278508,0.144455295452095,-0.0356302353057001,0.0607672707873942,0.16071566254673
-0.16,0.275,-0.152448779844457,0.267384863878269,0.00755122015554266,-0.00761513612173091,0.0107243286032257,0.162317113109072,-0.0368998210202945,0.0779487165643374,0.183805531442754
-0.16,0.29,-0.153159562785408,0.283027604200317,0.00684043721459177,-0.00697239579968337,0.0097675935866627,0.185201520264576,-0.0367390029772638,0.107383589395292,0.217211070680817
-0.16,0.305,-0.154440964650459,0.298859703258183,0.00555903534954119,-0.00614029674181726,0.00828288102625048,0.213237698168068,-0.0338272359691782,0.151104537970216,0.263528559434273
-0.16,0.32,-0.156340098114984,0.314871301654624,0.0036599018850158,-0.00512869834537598,0.00630066889510983,0.246558059280168,-0.0267301332981542,0.210738706642342,0.325448097052699
-0.16,0.335,-0.158895702131013,0.331051146024093,0.0011042978689868,-0.00394885397590675,0.00410035626579976,0.285287448755335,-0.0139608444646805,0.287488602814371,0.405258207867336
-0.16,0.35,-0.16213808614095,0.347386896054352,-0.00213808614094951,-0.00261310394564751,0.00337634781633631,0.329533028123568,0.00596087897016378,0.382130644298025,0.504631572702074
-0.14,0.05,-0.142122116262186,0.0546799609950766,-0.00212211626218631,0.0046799609950766,0.0051386196926484,0.417868356216136,-0.0400575621134617,-0.25130780007526,0.489260295090075
-0.14,0.065,-0.142755957931105,0.0678605602392707,-0.00275595793110481,0.00286056023927066,0.00397216678911091,0.353112804379417,-0.0581911325981641,-0.134629321265136,0.382361683831688
-0.14,0.08,-0.142911909079506,0.0811343463830732,-0.00291190907950586,0.00113434638307318,0.00312505299220668,0.295058645264281,-0.0673695782494326,-0.0393873751100603,0.30520460317362
-0.14,0.095,-0.142635996585273,0.0945152117633298,-0.00263599658527347,-0.000484788236670211,0.00268020477426394,0.24370788952301,-0.0692844097682716,0.0348369455127351,0.255749068864112
-0.14,0.11,-0.141981833607851,0.108016939909548,-0.00198183360785102,-0.00198306009045154,0.00280360335488982,0.199028606982183,-0.0656867413722317,0.0889307460867679,0.227674944158937
-0.14,0.125,-0.141010302547295,0.121652919049109,-0.00101030254729542,-0.00334708095089147,0.00349623542240681,0.160961667180649,-0.0583233345669998,0.124261783268848,0.211545057320204
-0.14,0.14,-0.139788983511135,0.135435837305868,0.000211016488865207,-0.00456416269413161,0.00456903808881866,0.129428687644996,-0.048867350198766,0.142672139053612,0.198733947681762
-0.14,0.155,-0.138391324188826,0.149377371514124,0.00160867581117381,-0.00562262848587623,0.00584822955736542,0.104340671153575,-0.0388475435755153,0.146451311329649,0.183967722616151
-0.14,0.17,-0.136895562587633,0.163487883515063,0.00310443741236712,-0.00651211648493749,0.00721423542454079,0.0856067077016717,-0.0295802150031024,0.138288230342862,0.165309259064728
-0.14,0.185,-0.13538343077042,0.177776138830918,0.00461656922957964,-0.00722386116908208,0.00857303223146125,0.0731420604591503,-0.022108446433985,0.121203237799584,0.143278679379674
-0.14,0.2,-0.133938683951561,0.192249062526099,0.00606131604843876,-0.00775093747390079,0.00983954185739259,0.0668749734878176,-0.0171529441729141,0.0984626679554949,0.120255510732436
-0.14,0.215,-0.132645513288355,0.206911545714776,0.00735448671164529,-0.00808845428522413,0.010932134627598,0.0667516268961427,-0.0150781424360738,0.0734801575357224,0.100411484421063
-0.14,0.23,-0.131586910834897,0.221766313623445,0.00841308916510344,-0.00823368637655517,0.0117717314209699,0.072738822053987,-0.0158761491877681,0.0497099935390204,0.0895213574257879
-0.14,0.245,-0.13084306013089,0.236813862559079,0.00915693986911005,-0.00818613744092096,0.0122826053412192,0.0848241878830732,-0.0191697427699932,0.0305385377032012,0.0921695503139755
-0.14,0.26,-0.130489824988048,0.252052468844932,0.00951017501195199,-0.00794753115506786,0.0123938162088491,0.103013930696327,-0.0242341124724643,0.0191799304243993,0.107550152271151
-0.14,0.275,-0.130597402376998,0.267478268300951,0.00940259762300244,-0.00752173169904918,0.0120409837560131,0.127328379240341,-0.0300355619395199,0.0185818639954132,0.132136083455924
-0.14,0.29,-0.131229193530799,0.283085400507686,0.00877080646920142,-0.00691459949231432,0.0111686495271048,0.157795769423902,-0.035284134944607,0.0313462750302833,0.164703013525459
-0.14,0.305,-0.132440931881691,0.298866208443433,0.00755906811830945,-0.0061337915565671,0.00973462426992723,0.194444851121728,-0.0384962175671835,0.0596684761467979,0.207005151026869
-0.14,0.32,-0.134280088975159,0.314811481365973,0.00571991102484123,-0.005188518634027,0.00772257131710324,0.237296967306318,-0.038062699238579,0.105296696844065,0.262385469209226
-0.14,0.335,-0.136785561731833,0.330910727185723,0.00321443826816697,-0.00408927281427683,0.00520141956867929,0.286358252185496,-0.0323182524562069,0.169512420728321,0.334335603842518
-0.14,0.35,-0.139987628433949,0.347152460278102,1.23715660506896e-05,-0.00284753972189843,0.00284756659683947,0.341612526379579,-0.0196076683948736,0.253130468710456,0.425628295728929
-0.12,0.05,-0.121911283637688,0.0536363593997869,-0.0019112836376883,0.00363635939978693,0.00410805487160454,0.388393008722773,-0.0667165891900706,-0.0715239147693729,0.400520356683218
-0.12,0.065,-0.122464135879267,0.0670019001549493,-0.00246413587926697,0.00200190015494932,0.00317483383216774,0.311934780934734,-0.0779444607439946,0.0363581315520674,0.323575089464029
-0.12,0.08,-0.122533675276704,0.0804519276212888,-0.00253367527670412,0.000451927621288775,0.00257366450468304,0.242946402938419,-0.0802065732138216,0.121311211425642,0.283147703979766
-0.12,0.095,-0.122166381479907,0.093999096527945,-0.00216638147990675,-0.00100090347205499,0.0023864233649658,0.18157803674073,-0.0753556304451212,0.183755737005765,0.26910101907222
-0.12,0.11,-0.121416468941957,0.107655965959911,-0.00141646894195682,-0.00234403404008854,0.00273877341973046,0.127941658860891,-0.0653131567020547,0.224617533773741,0.266623407207897
-0.12,0.125,-0.12034556873231,0.121434736142171,-0.000345568732309731,-0.00356526385782883,0.00358197209993192,0.0821138666821907,-0.0519991663095318,0.245343251240831,0.263893983333833
-0.12,0.14,-0.119022148851994,0.135346968117565,0.000977851148006387,-0.00465303188243535,0.00475467123643867,0.0441398123451794,-0.0372555808412312,0.247895203874328,0.254535734221389
-0.12,0.155,-0.117520668469096,0.149403297352762,0.00247933153090377,-0.00559670264723772,0.00612128788423901,0.0140379377180038,-0.0227675592276472,0.234723497951764,0.236242724771553
-0.12,0.17,-0.11592047761024,0.16361315413823,0.00407952238975984,-0.00638684586177012,0.00757854227345615,-0.00819490909958456,-0.00998759834058882,0.208714762646521,0.209114345140063
-0.12,0.185,-0.114304491143692,0.177984504618288,0.00569550885630815,-0.00701549538171162,0.00903637076392406,-0.0225784503948913,-6.75477378800258e-05,0.173118533879823,0.17458476835919
-0.12,0.2,-0.112757682767663,0.192523626217174,0.00724231723233748,-0.0074763737828263,0.0104090020575627,-0.0291445287928694,0.00619653082672274,0.131454158614581,0.134788741181849
-0.12,0.215,-0.111365459247575,0.207234929977379,0.00863454075242535,-0.00776507002262095,0.0116125624416621,-0.0279336553784479,0.00840246792557489,0.0874027929087356,0.0921419589885431
-0.12,0.23,-0.11021198568382,0.222120839929877,0.00978801431618045,-0.00787916007012274,0.012565285021215,-0.0189928751349273,0.00656008400587021,0.0446904330640944,0.0489999894087922
-0.12,0.245,-0.109378537776072,0.237181736293303,0.010621462223928,-0.00781826370669686,0.0131886582775422,-0.00237512316550602,0.00108788321844333,0.00696875459336157,0.0074423275435843
-0.12,0.26,-0.108941956075943,0.252415965295655,0.0110580439240574,-0.00758403470434545,0.013408874591967,0.0218599250683372,-0.00721131147847728,-0.0222992657769379,0.0320486601926089
-0.12,0.275,-0.108973270222229,0.267819914208245,0.0110267297777712,-0.00718008579175518,0.0131583586198641,0.0536436726801523,-0.0171937414009854,-0.0399424487199876,0.0690555439530321
-0.12,0.29,-0.109536548865977,0.283388146154195,0.0104634511340229,-0.00661185384580533,0.0123774157606657,0.0928953913115008,-0.0274336295936877,-0.0431678099025551,0.106045371330466
-0.12,0.305,-0.110688014749311,0.29911358583104,0.00931198525068924,-0.00588641416896016,0.0110164849692445,0.13951838658292,-0.0362931224380629,-0.0296263635052652,0.147174400806615
-0.12,0.32,-0.112475446372735,0.314987744824196,0.00752455362726509,-0.00501225517580438,0.00904110663784948,0.193395984419048,-0.0419982246062841,0.00254379081449289,0.197920103788746
-0.12,0.335,-0.114937869054402,0.331000973662489,0.00506213094559751,-0.0039990263375108,0.00645115349053803,0.254387779233007,-0.0427156984740517,0.0546974269478587,0.263684858030129
-0.12,0.35,-0.118105521793696,0.347142727552356,0.00189447820630387,-0.00285727244764446,0.00342827267209428,0.322326524648308,-0.0366263616131159,0.127683902923019,0.348625060633864
-0.1,0.05,-0.101722974533933,0.052767441134858,-0.00172297453393272,0.002767441134858,0.00325996498132799,0.331165261471905,-0.0875051943329486,0.0958156589224989,0.355680525479237
-0.1,0.065,-0.102207119689952,0.066324811102861,-0.00220711968995241,0.00132481110286095,0.00257419925103696,0.241499915090306,-0.0927970874386179,0.195267700412689,0.324134637849005
-0.1,0.08,-0.102203323146202,0.0799577421687657,-0.00220332314620159,-4.22578312342659e-05,0.00220372834326018,0.160129524443943,-0.0890853169380144,0.270429550130868,0.326665102104741
-0.1,0.095,-0.101758450738397,0.0936775685796834,-0.00175845073839653,-0.00132243142031664,0.00220022132086934,0.0873779708894155,-0.0783649307621548,0.321721655383847,0.342463348223648
-0.1,0.11,-0.10092723114617,0.107495539632842,-0.000927231146170188,-0.00250446036715828,0.00267059531361355,0.0235273451571155,-0.0627089008271964,0.350103818124056,0.356453412789901
-0.1,0.125,-0.099771936820918,0.121422582030614,0.000228063179082,-0.00357741796938554,0.00358468020070627,-0.031184083549049,-0.0441920731925548,0.357093472712389,0.361166951112064
-0.1,0.14,-0.0983617973371369,0.135469046610623,0.00163820266286306,-0.00453095338937733,0.00481801272116643,-0.0765629549970616,-0.0248079328098499,0.344761749667055,0.354031612189232
-0.1,0.155,-0.0967721401434782,0.149644449504504,0.00322785985652176,-0.00535555049549613,0.00625307927049974,-0.112461037871227,-0.00638274057390112,0.315704849486224,0.335198593178969
-0.1,0.17,-0.095083270315886,0.163957219429016,0.00491672968411403,-0.00604278057098417,0.00779034195755949,-0.13877472594755,0.00950759419839112,0.272989853231978,0.306386198397718
-0.1,0.185,-0.0933791187466643,0.178414463721609,0.00662088125333571,-0.0065855362783913,0.00933838083635381,-0.155444005832528,0.021612188852144,0.220076011416488,0.270302630339622
-0.1,0.2,-0.0917457056789173,0.193021765678069,0.00825429432108274,-0.00697823432193063,0.0108087524252723,-0.162451114956981,0.0290659004899484,0.160714586609849,0.230357203383267
-0.1,0.215,-0.0902694814802015,0.20778302456513,0.00973051851979848,-0.00721697543487014,0.0121147730103234,-0.159819103179881,0.0314313756412376,0.0988322394153279,0.190520135711127
-0.1,0.23,-0.0890356174864947,0.222700347555471,0.0109643825135053,-0.00729965244452928,0.0131720389353123,-0.147610474870539,0.0287190921106157,0.0384044819086196,0.155204888786068
-0.1,0.245,-0.0881263250495699,0.237773999694447,0.0118736749504302,-0.00722600030555259,0.0138996128451234,-0.125926025211892,0.0213838121898496,-0.0166733205757374,0.128812413437749
-0.1,0.26,-0.0876192799078959,0.253002414421155,0.0123807200921042,-0.00699758557884519,0.0142214075932129,-0.0949039097705319,0.0102978254608161,-0.0627096997725367,0.114216058697838
-0.1,0.275,-0.0875862217141102,0.268382263245471,0.0124137782858898,-0.00661773675452855,0.014067563082619,-0.0547189068477573,-0.00329673444219736,-0.0963284158815667,0.11083408663648
-0.1,0.29,-0.0880917857710085,0.283908579554121,0.0119082142289915,-0.00609142044587857,0.0133757605081739,-0.00558176727936875,-0.0178525972220501,-0.114561411628603,0.116078391598993
-0.1,0.305,-0.0891926072475765,0.299574928380465,0.0108073927524235,-0.00542507161953537,0.0120926068398101,0.0522615000678682,-0.0315940436475758,-0.114919145711712,0.130137870413098
-0.1,0.32,-0.0909367194048427,0.315373611712382,0.00906328059515726,-0.00462638828761751,0.0101757812345961,0.118530574251837,-0.0425999660975055,-0.0954360441984308,0.158026290554883
-0.1,0.335,-0.093363248292251,0.331295897644627,0.00663675170774899,-0.00370410235537276,0.00760045047937208,0.192912158149368,-0.0488877222144208,-0.0546908072352868,0.206388567031428
-0.1,0.35,-0.096502389316672,0.347332261372871,0.00349761068332805,-0.00266773862712884,0.00439887597856608,0.275061824359061,-0.0484927473096427,0.0081969013350888,0.279424225331475
-0.08,0.05,-0.0815579428302945,0.0520495743239073,-0.00155794283029453,0.00204957432390734,0.00257447873785867,0.251089104005714,-0.105280330726505,0.247578140142017,0.368001477195232
-0.08,0.065,-0.0819860807196589,0.0658047930843101,-0.00198608071965892,0.000804793084310085,0.00214294389416854,0.146958613096529,-0.105937795418562,0.339048390921148,0.384413860544005
-0.08,0.08,-0.0819224858749507,0.0796264520966849,-0.00192248587495072,-0.000373547903315119,0.00195844070001013,0.0519912431878037,-0.0975249158850827,0.40503965944326,0.419847726036806
-0.08,0.095,-0.0814143410291906,0.0935244917384839,-0.00141434102919064,-0.00147550826151607,0.00204388971734147,-0.0332934416454372,-0.0821529999603099,0.445972575149427,0.454697912387515
-0.08,0.11,-0.0805167976762871,0.107508775853841,-0.000516797676287067,-0.00249122414615888,0.00254426366255951,-0.108420554526249,-0.0620196733280404,0.462836499175175,0.479395893025945
-0.08,0.125,-0.0792926563453082,0.121588881702422,0.000707343654691786,-0.00341111829757773,0.0034836852736581,-0.17296754818827,-0.0393280732638665,0.457210385845706,0.490415410999254
-0.08,0.14,-0.0778117742095454,0.135773876075386,0.00218822579045463,-0.00422612392461358,0.00475903935014222,-0.226571220222709,-0.0161980178943001,0.431260006900028,0.487425399454366
-0.08,0.155,-0.0761501946659482,0.150072086482141,0.00384980533405182,-0.00492791351785871,0.00625342568114377,-0.268933835887518,0.00542596074674388,0.387708761397698,0.471883663066203
-0.08,0.17,-0.0743890105083805,0.164490877848373,0.0056109894916195,-0.00550912215162666,0.00786343626899894,-0.299828172650687,0.0238639232805405,0.329781017998493,0.446343978669338
-0.08,0.185,-0.0726129906737978,0.179036445962439,0.00738700932620218,-0.00596355403756116,0.00949378130906279,-0.319101329001271,0.0377809542580851,0.261119014431251,0.414049446862552
-0.08,0.2,-0.0709090183932849,0.193713638807696,0.00909098160671512,-0.00628636119230364,0.0110527952850731,-0.326677185917322,0.0462527019401411,0.185676566888771,0.378594248824905
-0.08,0.215,-0.0693644041269943,0.20852581595238,0.0106355958730057,-0.00647418404761979,0.0124511428654702,-0.322557459804446,0.0488108748066278,0.107594936404462,0.343515414778542
-0.08,0.23,-0.0680651477451708,0.223474754146229,0.0119348522548293,-0.0065252458537714,0.0136021884929141,-0.306821337405554,0.045465017650651,0.0310678986280111,0.311724004425254
-0.08,0.245,-0.067094229961514,0.238560604550778,0.012905770038486,-0.0064393954492224,0.0144230618815059,-0.27962372657498,0.0366988198517655,-0.0397958833715013,0.28481592514885
-0.08,0.26,-0.0665300119046112,0.253781903750429,0.0134699880953888,-0.00621809624957137,0.0148359462205432,-0.241192204713748,0.0234413583840027,-0.101104834844094,0.262574723063202
-0.08,0.275,-0.0664448141969039,0.269135637249951,0.0135551858030961,-0.00586436275004862,0.0147693538321964,-0.191822777676688,0.00701577004326988,-0.149303025091124,0.243180346944238
-0.08,0.29,-0.0669037337182631,0.284617350858403,0.0130962662817369,-0.00538264914159747,0.0141592761927897,-0.131874594371595,-0.0109303811043668,-0.18126886765903,0.224430052926086
-0.08,0.305,-0.0679637389894871,0.300221302624323,0.0120362610105129,-0.00477869737567721,0.0129501941190662,-0.0617637849052279,-0.0285075319381886,-0.194389411786412,0.205948376014287
-0.08,0.32,-0.0696730657641459,0.315940645965621,0.0103269342358541,-0.00405935403437896,0.0110961221103629,0.0180433943975436,-0.0436732344208535,-0.186607843650024,0.192497889995308
-0.08,0.335,-0.0720709149979503,0.331767633533228,0.00792908500204967,-0.00323236646677211,0.00856262704695479,0.107037916094741,-0.0543218980841443,-0.156443997128728,0.197187085550747
-0.08,0.35,-0.0751874377286611,0.347693831111662,0.00481256227133894,-0.0023061688883384,0.00533658791336328,0.204675637925307,-0.0583697241841696,-0.102989615534916,0.236444669444633
-0.06,0.05,-0.0614168199536501,0.0514578077830727,-0.00141681995365006,0.00145780778307267,0.00203287538069804,0.154402377360829,-0.12239803925119,0.380898705264353,0.428842694199975
-0.06,0.065,-0.0618019977637112,0.0654159413926673,-0.00180199776371123,0.000415941392667291,0.00184937913434598,0.034891716746908,-0.12001428856958,0.464907834112121,0.481416159968265
-0.06,0.08,-0.0616925269167168,0.0794312305157574,-0.00169252691671676,-0.000568769484242559,0.00178553803936412,-0.0745601911308744,-0.108464825959798,0.522459423616678,0.538785513005471
-0.06,0.095,-0.0611358354970946,0.0935121591345909,-0.00113583549709464,-0.00148784086540907,0.00187184206525055,-0.173221645773554,-0.08994464788955,0.553976096747262,0.587357059399233
-0.06,0.11,-0.0601874027748788,0.107667141091853,-0.000187402774878775,-0.00233285890814691,0.00234037400544286,-0.26040783308356,-0.066742145333927,0.560472829310026,0.621611080948176
-0.06,0.125,-0.0589104389782536,0.121904339414478,0.0010895610217464,-0.0030956605855218,0.0032818070755092,-0.335494725780869,-0.0411547849989789,0.54357991754426,0.640104535009516
-0.06,0.14,-0.0573752884470681,0.136231473793055,0.0026247115529319,-0.00376852620694532,0.00459248304390205,-0.397932700350714,-0.0153960877782649,0.505541174924881,0.643555520017836
-0.06,0.155,-0.0556585504634097,0.150655623954351,0.00434144953659027,-0.00434437604564888,0.00614180651801794,-0.447259306443011,0.00850095995607319,0.449184333215523,0.633943072066152
-0.06,0.17,-0.0538419294499078,0.165183037950997,0.00615807055009222,-0.00481696204900309,0.00781824508962523,-0.483110599256998,0.0287779342903072,0.377862441648261,0.614009489723799
-0.06,0.185,-0.0520108448979723,0.179818955065104,0.0079891551020277,-0.00518104493489552,0.00952207046086416,-0.505230469242501,0.0440358405819187,0.295367273027999,0.58689165944514
-0.06,0.2,-0.0502528496512818,0.194567452988084,0.00974715034871815,-0.00543254701191642,0.0111588308956269,-0.513477468029714,0.0533044072708682,0.205818118989239,0.555755332621869
-0.06,0.215,-0.0486559210055621,0.209431328014899,0.0113440789944379,-0.00556867198510139,0.0126371767380891,-0.507828744403353,0.056090298732727,0.113531612799533,0.523380824193538
-0.06,0.23,-0.0473067004581971,0.22441201526709,0.0126932995418029,-0.00558798473290972,0.0138688653693504,-0.488380855607544,0.0524003042053568,0.0228800408073649,0.491718041444273
-0.06,0.245,-0.0462887635483359,0.239509553585613,0.0137112364516641,-0.00549044641438742,0.014769665089727,-0.455347393805087,0.0427376187782103,-0.0618532550303049,0.461513520802042
-0.06,0.26,-0.045681000069676,0.25472259686343,0.014318999930324,-0.00527740313657019,0.0152605616826675,-0.409053552204554,0.0280716309986886,-0.136612511844804,0.432176687236057
-0.06,0.275,-0.0455561772374805,0.270048470598892,0.0144438227625195,-0.00495152940110774,0.0152689770254956,-0.349927925091772,0.00978387100797807,-0.197693959808368,0.402030896556496
-0.06,0.29,-0.0459797448740324,0.285483269629893,0.0140202551259676,-0.00451673037010722,0.014729847488466,-0.278491980472407,-0.010405334456206,-0.241849194437396,0.368995335513946
-0.06,0.305,-0.0470089240374449,0.301021990591942,0.0129910759625551,-0.00397800940805806,0.0135864864301068,-0.195347744651644,-0.0305236309272924,-0.266362699643235,0.331725531931922
-0.06,0.32,-0.04869210076385,0.316658690952379,0.01130789923615,-0.00334130904762125,0.0117912226374807,-0.101164293803453,-0.0484403289975293,-0.269101039950262,0.291541134159553
-0.06,0.335,-0.0510685267716796,0.332386665542589,0.00893147322832036,-0.00261333445741052,0.00930595137610832,0.00333634827307215,-0.0619605939280521,-0.248533574365972,0.256162630590069
-0.06,0.35,-0.0541683110603374,0.348198631312405,0.00583168893966257,-0.00180136868759467,0.00610356658336987,0.117393341213366,-0.0689143843461299,-0.203726602364845,0.245020425543111
-0.04,0.05,-0.0413001052466833,0.0509660809509155,-0.00130010524668328,0.000966080950915521,0.00161974876328869,0.0484560465879088,-0.140477070306862,0.49333495256609,0.515230977361249
-0.04,0.065,-0.0416556415773099,0.065131169136805,-0.00165564157730988,0.000131169136804971,0.00166082942380225,-0.0869239807995972,-0.136870029325173,0.570465910247491,0.593062963309753
-0.04,0.08,-0.0415145178152334,0.0793439964723912,-0.0015145178152334,-0.000656003527608834,0.00165048624377624,-0.21133914952082,-0.123974625210234,0.620402775311053,0.667037160016137
-0.04,0.095,-0.0409243340918172,0.0936115400444119,-0.000924334091817219,-0.00138845995558812,0.00166799717073121,-0.323836341049738,-0.104031867687833,0.643573457969511,0.727933052263471
-0.04,0.11,-0.0399407995415191,0.107940711546582,5.9200458480943e-05,-0.00205928845341802,0.00206013922555373,-0.423511017343309,-0.0793813836265242,0.641015089492617,0.77238097153494
-0.04,0.125,-0.0386274117183621,0.122338207406893,0.00137258828163793,-0.00266179259310692,0.00299485198292146,-0.509527708294462,-0.0523750527284364,0.614398444532076,0.799910915803463
-0.04,0.14,-0.0370548565714663,0.136810349271174,0.00294514342853368,-0.00318965072882571,0.00434139857494489,-0.581140651066502,-0.025281481893832,0.566026808212126,0.811640914028373
-0.04,0.155,-0.0353001230783853,0.151362921318235,0.00469987692161471,-0.00363707868176494,0.00594282629862892,-0.637713649666263,-0.000186600823169463,0.498806084696106,0.809627785524631
-0.04,0.17,-0.0334453442390247,0.166001011904417,0.00655465576097525,-0.00399898809558344,0.00767824315410134,-0.678738147812408,0.0211032892337423,0.416184838246483,0.796461459517416
-0.04,0.185,-0.0315763950813161,0.180728867638971,0.00842360491868393,-0.00427113236102875,0.00944455882884442,-0.703848497916356,0.0371491719005868,0.322065252555221,0.774930932500191
-0.04,0.2,-0.0297812968733286,0.19554976788739,0.0102187031266714,-0.00445023211260998,0.011145692416676,-0.712833504501597,0.0469510126111174,0.220688483934608,0.747694685837715
-0.04,0.215,-0.0281484927651356,0.210465926945283,0.0118515072348644,-0.00453407305471742,0.0126892096760814,-0.705643496419083,0.0499977575752296,0.116500239586575,0.71694597596193
-0.04,0.23,-0.0267650716873538,0.225478429672844,0.0132349283126462,-0.00452157032715647,0.013985990335486,-0.682392444020832,0.04629151534927,0.0140043316831053,0.684108202921335
-0.04,0.245,-0.0257150229484173,0.240587204356455,0.0142849770515827,-0.00441279564354505,0.0149510312271741,-0.6433549540484,0.0363439412546085,-0.0823868463739647,0.649629580932315
-0.04,0.26,-0.0250776028262365,0.255791034198064,0.0149223971737635,-0.00420896580193619,0.0155046228762074,-0.588958311103119,0.0211452378925932,-0.168495679626263,0.612954639979044
-0.04,0.275,-0.0249258865848704,0.27108760630876,0.0150741134151296,-0.0039123936912398,0.0155735583489273,-0.519770055968472,0.00210851849893693,-0.240507931825713,0.572723452805005
-0.04,0.29,-0.0253255655972908,0.286473594739722,0.0146744344027092,-0.00352640526027767,0.0150922019301071,-0.436481857629532,-0.0190057487992629,-0.295079486979655,0.527211053859065
-0.04,0.305,-0.0263340313688151,0.301944772121161,0.0136659686311849,-0.00305522787883875,0.0140033251772628,-0.339890625502262,-0.0401791223865538,-0.329416244100239,0.475033002712045
-0.04,0.32,-0.0279997681246199,0.317496143024094,0.0120002318753801,-0.00250385697590602,0.0122586648872821,-0.230877902022588,-0.0592316501911082,-0.341324608995204,0.416312677265843
-0.04,0.335,-0.0303620556381849,0.333122091464445,0.00963794436181509,-0.00187790853555481,0.00981919100483094,-0.110388577424165,-0.0739187536047972,-0.329232461149567,0.355026811561073
-0.04,0.35,-0.0334509657449744,0.34881653483679,0.00654903425502565,-0.00118346516321036,0.00665510627007803,0.0205901141979895,-0.0820225893109766,-0.292182623515571,0.304175213896202
-0.02,0.05,-0.0212081582626369,0.050547457346349,-0.0012081582626369,0.000547457346348951,0.0013264071522912,-0.0586105008911566,-0.160209508289706,0.583003823351195,0.607453036697943
-0.02,0.065,-0.0215475625008863,0.0649224554208077,-0.00154756250088628,-7.75445791922624e-05,0.0015495040677299,-0.209864202630511,-0.157332157725183,0.653891243803415,0.704539853122625
-0.02,0.08,-0.021389220469675,0.0793356776382598,-0.00138922046967496,-0.000664322361740216,0.0015398888640652,-0.349254274994948,-0.145018846382125,0.697113449288038,0.79308651378298
-0.02,0.095,-0.0207808297998302,0.0937925566626676,-0.00078082979983024,-0.00120744333733239,0.0014379202304618,-0.475605260396945,-0.125515746916003,0.713108006474607,0.866309351737133
-0.02,0.11,-0.0197782295420129,0.108298463307357,0.00022177045798713,-0.00170153669264284,0.00171592810235328,-0.587791718165715,-0.101170630662883,0.702931098856651,0.921881263894788
-0.02,0.125,-0.0184450793443001,0.122858588530847,0.00155492065569993,-0.00214141146915317,0.00264639780187012,-0.684765344914524,-0.0743460650990127,0.668282626428587,0.959715644616983
-0.02,0.14,-0.0168522575595453,0.137477818165608,0.00314774244045474,-0.00252218183439223,0.00403356959493426,-0.765582698948785,-0.0473232522817533,0.61150535141781,0.980978420498345
-0.02,0.155,-0.0150769722945188,0.152160605476173,0.00492302770548117,-0.00283939452382717,0.00568316487978969,-0.82943223195486,-0.0222018275226006,0.535554804431357,0.987569664794034
-0.02,0.17,-0.0132015971037731,0.166910847511645,0.00679840289622695,-0.00308915248835481,0.00746733855103247,-0.875659188979213,-0.000802009029356297,0.443938583736112,0.98177630277882
-0.02,0.185,-0.0113122621533754,0.1817317716087,0.00868773784662461,-0.00326822839130012,0.0092821390697066,-0.903786911860664,0.0154239822135775,0.340626028032855,0.965979748626042
-0.02,0.2,-0.00949725037832282,0.196625838334071,0.0105027496216772,-0.00337416166592913,0.0110314421796729,-0.913533187618769,0.0254644815013818,0.229931775519984,0.942379948076992
-0.02,0.215,-0.00784526429678341,0.211594666513521,0.0121547357032166,-0.00340533348647939,0.0126227531136906,-0.904820531904581,0.0287990954023354,0.116379133211434,0.912738354312902
-0.02,0.23,-0.00644364089094312,0.2266389848432,0.0135563591090569,-0.0033610151567996,0.0139667925873461,-0.877779667317522,0.0254233826630721,0.00455114412810909,0.878168151502432
-0.02,0.245,-0.00537659756032503,0.241758612945845,0.014623402439675,-0.00324138705415516,0.0149783339843768,-0.832745915711076,0.0158454748247228,-0.101061533651731,0.839013022403714
-0.02,0.26,-0.00472359103503479,0.256952472869961,0.0152764089649652,-0.00304752713003895,0.0155774225234213,-0.770248718135954,0.00105503437246931,-0.19620651273514,0.794853023559489
-0.02,0.275,-0.00455786315584416,0.272218630031903,0.0154421368441558,-0.00278136996809725,0.0156906216961938,-0.690994966484284,-0.0175326858497972,-0.277000560798879,0.744660026461284
-0.02,0.29,-0.00494523355858693,0.287554360758979,0.0150547664414131,-0.0024456392410214,0.0152521193249568,-0.595847227892798,-0.0381529179930331,-0.340038241045469,0.687110782709636
-0.02,0.305,-0.00594318124195013,0.302956242060386,0.0140568187580499,-0.00204375793961359,0.0142046154510566,-0.485798219215091,-0.0587814292247833,-0.382473220025657,0.621083494762503
-0.02,0.32,-0.00760023670066643,0.318420258126069,0.0123997632993336,-0.0015797418739312,0.0124999885707048,-0.361943026134917,-0.0772317253964789,-0.40206963642391,0.546470264433768
-0.02,0.335,-0.00995568615167992,0.333941917539792,0.0100443138483201,-0.00105808246020808,0.0100998900576271,-0.225450555996495,-0.0912526715335966,-0.397223409228213,0.465771011131628
-0.02,0.35,-0.0130395710349592,0.349516375102885,0.00696042896504076,-0.000483624897115176,0.00697721036077371,-0.0775355873845249,-0.0986205203855333,-0.366955557935098,0.387807594070869
0,0.05,-0.00114119325091666,0.0501743768422904,-0.00114119325091666,0.000174376842290352,0.00115443896290141,-0.15827462677473,-0.181244415613554,0.648686309595987,0.691881594580864
0,0.065,-0.00147808157651561,0.0647611140856433,-0.00147808157651561,-0.000238885914356723,0.00149726137561646,-0.324894084513774,-0.181079998783161,0.714005628037695,0.805084364136234
0,0.08,-0.0013170744022302,0.0793764953087421,-0.0013170744022302,-0.000623504691257909,0.00145720385706004,-0.478776567417302,-0.171309982939051,0.751467379234805,0.907355795612963
0,0.095,-0.000705891581629675,0.0940243849007903,-0.000705891581629675,-0.000975615099209709,0.00120420419648065,-0.618532251393765,-0.154143974771328,0.761523648583569,0.993119062025052
0,0.11,0.0002995990303227,0.108708588213599,0.0002995990303227,-0.00129141178640088,0.00132570885982761,-0.742822814334991,-0.131893742177425,0.745246682221134,1.0604746177345
0,0.125,0.00163570256724514,0.12343276614722,0.00163570256724514,-0.00156723385278035,0.00226533548018678,-0.85039490879524,-0.106887621594242,0.70435382445303,1.10939137617813
0,0.14,0.00323149957231256,0.138200344885467,0.00323149957231256,-0.0017996551145335,0.00369883062833686,-0.940114663919079,-0.0813756461474432,0.641206508588331,1.14088841298518
0,0.155,0.00500973588609356,0.153014424571756,0.00500973588609356,-0.00198557542824368,0.00538887404099026,-1.01100157101902,-0.0574306371166717,0.558780030413936,1.156591112382
0,0.17,0.00688798827150994,0.167877691209357,0.00688798827150994,-0.00212230879064274,0.00720753612764431,-1.06225990924833,-0.0368515589668447,0.460602743763311,1.15842770734046
0,0.185,0.00878007490289614,0.182792336409783,0.00878007490289614,-0.0022076635902174,0.00905336919759921,-1.09330581740656,-0.0210759625305827,0.350665658151008,1.14837814242711
0,0.2,0.0105976611197794,0.197759989470209,0.0105976611197794,-0.00224001052979136,0.010831808176997,-1.10378824392248,-0.0111081789226355,0.233305939971191,1.12824849805319
0,0.215,0.0122519946555103,0.212781665811096,0.0122519946555103,-0.00221833418890383,0.012451199926606,-1.09360231767996,-0.0074690173627158,0.113070225319305,1.09947432244896
0,0.23,0.0136556928060925,0.227857734910819,0.0136556928060925,-0.00214226508918125,0.0138227076119945,-1.06289415764847,-0.010171114996677,-0.00543439220473397,1.06297195768376
0,0.245,0.0147244983708797,0.242987909672696,0.0147244983708797,-0.00201209032730407,0.0148613377513355,-1.01205672906282,-0.0187219576565148,-0.117692605959072,1.01906244174227
0,0.26,0.0153789223599989,0.25817125782689,0.0153789223599989,-0.00182874217311024,0.0154872706081668,-0.941716998366069,-0.032154202711327,-0.219426970503928,0.967489139018884
0,0.275,0.0155456994458504,0.27340623447717,0.0155456994458504,-0.00159376552282997,0.0156271833611331,-0.852715252518022,-0.0490806016208591,-0.306729048450957,0.907541809850664
0,0.29,0.0151589960457837,0.28869073362758,0.0151589960457837,-0.0013092663724199,0.0152154309682649,-0.746077964396192,-0.0677688435309811,-0.376168385937387,0.838295971431588
0,0.305,0.0141613290330027,0.3040221553965,0.0141613290330027,-0.000977844603500061,0.0141950491386807,-0.622985950926127,-0.0862302578850905,-0.424874215230106,0.758995174794557
0,0.32,0.0125041733991989,0.319397484874838,0.0125041733991989,-0.000602515125162184,0.0125186811155682,-0.48473974488144,-0.102315653686287,-0.450587255325625,0.669682830550818
0,0.335,0.0101482573966337,0.334813378219402,0.0101482573966337,-0.000186621780598112,0.010149973195892,-0.332724096540516,-0.113811646938955,-0.451681459281569,0.572431027875469
0,0.35,0.00706356206482678,0.350266251553134,0.00706356206482678,0.000266251553134395,0.00706857828231437,-0.168373352424415,-0.118531537448551,-0.427157748624958,0.474198626041678
0.02,0.05,0.0189007240177387,0.0498189213306765,-0.00109927598226134,-0.000181078669323459,0.00111409028793028,-0.242080065361966,-0.20216234406647,0.689888317024161,0.758568827876924
0.02,0.065,0.0185527145342689,0.0646180770637603,-0.00144728546573106,-0.000381922936239676,0.00149683010009229,-0.423053872762514,-0.206614535507468,0.750344499504791,0.885831047101073
0.02,0.08,0.0187018105414072,0.0794362652742242,-0.00129818945859278,-0.000563734725775755,0.00141530657860652,-0.590460659904957,-0.201272679356173,0.78303183891655,1.00115875139527
0.02,0.095,0.0193003454085105,0.0942757722933134,-0.000699654591489546,-0.000724227706686592,0.00100698675191133,-0.742712880948803,-0.18826962791489,0.788421619244802,1.09941512289147
0.02,0.11,0.0202925238751404,0.109138828035441,0.000292523875140449,-0.000861171964559398,0.000909498416749737,-0.87827631951948,-0.169838596406015,0.767598974054353,1.17875851437001
0.02,0.125,0.021614743112792,0.124027553460948,0.00161474311279201,-0.000972446539051569,0.00188495294148756,-0.995709317302895,-0.1482303626742,0.722286829077173,1.23901871366758
0.02,0.14,0.0231961943548655,0.138943905682356,0.00319619435486548,-0.00105609431764447,0.00336615412033301,-1.09370338643455,-0.125621535663319,0.654844312167791,1.28095951773553
0.02,0.155,0.0249597510467607,0.153889623092532,0.00495975104676073,-0.0011103769074679,0.00508252568340605,-1.1711232499983,-0.104018949093073,0.568236468693997,1.30587752607327
0.02,0.17,0.0268231317876848,0.168866173182782,0.00682313178768478,-0.00113382681721833,0.00691669651232132,-1.22704411105333,-0.0851662471445012,0.465973988132058,1.3153320033969
0.02,0.185,0.0287003072655295,0.183874705855221,0.00870030726552947,-0.00112529414477899,0.0087727779766103,-1.26078388167075,-0.0704592276908311,0.352023930239833,1.31092956171906
0.02,0.2,0.0305031017408246,0.198916014922039,0.0105031017408246,-0.00108398507796087,0.0105588905585461,-1.27192824800985,-0.0608763505040908,0.230694894344371,1.29414015248515
0.02,0.215,0.0321429235062136,0.213990510159266,0.0121429235062136,-0.00100948984073354,0.0121848127197876,-1.26034681260847,-0.0569299452109644,0.106502413065697,1.26614497931029
0.02,0.23,0.0335325470857498,0.229098201668031,0.0135325470857498,-0.000901798331968934,0.0135625613679562,-1.22619911869182,-0.0586421166452418,-0.0159777442980995,1.22772803919984
0.02,0.245,0.0345878643019785,0.244238697592082,0.0145878643019785,-0.00076130240791808,0.0146077159833165,-1.1699300685377,-0.0655473066452879,-0.132259480514573,1.17922621691587
0.02,0.26,0.0352295225131245,0.259411215316237,0.0152295225131245,-0.000588784683763277,0.0152408996906876,-1.09225501547095,-0.0767211833861331,-0.23809030025176,1.12055083394501
0.02,0.275,0.0353843762732452,0.274614605458405,0.0153843762732452,-0.000385394541595391,0.0153892027821288,-0.994135549186853,-0.0908332906907257,-0.32958069836809,1.05128997927232
0.02,0.29,0.034986692504864,0.289847387116131,0.014986692504864,-0.000152612883868891,0.0149874695305001,-0.876747615248588,-0.106218988111466,-0.403311899697287,0.970902620880533
0.02,0.305,0.0339790673045105,0.305107792214765,0.0139790673045105,0.000107792214765423,0.0139794828897781,-0.741444046235213,-0.120964874563508,-0.456416924881662,0.879035460195203
0.02,0.32,0.0323130327616717,0.320393816366183,0.0123130327616717,0.000393816366182881,0.0123193290044658,-0.589713801177098,-0.13300124001813,-0.486632359813188,0.776061826510913
0.02,0.335,0.0299493522431906,0.335703273495986,0.00994935224319063,0.000703273495985979,0.00997417684168667,-0.423140203691283,-0.140195142712117,-0.492320617346532,0.664143688569379
0.02,0.35,0.0268580209914759,0.351033851451735,0.00685802099147589,0.00103385145173501,0.0069355101285903,-0.243360265727009,-0.140438375583877,-0.472464631543008,0.54970201214883
0.04,0.05,0.038917676959362,0.0494530877892945,-0.00108232304063802,-0.000546912210705491,0.00121265664164045,-0.302087522988525,-0.220546662828532,0.706851186061658,0.79971662736514
0.04,0.065,0.0385449746896608,0.0644641858373047,-0.00145502531033923,-0.000535814162695325,0.00155054682956454,-0.495945419679712,-0.231335758906279,0.763166840923717,0.939106736998447
0.04,0.08,0.0386676558069597,0.0794847074873795,-0.00133234419304029,-0.000515292512620474,0.00142851931113685,-0.675466710275426,-0.232127031925606,0.792074698623498,1.06656149005976
0.04,0.095,0.0392381819854822,0.0945153654048828,-0.000761818014517773,-0.000484634595117245,0.000902904966221949,-0.838890481021602,-0.224940206995597,0.794069081348869,1.17683037432428
0.04,0.11,0.0402009313425753,0.109556818797905,0.000200931342575345,-0.000443181202095078,0.000486603516550763,-0.984511537226142,-0.211891491945631,0.770244359392833,1.26787339247653
0.04,0.125,0.0414925194729036,0.124609653653535,0.00149251947290364,-0.000390346346465009,0.00154271988617349,-1.11072451913074,-0.195114989028419,0.722317148948918,1.33925447232032
0.04,0.14,0.0430423989612691,0.139674363094065,0.00304239896126912,-0.000325636905935289,0.00305977627189286,-1.21606964971045,-0.176675755360118,0.652623771382186,1.39142109024155
0.04,0.155,0.0447737431436133,0.154751328827687,0.00477374314361327,-0.000248671172312837,0.00478021557601058,-1.29927790629314,-0.158479286131255,0.564090005314806,1.42532138863333
0.04,0.17,0.0466046024109645,0.169840804723664,0.00660460241096446,-0.000159195276335594,0.00660652072901653,-1.35931313005418,-0.142183128980662,0.460171958865747,1.44215680924252
0.04,0.185,0.0484493024283753,0.184942903542956,0.00844930242837532,-5.70964570441868e-05,0.00844949534182699,-1.39540851078171,-0.129116792479372,0.344769062408771,1.44319502632091
0.04,0.2,0.0502200352303705,0.200057587703517,0.0102200352303705,5.7587703517048e-05,0.0102201974762531,-1.40709504214237,-0.120215955825321,0.222112521631298,1.42961824968836
0.04,0.215,0.0518285781850465,0.215184664805338,0.0118285781850466,0.000184664805337548,0.0118300195676123,-1.39421995484063,-0.115976167412589,0.0966347886429973,1.4024037307243
0.04,0.23,0.0531880642827466,0.230323788321333,0.0131880642827466,0.000323788321333035,0.0131920384475974,-1.35695376620793,-0.116429784581882,-0.0271725892853606,1.36224270320329
0.04,0.245,0.0542147216302363,0.245474463555508,0.0142147216302363,0.000474463555508009,0.0142226378246306,-1.29578538011734,-0.12114800667383,-0.144904244127578,1.30950695882177
0.04,0.26,0.054829501203067,0.260636058613526,0.014829501203067,0.000636058613526058,0.01484313566911,-1.21150553633865,-0.129267720497923,-0.252380593364824,1.24427192263805
0.04,0.275,0.0549595197387832,0.27580781981143,0.0149595197387832,0.000807819811430355,0.0149813151513071,-1.10517974226436,-0.139540786614089,-0.345773566571941,1.16640483485587
0.04,0.29,0.0545392583548579,0.290988890674751,0.0145392583548579,0.000988890674750914,0.0145728493533665,-0.978112523886394,-0.150401612619905,-0.421711618519498,1.07573204669716
0.04,0.305,0.0535114752902698,0.306178333479726,0.0135114752902698,0.00117833347972643,0.013562759096475,-0.831805332802621,-0.160047596204642,-0.477359160876436,0.97232186126627
0.04,0.32,0.051827811219406,0.321375152207421,0.011827811219406,0.00137515220742082,0.0119074834383878,-0.667910696809585,-0.166526394659394,-0.510467824970661,0.856987066049239
0.04,0.335,0.0494490854593273,0.336578315798212,0.00944908545932729,0.00157831579821169,0.00957999461255355,-0.488185203346767,-0.167824004146996,-0.519399268202962,0.732306349332066
0.04,0.35,0.0463452996082178,0.351786780615939,0.00634529960821781,0.00178678061593857,0.00659207191158765,-0.294443683577757,-0.161948230876905,-0.503121293125034,0.605027891424887
0.06,0.05,0.0589098964240035,0.0490490625087626,-0.00109010357599651,-0.000950937491237452,0.00144658491580735,-0.331282171005699,-0.233144321841213,0.700511671849594,0.809216682396021
0.06,0.065,0.0584990804103401,0.0642704841702365,-0.00150091958965989,-0.000729515829763466,0.00166881783322815,-0.536170823780183,-0.25171965777379,0.753414359706274,0.958382257302698
0.06,0.08,0.0585810100129245,0.079491757105188,-0.00141898998707546,-0.000508242894811994,0.00150726355477311,-0.726029646916306,-0.260081893088017,0.779523686382711,1.09656532880599
0.06,0.095,0.0591083493962251,0.0947120387009533,-0.000891650603774857,-0.00028796129904668,0.000936996536258656,-0.898954833787107,-0.260106954427358,0.779359468910002,1.21788030932915
0.06,0.11,0.0600257493383974,0.109930436685453,2.57493383973989e-05,-6.95633145467167e-05,7.41760281939469e-05,-1.05310135131866,-0.253761739211519,0.754020980338974,1.31986444355078
0.06,0.125,0.0612701681256592,0.125146021654167,0.00127016812565917,0.0001460216541673,0.00127853407890688,-1.18673086897942,-0.24303091572075,0.705206792230929,1.40171637521036
0.06,0.14,0.0627714676283584,0.140357842108373,0.00277146762835838,0.000357842108373474,0.00279447379475342,-1.29826144213286,-0.229836129323019,0.635211008645752,1.46352892078071
0.06,0.155,0.0644532900824512,0.155564941599773,0.00445329008245124,0.000564941599773161,0.00448898112823086,-1.3863165570989,-0.2159520287694,0.546893186454264,1.50589892541307
0.06,0.17,0.066234203880782,0.170766377425177,0.006234203880782,0.000766377425176934,0.00628113304945677,-1.4497708528491,-0.202924362872216,0.443620925300675,1.5296902745803
0.06,0.185,0.068029088054691,0.185961240130004,0.00802908805469104,0.00096124013000437,0.00808642303973229,-1.48778975528667,-0.191995797000772,0.329186147643569,1.5358663704942
0.06,0.2,0.0697507070307813,0.201148672980734,0.00975070703078133,0.00114867298073434,0.00981813308204761,-1.49986043241993,-0.184044943157798,0.207698258833181,1.52536220164602
0.06,0.215,0.071311411548941,0.216327890481028,0.011311411548941,0.00132789048102785,0.011389087951154,-1.4858119230333,-0.179543345019728,0.0834594376642053,1.49898849974537
0.06,0.23,0.0726248902915544,0.231498195046986,0.0126248902915544,0.0014981950469857,0.0127134748700974,-1.44582296739744,-0.178533851438275,-0.0391710246844654,1.45736998333775
0.06,0.245,0.0736078912987691,0.24665899103016,0.0136078912987691,0.00165899103016023,0.0137086453319527,-1.38041692032918,-0.180632086252827,-0.15591536665332,1.400923338314
0.06,0.26,0.0741818333651631,0.261809795437792,0.0141818333651631,0.00180979543779194,0.0142968443064862,-1.29044405287463,-0.185050785408166,-0.262710729680046,1.32988193980478
0.06,0.275,0.0742742353231856,0.276950244909053,0.0142742353231856,0.00195024490905324,0.0144068473049091,-1.17705244517602,-0.190644870627586,-0.355829545687529,1.24437673431227
0.06,0.29,0.0738199045368013,0.292080098771722,0.0138199045368013,0.00208009877172244,0.013975570553878,-1.04164943090173,-0.195973500424974,-0.431980488143772,1.14459156913339
0.06,0.305,0.0727618434436855,0.307199238203994,0.0127618434436855,0.00219923820399376,0.0129499535427369,-0.885856096961257,-0.199374173800341,-0.488385350217417,1.03103832221654
0.06,0.32,0.0710518526956504,0.322307661803685,0.0110518526956504,0.00230766180368505,0.011290205977153,-0.711457623240722,-0.199043368488564,-0.522829326859001,0.905073339997184
0.06,0.335,0.0686508289948724,0.337405478038818,0.00865082899487238,0.00240547803881849,0.00897904042165769,-0.52035225789429,-0.193118192360337,-0.533684325644979,0.76999285132761
0.06,0.35,0.0655287736778261,0.352492895157018,0.00552877367782614,0.00249289515701767,0.00606480540862651,-0.314501499122698,-0.179754044435964,-0.519906859450895,0.633663905098714
0.08,0.05,0.0788777565127008,0.0485794901877453,-0.00112224348729917,-0.00142050981225472,0.00181032554296108,-0.323900389889715,-0.236096647172848,0.672417404499966,0.782820405984926
0.08,0.065,0.0784156391162586,0.064008505210896,-0.00158436088374139,-0.000991494789104042,0.00186902683949436,-0.537681878768756,-0.26357296585921,0.722626174385791,0.938499223067044
0.08,0.08,0.0784427392355552,0.0794278694267532,-0.00155726076444482,-0.000572130573246843,0.0016590342013723,-0.735830727343993,-0.280613742818484,0.746881960429145,1.08538418264317
0.08,0.095,0.0789119962774536,0.094835216831872,-0.00108800372254639,-0.000164783168128013,0.00110041155608849,-0.916334823030363,-0.288927454598189,0.7457308001246,1.2162724032799
0.08,0.11,0.0797684306143294,0.110228136872402,-0.000231569385670635,0.000228136872402362,0.000325070473789004,-1.07724451335433,-0.290306951798923,0.720271770825781,1.3280076221714
0.08,0.125,0.0809494641767998,0.125604218403407,0.00094946417679978,0.000604218403407075,0.00112541641272992,-1.21672315237282,-0.286562527667438,0.67217404583429,1.41931471833657
0.08,0.14,0.0823855118052056,0.140961098399111,0.00238551180520559,0.000961098399110683,0.00257184305616582,-1.33309939409692,-0.279448262651154,0.603671748709386,1.48989596486287
0.08,0.155,0.0840008485352786,0.156296513711119,0.00400084853527862,0.00129651371111944,0.00420567911345621,-1.42491873167974,-0.270585643134002,0.517534209664321,1.53999818590967
0.08,0.17,0.0857147411508514,0.17160835375813,0.00571474115085138,0.00160835375812984,0.00593675569924555,-1.49099148940464,-0.261389179116975,0.417010791280219,1.5701694871508
0.08,0.185,0.0874428141151681,0.186894711733443,0.00744281411516813,0.00189471173344302,0.00768019625438,-1.53043440072812,-0.252999081300287,0.305751313657683,1.58110103775365
0.08,0.2,0.0890986022889624,0.202153931797744,0.00909860228896241,0.00215393179774415,0.00935007945431724,-1.54270309415703,-0.246225905542435,0.18770509089361,1.57351480687071
0.08,0.215,0.0905952275472666,0.217384649804521,0.0105952275472666,0.00238464980452102,0.0108602670993194,-1.52761326615085,-0.241511394194931,0.0670034516701628,1.54808439743687
0.08,0.23,0.0918471252911813,0.232585825400076,0.0118471252911813,0.0025858254000759,0.012126041013646,-1.48534901995336,-0.238908581407755,-0.0521678684111222,1.50538728288681
0.08,0.245,0.0927717415618656,0.247756763830246,0.0127717415618656,0.00275676383024587,0.0130658765239396,-1.41645772232994,-0.238082700202519,-0.165699125630191,1.44589176511668
0.08,0.26,0.0932911224574538,0.262897126424849,0.0132911224574538,0.00289712642484863,0.0136032083605519,-1.32183168192843,-0.238332714500998,-0.269682163794113,1.36998517013426
0.08,0.275,0.0933333251520302,0.278006929456703,0.0133333251520302,0.00300692945670344,0.0136681814579464,-1.20267787482538,-0.238631612315055,-0.360524087953817,1.27805495280331
0.08,0.29,0.0928335928054747,0.293086531805407,0.0128335928054747,0.0030865318054073,0.0131995372222864,-1.0604777250358,-0.237682143602838,-0.435043033183061,1.17064764996972
0.08,0.305,0.0917352528321656,0.308136612525086,0.0117352528321656,0.00313661252508579,0.012147201207166,-0.896939519973569,-0.233983636309184,-0.490541684499582,1.04876627474412
0.08,0.32,0.0899903171484755,0.323158139953768,0.00999031714847545,0.00315813995376829,0.0104776087297966,-0.713946336033336,-0.225904971485165,-0.524856121690826,0.914463846682608
0.08,0.335,0.0875597822750901,0.338152334369784,0.00755978227509008,0.00315233436978396,0.00819069716359281,-0.513502382191467,-0.21175876577365,-0.536379519550388,0.772164804065453
0.08,0.35,0.084413644609941,0.353120626380998,0.00441364460994101,0.0031206263809983,0.00540542021980196,-0.297680449101491,-0.189872239786754,-0.524062014497905,0.631909930140252
0.1,0.05,0.0988217681234961,0.0480177318383425,-0.00117823187650393,-0.00198226816165753,0.00230599597127382,-0.275650118269702,-0.225212445014455,0.624608805201257,0.71892042232661
0.1,0.065,0.0982954737004816,0.0636505463697322,-0.00170452629951837,-0.00134945363026778,0.00217403656960794,-0.49601253635165,-0.262334413433053,0.672820282205786,0.876099233951442
0.1,0.08,0.0982540120177606,0.0792643115341807,-0.00174598798223943,-0.00073568846581934,0.00189465341233275,-0.70024149975924,-0.288796242723526,0.696111336536031,1.0287569457708
0.1,0.095,0.0986506685430225,0.0948551825715092,-0.00134933145697755,-0.000144817428490762,0.00135708049443791,-0.886253104500117,-0.306122988567929,0.695053101502765,1.16717683895159
0.1,0.11,0.0994309270113335,0.110419276999442,-0.000569072988666458,0.000419276999441942,0.000706850244882757,-1.05203006633572,-0.315916962826949,0.670738659729387,1.28706285573096
0.1,0.125,0.100532789521075,0.125952748788091,0.00053278952107462,0.000952748788090763,0.0010916020002617,-1.19567365563217,-0.319797631382168,0.624797076613005,1.38649601899115
0.1,0.14,0.101887361886944,0.141451869344329,0.00188736188694388,0.00145186934432917,0.00238118867066245,-1.315457255116,-0.319335704448312,0.559386845143733,1.46472986089578
0.1,0.155,0.10341970903179,0.156913112368441,0.00341970903178971,0.00191311236844077,0.00391847021124127,-1.40987900322108,-0.315984969817345,0.477166680836552,1.5216535204268
0.1,0.17,0.105049968777244,0.1723332389856,0.0050499687772444,0.00233323898560001,0.00556292987687846,-1.47771071416443,-0.311016032988176,0.381243025093674,1.55751582713881
0.1,0.185,0.106694694670709,0.187709379163241,0.00669469467070875,0.00270937916324138,0.0072221653390256,-1.5180402008268,-0.305456399245109,0.275095290489338,1.57276266413979
0.1,0.2,0.108268381318435,0.203039105288504,0.00826838131843506,0.00303910528850443,0.00880921622970293,-1.5303043278142,-0.300041184996407,0.162481648715304,1.56793167924452
0.1,0.215,0.109685110809038,0.218320494018869,0.00968511080903806,0.00332049401886891,0.0102385082855214,-1.51431058114509,-0.295178147109393,0.0473298176063849,1.54358378227843
0.1,0.23,0.110860248070003,0.233552173055304,0.0108602480700027,0.00355217305530442,0.0114264133286359,-1.470245639059,-0.290929708233987,-0.0663813571010589,1.50026578229237
0.1,0.245,0.111712107796776,0.248733350366727,0.0117121077967764,0.00373335036672723,0.0122927366360812,-1.39867029229407,-0.287013332551104,-0.174742887715971,1.43850582610533
0.1,0.26,0.11216351661901,0.26386382448298,0.0121635166190102,0.00386382448298023,0.0127624557267093,-1.30050100681712,-0.282820124567271,-0.274032330112399,1.35884890850408
0.1,0.275,0.112143201422051,0.278943975680353,0.0121432014220514,0.0039439756803531,0.0127676264412665,-1.17697933334079,-0.277450061359466,-0.360819714379063,1.26194854542007
0.1,0.29,0.111586947404634,0.293974739055816,0.0115869474046339,0.00397473905581619,0.0122497306386542,-1.02963115325642,-0.269761003700148,-0.432057265652894,1.14875105948798
0.1,0.305,0.110438486015354,0.308957561593793,0.010438486015354,0.00395756159379318,0.0111635247149548,-0.860218321074591,-0.258427703921709,-0.485148907169527,1.02086114144841
0.1,0.32,0.10865009160917,0.323894346116828,0.00865009160917002,0.00389434611682754,0.00948630679056309,-0.670685579296626,-0.242006525693124,-0.51799724149603,0.881318762665785
0.1,0.335,0.106182884257295,0.338787385561555,0.0061828842572953,0.00378738556155511,0.00725067908067832,-0.463105665000917,-0.219001531466495,-0.529027457764973,0.736414315672522
0.1,0.35,0.10300685331212,0.353639291283594,0.00300685331212025,0.00363929128359425,0.00472076348565077,-0.23962533160304,-0.187927936795033,-0.517189220514161,0.600187631298674
0.12,0.05,0.118742570411174,0.0473381059145852,-0.0012574295888263,-0.00266189408541484,0.00294394451252437,-0.183814054280892,-0.19625244763401,0.559481287283572,0.620746091077383
0.12,0.065,0.118139608750891,0.0631699258703308,-0.00186039124910922,-0.00183007412966923,0.00260964114771491,-0.408383286802335,-0.243387708092728,0.606355928154204,0.770513429014524
0.12,0.08,0.118016279596933,0.0789734340494898,-0.00198372040306724,-0.00102656595051021,0.00223360343129486,-0.616428801175466,-0.279641796698148,0.629497297605687,0.924375130992528
0.12,0.095,0.11832628287846,0.0947433633174621,-0.00167371712154044,-0.000256636682537947,0.00169327829660741,-0.805831228156029,-0.30634806994165,0.62949875295728,1.06748056179468
0.12,0.11,0.119015655551336,0.110474417693358,-0.000984344448663549,0.000474417693358042,0.00109270588054879,-0.974542200205838,-0.324910012075465,0.607441078919545,1.19345514303438
0.12,0.125,0.120023090941726,0.126161375197346,2.30909417264502e-05,0.00116137519734572,0.00116160472648815,-1.1206364943839,-0.336748208578742,0.564903445299399,1.29938977033309
0.12,0.14,0.121280516876924,0.14179919936454,0.00128051687692393,0.00179919936454026,0.00220835726852543,-1.2423655778204,-0.343242417436625,0.503955527547812,1.3839623853085
0.12,0.155,0.122713936915231,0.157383155294637,0.00271393691523123,0.00238315529463667,0.0036117700284223,-1.33821005817706,-0.345671832202976,0.427129064950207,1.44666706486787
0.12,0.17,0.124244523081149,0.17290892529468,0.00424452308114931,0.0029089252946804,0.00514566055588985,-1.40692828788986,-0.345157132518766,0.337368396689467,1.48745499114634
0.12,0.185,0.125789931384812,0.188372718635654,0.00578993138481179,0.00337271863565397,0.00670063701718845,-1.44759832668588,-0.342608130620933,0.237961002839509,1.50654487173154
0.12,0.2,0.127265794818437,0.203771369871684,0.00726579481843745,0.00377136987168425,0.00818626930003406,-1.45965068034767,-0.338680682436957,0.132450620833582,1.50431308981913
0.12,0.215,0.12858733417302,0.219102420466524,0.00858733417302015,0.0041024204665242,0.00951694078384836,-1.44288967249321,-0.333746011671918,0.0245369514418767,1.48122964602673
0.12,0.23,0.129671016649133,0.23436417931931,0.00967101664913262,0.00436417931931044,0.0106101189512134,-1.39750199015776,-0.327874737381618,-0.082032868062938,1.43782875829511
0.12,0.245,0.130436187203644,0.249555758966081,0.0104361872036443,0.00455575896608085,0.0113872271913111,-1.32405177034384,-0.320836774057302,-0.183575114097683,1.37471444617923
0.12,0.26,0.130806598555007,0.264677085752171,0.0108065985550068,0.00467708575217074,0.0117753005678086,-1.22346250001777,-0.312117020308356,-0.276576540320414,1.29261091279838
0.12,0.275,0.130711772707893,0.279728883894953,0.0107117727078929,0.00472888389495274,0.0117091595529954,-1.09698688110344,-0.300945513675837,-0.357791895079667,1.19248261630667
0.12,0.29,0.130088139044219,0.29471263499691,0.010088139044219,0.00471263499691038,0.0111346072220622,-0.94616656796501,-0.286339649718847,-0.424326996427142,1.07578295594452
0.12,0.305,0.128879909986819,0.309630515973961,0.00887990998681884,0.00463051597396075,0.0100147131541103,-0.772784247214102,-0.267155262665968,-0.473703720666489,0.944977716243457
0.12,0.32,0.127039673264193,0.324485319476896,0.00703967326419344,0.00448531947689618,0.00834716062361472,-0.578810845557102,-0.242142914396469,-0.503904745338021,0.804727173508178
0.12,0.335,0.124528697800242,0.339280361559676,0.00452869780024187,0.00428036155967554,0.00623142029135121,-0.36635071616304,-0.210005660448153,-0.513397427720808,0.664753413217087
0.12,0.35,0.121316966904005,0.354019381692298,0.00131696690400498,0.00401938169229826,0.00422963722021486,-0.137587482697226,-0.169454823154172,-0.501137626324566,0.5466136104978
0.14,0.05,0.138640920445058,0.0465161077585684,-0.00135907955494241,-0.00348389224143159,0.00373959922806838,-0.047239689756314,-0.145196038012167,0.479642051863259,0.503360313578996
0.14,0.065,0.137949253878677,0.0625412156464095,-0.00205074612132305,-0.00245878435359054,0.0032017464221239,-0.273682725832867,-0.202353827357134,0.525791368251183,0.626346370367994
0.14,0.08,0.137731251989704,0.0785289172474628,-0.00226874801029553,-0.00147108275253721,0.00270394193706751,-0.483327438537095,-0.248419296955922,0.549510182895919,0.772844135057947
0.14,0.095,0.13794109470977,0.0944725899759434,-0.00205890529023023,-0.000527410024056596,0.00212538286612398,-0.674053288246166,-0.284532970040504,0.551409744721681,0.916175440524837
0.14,0.11,0.13852545748086,0.110365593561618,-0.00147454251913975,0.000365593561618194,0.00151918869566874,-0.843815041606883,-0.311898764685965,0.532552016912618,1.0454408817254
0.14,0.125,0.139423829551618,0.126201399750467,-0.000576170448382013,0.0012013997504669,0.00133241650620617,-0.990694057539551,-0.331738007037881,0.494457671590844,1.15587997755372
0.14,0.14,0.140569083698195,0.141973732281587,0.000569083698195305,0.00197373228158726,0.00205413616270473,-1.11295069350846,-0.345239390362797,0.439097061386413,1.24527778208627
0.14,0.155,0.141888301188674,0.157676711910901,0.00188830118867369,0.00267671191090074,0.00327573931091965,-1.20907542784393,-0.353507527241742,0.368862766585177,1.31261801711847
0.14,0.17,0.143303840445022,0.173305000292757,0.00330384044502198,0.00330500029275677,0.00467315617343197,-1.27783607431278,-0.357513142801025,0.286523427456089,1.35752074139024
0.14,0.185,0.144734621429365,0.188853935923687,0.00473462142936472,0.00385393592368732,0.00610487200384147,-1.31831844424056,-0.358048117762283,0.195159860876971,1.37997876900687
0.14,0.2,0.146097581831414,0.204319655263585,0.00609758183141402,0.00431965526358508,0.00747261171124317,-1.32995801785951,-0.355688458640318,0.0980857956902302,1.38022300876914
0.14,0.215,0.147309247381628,0.219699192590539,0.007309247381628,0.0046991925905393,0.00868950564122121,-1.31256061534194,-0.350767832242133,-0.00124320915407703,1.35865429145343
0.14,0.23,0.148287348673136,0.234990553214111,0.00828734867313551,0.00499055321411063,0.00967397381705113,-1.2663106962806,-0.343363585278879,-0.0993281015373082,1.31582046545665
0.14,0.245,0.148952412045673,0.250192756138877,0.00895241204567276,0.00519275613887654,0.0103494153338895,-1.1917666915237,-0.333296239920012,-0.192726745849215,1.25243773800471
0.14,0.26,0.149229252970574,0.265305844204515,0.00922925297057427,0.00530584420451485,0.0106457077321068,-1.08984361632623,-0.320142418423794,-0.278151046809998,1.16947242925512
0.14,0.275,0.149048307015508,0.280330861698267,0.00904830701550784,0.00533086169826708,0.010501902032153,-0.961784034135594,-0.303260121198156,-0.35255572458652,1.06832758773427
0.14,0.29,0.148346745097189,0.29526980147894,0.00834674509718916,0.0052698014789398,0.00987111753272583,-0.809119157252452,-0.281824381931451,-0.413214407634582,0.95124430299187
0.14,0.305,0.147069334996432,0.31012552537471,0.00706933499643239,0.00512552537471045,0.00873192462510897,-0.633622395297963,-0.254870641599389,-0.457779775492974,0.822198459700891
0.14,0.32,0.145169028411183,0.324901662978941,0.00516902841118294,0.00490166297894062,0.00712356334110489,-0.437257988882433,-0.221342791824774,-0.484325755241402,0.689031450122658
0.14,0.335,0.142607270113368,0.3396024947835,0.0026072701133675,0.00460249478349972,0.00528968956331102,-0.222127434798626,-0.180142744073068,-0.491371105509354,0.568542189432181
0.14,0.35,0.139354041855253,0.354232826006998,-0.000645958144747327,0.00423282600699759,0.00428183114219613,0.00958372458074882,-0.130178573432218,-0.477884969037552,0.495392653619407
0.16,0.05,0.158517681357352,0.0455286033283455,-0.00148231864264844,-0.00447139667165453,0.00471069599460911,0.133767824582387,-0.0684671665347681,0.387774187974115,0.415873976049353
0.16,0.065,0.157725784639685,0.0617404462145694,-0.00227421536031511,-0.00325955378543064,0.0039745120939819,-0.0923447337038912,-0.13533715671904,0.433749771763425,0.463663383898014
0.16,0.08,0.157400870676591,0.0779059868170519,-0.00259912932340939,-0.00209401318294811,0.00333771844980475,-0.301501480387605,-0.190920210284402,0.458675096236108,0.581153515741089
0.16,0.095,0.157497661661145,0.094017323209249,-0.00250233833885527,-0.00098267679075098,0.00268837326969035,-0.491611532116248,-0.236169060919539,0.463173910828496,0.715537874475824
0.16,0.11,0.157963551607154,0.110066549348384,-0.00203644839284593,6.65493483842372e-05,0.00203753548987377,-0.660663241483408,-0.272093779991822,0.448282945498952,0.843493564181409
0.16,0.125,0.158738923233818,0.126045909597387,-0.00126107676618237,0.00104590959738665,0.00163836549527585,-0.806773722685881,-0.299722556396123,0.415457174541602,0.955689954952948
0.16,0.14,0.15975770815164,0.14194796484347,-0.000242291848359555,0.00194796484346976,0.00196297538730766,-0.928239183702727,-0.320059183969208,0.366559878805796,1.0480756831482
0.16,0.155,0.160948193629444,0.157765763997682,0.000948193629443747,0.00276576399768247,0.00292378549996306,-1.02358379964052,-0.334039481113419,0.303836396008582,1.11877723169749
0.16,0.17,0.16223406447642,0.173493013601237,0.00223406447641962,0.00349301360123677,0.00414634635591688,-1.09160468048804,-0.342489181049435,0.229871412327062,1.16695653661924
0.16,0.185,0.163535652889464,0.189124237536069,0.00353565288946352,0.00412423753606855,0.00543232699758479,-1.13141048616459,-0.346085948973965,0.147530758062977,1.19234298895548
0.16,0.2,0.164771353867049,0.204654918811841,0.00477135386704928,0.00465491881184127,0.00666588980327757,-1.14245144247338,-0.345328061605045,0.0598897952360953,1.19502524065324
0.16,0.215,0.16585915070653,0.220081615934497,0.00585915070653012,0.00508161593449685,0.00775580218336986,-1.12453891678021,-0.34051191967726,-0.0298484704161162,1.17536186747721
0.16,0.23,0.16671818559276,0.235402047606522,0.00671818559275982,0.00540204760652246,0.00862068071569181,-1.07785329558265,-0.33171997580475,-0.118441589996546,1.13396483720459
0.16,0.245,0.167270305686224,0.250615141317867,0.00727030568622422,0.005615141317867,0.00918624824347575,-1.00293961869082,-0.318819904674491,-0.202697694174944,1.0717527037604
0.16,0.26,0.167441515937175,0.26572104352926,0.00744151593717501,0.00572104352925978,0.00938650619277029,-0.900691189219968,-0.301474997338041,-0.279562704451494,0.99010680882665
0.16,0.275,0.167163276109794,0.280721091586228,0.00716327610979435,0.00572109158622836,0.00916751948801656,-0.772322134804765,-0.279164925258201,-0.346200337745731,0.891226808457122
0.16,0.29,0.166373590564736,0.295617749766814,0.00637359056473552,0.00561774976681439,0.00849598547135227,-0.619330545263312,-0.251215278150262,-0.400061118603453,0.77893368379488
0.16,0.305,0.16501785386406,0.310414513932453,0.0050178538640599,0.00541451393245274,0.00738212831951502,-0.44345431300138,-0.216833715411015,-0.438937505242534,0.660560030889531
0.16,0.32,0.163049431740717,0.325115790813726,0.00304943174071651,0.00511579081372626,0.00595569891709574,-0.246622101962838,-0.175150230169278,-0.461003307786511,0.551385945103586
0.16,0.335,0.160429973554153,0.339726758936654,0.000429973554153168,0.00472675893665425,0.00474627509764362,-0.0309019661186539,-0.125258929099144,-0.464836708279506,0.482409857886025
0.16,0.35,0.157129467720074,0.354253218596436,-0.00287053227992609,0.00425321859643574,0.00513125949442868,0.201549971765542,-0.0662588612808833,-0.449427263036414,0.496989981046541
0.18,0.05,0.178373809337477,0.0443539941079163,-0.00162619066252312,-0.00564600589208369,0.00587553219753931,0.357626251138658,0.0368953439728832,0.286517748269868,0.459729655235896
0.18,0.065,0.177470721635677,0.0607452802195314,-0.00252927836432321,-0.00425471978046865,0.00494973630151594,0.13385207262734,-0.0391094695772317,0.332802798651548,0.3608379984111
0.18,0.08,0.177027278699285,0.0770815957927538,-0.00297272130071458,-0.00291840420724621,0.00416583185553552,-0.0729237908196376,-0.103655850210051,0.35945977593877,0.381148633478266
0.18,0.095,0.1769988036072,0.0933538433527915,-0.0030011963927998,-0.00164615664720846,0.00342301205012532,-0.260666504986885,-0.15751874554828,0.367118933225392,0.477008183782926
0.18,0.11,0.177333483343797,0.109552937340949,-0.00266651665620252,-0.000447062659051423,0.00270373373299287,-0.427423765232013,-0.201525209843761,0.356785782851538,0.592117134084465
0.18,0.125,0.177972683865869,0.125669981216923,-0.00202731613413092,0.000669981216922799,0.00213515468730883,-0.571372849463287,-0.236521499871833,0.329843950661951,0.700865543347674
0.18,0.14,0.178851499694727,0.141696457183988,-0.00114850030527257,0.00169645718398792,0.00204866296113231,-0.690868157662852,-0.263337535148978,0.288044598768538,0.793489270717725
0.18,0.155,0.179899540738879,0.157624421501224,-0.000100459261120643,0.00262442150122394,0.00262634351889303,-0.784487146332305,-0.282750561835549,0.233481561394542,0.865965286463336
0.18,0.17,0.18104194502333,0.173446697077595,0.00104194502333015,0.00344669707759504,0.00360074578057722,-0.851072420633907,-0.295450100462583,0.168552167830131,0.916538473542223
0.18,0.185,0.182200591032476,0.189157054370381,0.00220059103247588,0.00415705437038083,0.00470358394530337,-0.889767765530724,-0.302006340498632,0.0959046621882868,0.944517026408896
0.18,0.2,0.183295468943321,0.204750371536258,0.00329546894332128,0.00475037153625785,0.00578153485580463,-0.90004608742651,-0.302844036727264,0.0183740680700017,0.949818791431037
0.18,0.215,0.184246157595534,0.220222765468472,0.00424615759553411,0.00522276546847156,0.00673105738088533,-0.881727614301052,-0.298223665806475,-0.0610907808339272,0.932808792619117
0.18,0.23,0.184973345024553,0.23557168673378,0.00497334502455276,0.00557168673378006,0.00746845725653059,-0.834987225608809,-0.288231126653737,-0.139505637149177,0.894292406564259
0.18,0.245,0.185400326037568,0.250795973469896,0.00540032603756847,0.00579597346989641,0.00792192083877282,-0.760350420661617,-0.272776664149185,-0.2139308223361,0.835654621375192
0.18,0.26,0.185454411014542,0.265895861740168,0.00545441101454165,0.0058958617401681,0.00803192288152291,-0.658678120781019,-0.251603021382449,-0.281548828300529,0.7592358821485
0.18,0.275,0.18506818602586,0.280872952522266,0.00506818602585997,0.00587295252226583,0.00775745324971481,-0.531141171569495,-0.224302154727636,-0.339735772120182,0.669214380417138
0.18,0.29,0.184180574788046,0.29573013809027,0.00418057478804626,0.00573013809027051,0.007093073247332,-0.379185998212075,-0.190339247809908,-0.386123431378404,0.573676829039128
0.18,0.305,0.182737666702402,0.310471492832395,0.00273766670240244,0.00547149283239468,0.0061181739750018,-0.204493328967486,-0.149082300658075,-0.418649327717258,0.489195019747668
0.18,0.32,0.180693290849935,0.325102135304826,0.000693290849935191,0.00510213530482562,0.0051490229045278,-0.00893217474824925,-0.0998352789714793,-0.435593217551889,0.446977998453012
0.18,0.335,0.178009331585531,0.339628069426626,-0.00199066841446904,0.00462806942662575,0.00503803407630721,0.205488635054406,-0.0418727148623049,-0.435599293525339,0.483453239343856
0.18,0.35,0.174655796050943,0.354056013161234,-0.00534420394905705,0.0040560131612345,0.00670908031053619,0.436669142617775,0.0255262655725356,-0.417684316479868,0.604809982727869
0.2,0.05,0.198210339829974,0.0429723511877358,-0.0017896601700261,-0.0070276488122642,0.00725194672847893,0.62170346693375,0.173129184584364,0.178373811908003,0.669560478234099
0.2,0.065,0.197185708353912,0.0595351525358044,-0.00281429164608801,-0.00546484746419562,0.00614693381094722,0.402032949788187,0.0887744136008705,0.225377626533425,0.469369466228283
0.2,0.08,0.19661278902774,0.0760345703857965,-0.00338721097225986,-0.00396542961420354,0.00521515389953164,0.199293679334802,0.016020341047201,0.25418587446217,0.323396596126962
0.2,0.095,0.19644756048038,0.0924604016654893,-0.0035524395196197,-0.00253959833451067,0.00436685083798442,0.015442986827273,-0.0457438445346972,0.265429147438175,0.269784639926983
0.2,0.11,0.196639070975478,0.108802473641453,-0.00336092902452183,-0.00119752635854703,0.0035679004032187,-0.147646791451923,-0.097176697205083,0.260076455978596,0.314456509978442
0.2,0.125,0.19712975120997,0.12505084122432,-0.00287024879003007,5.08412243199752e-05,0.00287069903451397,-0.28823237434679,-0.138957352583775,0.239436039100107,0.399646483575098
0.2,0.14,0.197855952311161,0.141195997670931,-0.00214404768883855,0.00119599767093076,0.00245506637810177,-0.404743782055655,-0.171756280065408,0.205144420916474,0.485183871307357
0.2,0.155,0.198748711199574,0.157229090855958,-0.00125128880042553,0.0022290908559584,0.00255628044357182,-0.495826868763674,-0.196205445232925,0.159143076718923,0.556479841208121
0.2,0.17,0.199734732105308,0.173142136027186,-0.000265267894692126,0.00314213602718577,0.00315331347463159,-0.560382132104822,-0.212869561172992,0.10364277410351,0.608347668258571
0.2,0.185,0.200737558921098,0.188928215178102,0.000737558921097621,0.0039282151781021,0.00399685722131307,-0.597597820121953,-0.2222201627733,0.0410764331147573,0.638902542192153
0.2,0.2,0.201678899403672,0.204581653182845,0.00167889940367173,0.00458165318284531,0.00487957468387624,-0.606975540976384,-0.224614147027494,-0.0259578721046607,0.64772610087918
0.2,0.215,0.202480050524618,0.220098161577898,0.00248005052461752,0.00509816157789755,0.00566938286579823,-0.588346914620069,-0.220278181582515,-0.0947614266300634,0.635341194465268
0.2,0.23,0.203063365789995,0.235474942421192,0.00306336578999465,0.00547494242119223,0.00627369145548933,-0.541880274848506,-0.209300009296792,-0.162604012168203,0.603228109561481
0.2,0.245,0.2033537011847,0.250710746876971,0.0033537011847002,0.00571074687697054,0.00662268386147854,-0.468076987429631,-0.191627200411283,-0.226794406689668,0.554306007063229
0.2,0.26,0.203279777069736,0.265805885837521,0.00327977706973574,0.00580588583752084,0.00666822674970561,-0.367757553215406,-0.167073373572902,-0.284748890455128,0.494209039811529
0.2,0.275,0.202775398851961,0.280762192807925,0.00277539885196057,0.0057621928079245,0.00639575677642302,-0.24203825487699,-0.135331378030224,-0.334054559292869,0.43415486772937
0.2,0.29,0.201780489039821,0.295582942081237,0.00178048903982121,0.00558294208123711,0.00585998152756232,-0.092299626098249,-0.09599245477409,-0.372524648797759,0.395612194090676
0.2,0.305,0.20024189619302,0.310272727701163,0.000241896193019842,0.00527272770116316,0.00527827350360048,0.079851570042868,-0.0485700219488656,-0.398243674318494,0.409064854508006
0.2,0.32,0.198113961022633,0.324837310663524,-0.00188603897736658,0.00483731066352361,0.00519198588977139,0.272624904045124,0.00747350944931635,-0.409600923060673,0.492092060849629
0.2,0.335,0.195358834808251,0.339283442974488,-0.00464116519174898,0.00428344297448774,0.00631571833228737,0.484091329362287,0.0726985754537215,-0.405311620433579,0.63554004520602
0.2,0.35,0.191946559262142,0.353618677708032,-0.00805344073785827,0.00361867770803181,0.00882908466789177,0.712228710826781,0.147660589383989,-0.384425857747618,0.822720035165391
