target_x,target_y,gaze_x,gaze_y,error_px_x,error_px_y,error_px_xy,error_deg_x,error_deg_y,error_deg_z,error_deg_xyz
-0.2,0.05,-0.195289983505777,0.0474869573925073,0.00471001649422323,-0.00251304260749269,0.00533850527047867,-0.418670488725668,0.0788900208225079,0.260204461787466,0.499215937312638
-0.2,0.065,-0.197550356350896,0.0632722923397228,0.00244964364910358,-0.00172770766027723,0.00299762035070723,-0.30435188342071,0.0430703422984822,0.268943440025538,0.408431638906966
-0.2,0.08,-0.199294010061234,0.0789987409040196,0.000705989938765944,-0.00100125909598042,0.0012251292058074,-0.196042196684546,0.0119763906225277,0.267070489083197,0.331516107548905
-0.2,0.095,-0.200555276164923,0.0946593908051733,-0.000555276164923291,-0.000340609194826723,0.00065141863876652,-0.0948399541581318,-0.015119034782653,0.25614451305859,0.273556860348915
-0.2,0.11,-0.201375254241026,0.110247516450982,-0.001375254241026,0.000247516450982303,0.00139735057196355,-0.0017759410223508,-0.0388503439388335,0.23802565909531,0.241182096080988
-0.2,0.125,-0.201801653222505,0.125756723600692,-0.00180165322250468,0.000756723600691747,0.0019541199917112,0.0822161980863937,-0.0597225761009405,0.214844585639754,0.237664819216153
-0.2,0.14,-0.201888427056719,0.141181098476929,-0.00188842705671849,0.00118109847692944,0.0022273639937719,0.156327758233332,-0.0780784736419535,0.188958969415106,0.257371753590833
-0.2,0.155,-0.201695198121742,0.156515355233013,-0.00169519812174247,0.00151535523301297,0.0022737629942848,0.219899674715912,-0.0940714658173379,0.162898462237534,0.289381054380373
-0.2,0.17,-0.201286473519734,0.171754975115137,-0.00128647351973434,0.00175497511513689,0.00217599443283466,0.272442720172814,-0.10764657179358,0.139300174693717,0.324372686721634
-0.2,0.185,-0.20073067213774,0.18689633046216,-0.00073067213773953,0.00189633046216044,0.00203222808626062,0.313652009209776,-0.11853078512339,0.120837533592667,0.356411628663389
-0.2,0.2,-0.200098993015428,0.20193678707258,-9.89930154278888e-05,0.00193678707258003,0.00193931528680012,0.343414951213516,-0.12623388608592,0.110145927573687,0.382101412175954
-0.2,0.215,-0.199464166791844,0.216874779370617,0.000535833208155544,0.00187477937061702,0.00194984997255004,0.361812199577283,-0.13005990087968,0.109748865252772,0.399836351261946
-0.2,0.23,-0.198899140676112,0.231709854204619,0.00110085932388783,0.00170985420461937,0.00203359107296558,0.369111600381738,-0.129128664872264,0.121988370001935,0.409633327247773
-0.2,0.245,-0.198475752428435,0.246442680915419,0.00152424757156527,0.00144268091541942,0.00209872792022645,0.365755592535637,-0.122406230152331,0.148963036236399,0.413462412640717
-0.2,0.26,-0.198263449731122,0.261075027279558,0.00173655026887781,0.00107502727955815,0.00204237373860266,0.352342910806658,-0.108742260861557,0.192476592355206,0.415954810767843
-0.2,0.275,-0.198328107895199,0.275609702973496,0.00167189210480094,0.000609702973495489,0.00177959571981531,0.329605759218152,-0.0869121429404608,0.253999038452219,0.425100008942903
-0.2,0.29,-0.198730991585479,0.290050474057651,0.00126900841452067,5.04740576510385e-05,0.00127001180570104,0.29838382268033,-0.055661328806941,0.334641526394397,0.451793202663456
-0.2,0.305,-0.199527895874796,0.30440195344506,0.000472104125203709,-0.000598046554939773,0.000761933059336377,0.259596566233331,-0.0137494497718825,0.435145230913479,0.50688506814514
-0.2,0.32,-0.200768489711923,0.318669473413592,-0.000768489711922948,-0.00133052658640813,0.00153651470362971,0.214215233729027,0.0400080626017292,0.555883604504636,0.597075053376069
-0.2,0.335,-0.202495872008009,0.332858946676533,-0.00249587200800919,-0.00214105332346704,0.00328838659745065,0.163235820550032,0.106702741416996,0.696876692513112,0.723654264197881
-0.2,0.35,-0.204746338252095,0.346976722574088,-0.00474633825209472,-0.00302327742591239,0.00562742687178866,0.107654083426008,0.18730166472625,0.857815648511872,0.884609827342472
-0.18,0.05,-0.176648201731411,0.0472938369930264,0.00335179826858903,-0.00270616300697363,0.00430788461470696,-0.22632587726625,0.0261669618035684,0.172801592626631,0.285952221093692
-0.18,0.065,-0.178810788295667,0.0632414307316559,0.00118921170433287,-0.00175856926834406,0.00212292024091496,-0.115911323353065,-0.00384433883100013,0.168601939163335,0.204638393826229
-0.18,0.08,-0.180446902018523,0.0791181901437659,-0.000446902018522655,-0.000881809856234081,0.000988589923431952,-0.0114230744444154,-0.0297989305993794,0.152667521579652,0.155967464747613
-0.18,0.095,-0.181591190772815,0.0949158122561547,-0.00159119077281519,-8.41877438453181e-05,0.00159341634600188,0.0860326427130849,-0.0525866729053354,0.12668794031973,0.161916106203418
-0.18,0.11,-0.182285268195923,0.110626227548313,-0.00228526819592319,0.000626227548313027,0.00236951718068559,0.175416153989623,-0.0729919605545835,0.0926918204014652,0.211401224342529
-0.18,0.125,-0.182577560442415,0.126241776284053,-0.00257756044241507,0.0012417762840527,0.00286108828489068,0.255784967414858,-0.0916500961606723,0.0530133020118748,0.276832528725734
-0.18,0.14,-0.182522939189506,0.141755390052501,-0.00252293918950632,0.00175539005250072,0.00307353483636761,0.326322847087049,-0.109007739162852,0.0102437228436968,0.344201362419891
-0.18,0.155,-0.182182133417839,0.157160771032759,-0.00218213341783909,0.00216077103275865,0.00307093433815492,0.386365713176258,-0.125290182787992,-0.0328301735623088,0.407497993221478
-0.18,0.17,-0.181620924860624,0.172452560705174,-0.00162092486062422,0.00245256070517415,0.00293980465615557,0.435422842669236,-0.140477931449084,-0.0732991164743706,0.463358426886715
-0.18,0.185,-0.180909145427577,0.187626489593341,-0.000909145427577127,0.00262648959334057,0.00277938716130205,0.47319207531202,-0.154294514992708,-0.108211964988888,0.50934180599947
-0.18,0.2,-0.180119508305621,0.202679500062966,-0.00011950830562053,0.00267950006296604,0.00268216383216001,0.499568085741871,-0.166206726991209,-0.134660136566878,0.543441362794286
-0.18,0.215,-0.179326316379887,0.21760983537355,0.000673683620112629,0.0026098353735505,0.00269538314475763,0.514643233606421,-0.175437582228815,-0.149861431226048,0.564000904514486
-0.18,0.23,-0.17860410080707,0.232417089977061,0.00139589919292984,0.00241708997706146,0.00279121094044021,0.518701002131757,-0.18099135009272,-0.151238870905244,0.56981090771197
-0.18,0.245,-0.17802624792052,0.247102218243588,0.00197375207947986,0.00210221824358814,0.0028835774334888,0.51220252656017,-0.181689137530646,-0.136490548505208,0.560352160239877
-0.18,0.26,-0.177663673642154,0.261667501333387,0.00233632635784582,0.00166750133338676,0.00287036261597934,0.495767155866208,-0.17621276686416,-0.1036471783073,0.536265651519654
-0.18,0.275,-0.177583600927116,0.276116474437478,0.00241639907288435,0.00111647443747795,0.00266186018584336,0.470148324603011,-0.163154188122525,-0.0511149923922076,0.500272994164082
-0.18,0.29,-0.177848488009833,0.290453818859955,0.00215151199016675,0.000453818859955032,0.00219885320143983,0.436206226437799,-0.14106742853552,0.0222972965870189,0.458992578891526
-0.18,0.305,-0.178515144289118,0.304685225273893,0.00148485571088217,-0.000314774726107289,0.00151785361953493,0.394878855154931,-0.108520114947905,0.117367643178718,0.426006954550907
-0.18,0.32,-0.179634057706659,0.318817235705339,0.000365942293340776,-0.00118276429466066,0.00123808123270633,0.347152921868179,-0.0641418790296449,0.234465099102165,0.423797160626703
-0.18,0.335,-0.181248943869885,0.332857072381261,-0.00124894386988531,-0.00214292761873928,0.00248032247284092,0.294035995093463,-0.00666741757755675,0.373567866835655,0.475453330193074
-0.18,0.35,-0.183396514256105,0.346812461538473,-0.00339651425610538,-0.00318753846152713,0.00465797279249694,0.236530965804778,0.0650274399024362,0.534292714986071,0.587917684520014
-0.16,0.05,-0.157910974214123,0.0472431834474823,0.00208902578587736,-0.00275681655251769,0.0034589111347787,-0.0699844108310578,-0.00576451343500111,0.0953038398734418,0.118380210567486
-0.16,0.065,-0.159982756827288,0.0633572244791806,1.72431727124556e-05,-0.00164277552081941,0.00164286601365075,0.0349007107074972,-0.0295133553209077,0.0785615307118626,0.0908901182255041
-0.16,0.08,-0.161518979773611,0.0793882486671029,-0.00151897977361071,-0.000611751332897148,0.00163754060894375,0.134059709445875,-0.0498916202343818,0.0489508490151395,0.151186568019997
-0.16,0.095,-0.162554577954296,0.095326509093351,-0.00255457795429584,0.000326509093350982,0.00257535953074812,0.22640103444252,-0.0679615352821743,0.00828925423367938,0.236526932635307
-0.16,0.11,-0.163131637101294,0.111162539290613,-0.00313163710129397,0.00116253929061293,0.00334045633655339,0.310897097241427,-0.0846672624854031,-0.0412277089466121,0.324846974852619
-0.16,0.125,-0.163299245993523,0.126887362826582,-0.00329924599352327,0.00188736282658174,0.00380094232591629,0.386615456318589,-0.100783648835507,-0.0970626184237098,0.411157794868766
-0.16,0.14,-0.163113127304755,0.14249270899126,-0.00311312730475452,0.00249270899126031,0.00398812734635168,0.452748532016348,-0.116869459666788,-0.15638938104166,0.493050547622842
-0.16,0.155,-0.162635038745291,0.157971225582412,-0.0026350387452914,0.00297122558241203,0.00397134871936054,0.50864014721962,-0.13322840127579,-0.216161976603831,0.568500886481345
-0.16,0.17,-0.161931949125941,0.173316678828147,-0.00193194912594069,0.00331667882814732,0.00383833113140381,0.553807279238888,-0.149880925300987,-0.273196034473149,0.635458107816341
-0.16,0.185,-0.161075008037956,0.188524130326087,-0.0010750080379562,0.00352413032608707,0.00368444525497625,0.587955644825116,-0.166549175634194,-0.324259433321966,0.691795101434109
-0.16,0.2,-0.160138341958732,0.203590081431493,-0.000138341958732045,0.00359008143149252,0.00359274591117897,0.61098812201569,-0.182656540783766,-0.366167280456794,0.735360997952482
-0.16,0.215,-0.159197722188385,0.218512576993078,0.00080227781161548,0.00351257699307773,0.00360303300280604,0.623005491235677,-0.1973421950198,-0.395876183109887,0.764072240198013
-0.16,0.23,-0.158329159665245,0.233291262452251,0.00167084033475523,0.00329126245225089,0.00369108601279373,0.62429951227328,-0.20948987303206,-0.410572723713667,0.776025164186827
-0.16,0.245,-0.157607487516951,0.247927391100147,0.00239251248304943,0.00292739110014728,0.0037807055736686,0.615338884586374,-0.217769054405074,-0.407751499706509,0.769633351628213
-0.16,0.26,-0.157104993085472,0.262423781278875,0.00289500691452756,0.00242378127887541,0.00377568281546388,0.596749099161119,-0.220685853056429,-0.3852789339983,0.743814062927024
-0.16,0.275,-0.156890157433702,0.276784726359049,0.00310984256629751,0.00178472635904925,0.00358557791211418,0.569287549655389,-0.216640308617969,-0.341440194760283,0.698289896551019
-0.16,0.29,-0.157026552130467,0.291015863078226,0.00297344786953327,0.00101586307822579,0.00314219191433851,0.533815483509196,-0.203986505690661,-0.274967848358256,0.634177332083311
-0.16,0.305,-0.157571931544009,0.305124005981541,0.00242806845599075,0.000124005981541053,0.00243123300208665,0.491268440544115,-0.181092008657241,-0.185052161907529,0.555324871611106
-0.16,0.32,-0.158577545233131,0.319116957153172,0.0014224547668692,-0.000883042846827525,0.00167425871152644,0.442626752949891,-0.146393454291121,-0.0713341451283015,0.471634712639193
-0.16,0.335,-0.160087680734879,0.333003301116611,-8.76807348789976e-05,-0.00199669888338871,0.00199862311159324,0.388887490546092,-0.0984457193652403,0.0661166338784751,0.406567513250089
-0.16,0.35,-0.162139433494872,0.346792194580267,-0.00213943349487192,-0.0032078054197331,0.00385579969524468,0.331038967412632,-0.0359627921146284,0.226836753004317,0.40290904908733
-0.14,0.05,-0.139072598893647,0.0473111729338277,0.000927401106353087,-0.00268882706617231,0.00284426858855589,0.0490625054273909,-0.0200909448433892,0.0277528285594388,0.0598414181246401
-0.14,0.065,-0.141060851730281,0.0635950859094479,-0.00106085173028062,-0.00140491409055209,0.001760451645309,0.146669065371326,-0.0373253191699527,-0.000898923594743877,0.151346673472118
-0.14,0.08,-0.142505192523509,0.0797836073629821,-0.00250519252350884,-0.000216392637017893,0.00251452089933652,0.238873696442329,-0.0518727243808521,-0.0435365686567024,0.248288041736095
-0.14,0.095,-0.143440814020323,0.0958655027905738,-0.00344081402032304,0.000865502790573819,0.0035479989012037,0.324625382661313,-0.0649728273745969,-0.0982203188040918,0.345326945632169
-0.14,0.11,-0.143910230350666,0.111829865292559,-0.00391023035066596,0.00182986529255912,0.00431721071806573,0.402933029564321,-0.0777350465631572,-0.162592926096181,0.441401389913752
-0.14,0.125,-0.143963134609691,0.127666359722027,-0.00396313460969122,0.00266635972202711,0.00477660026606591,0.472896355620954,-0.0910792984081756,-0.233918445962703,0.53539361864242
-0.14,0.14,-0.143656027970131,0.143365473952681,-0.00365602797013077,0.00336547395268133,0.00496920068467304,0.533735436029674,-0.10568160448618,-0.309140272392463,0.625790474713575
-0.14,0.155,-0.143051611233052,0.158918766612121,-0.00305161123305217,0.00391876661212069,0.00496679603748353,0.584817160305889,-0.121928464991059,-0.384956869742659,0.710686941482795
-0.14,0.17,-0.142217943142091,0.174319099594486,-0.00221794314209095,0.00431909959448584,0.00485529536574615,0.62567694393252,-0.139883558118163,-0.457912168330132,0.787865713698524
-0.14,0.185,-0.141227384522126,0.189560843400471,-0.00122738452212648,0.00456084340047094,0.00472310970535038,0.656034275584949,-0.159269592535595,-0.524496292425286,0.854902154561315
-0.14,0.2,-0.140155362054639,0.204640044094633,-0.000155362054638917,0.00464004409463337,0.00464264435081599,0.675801069786675,-0.179467078804438,-0.581251309128573,0.909277710560091
-0.14,0.215,-0.139078998717591,0.219554542345668,0.000921001282408542,0.00455454234566824,0.00464672996210059,0.685082295665629,-0.199530503377013,-0.62487615696523,0.948494032790743
-0.14,0.23,-0.138075668080803,0.2343040376173,0.00192433191919686,0.00430403761729983,0.00471463605661899,0.684168904535082,-0.218221029373142,-0.652324919476668,0.970184414435159
-0.14,0.245,-0.137221535697759,0.248890093814392,0.00277846430224067,0.00389009381439157,0.00478044911735218,0.673523629080037,-0.234053574758813,-0.660893141602998,0.972223008817894
-0.14,0.26,-0.136590151836014,0.263316086289151,0.00340984816398598,0.00331608628915124,0.00475641595936851,0.653760705059203,-0.245355075071251,-0.648287887361954,0.952838014194201
-0.14,0.275,-0.136251155834326,0.277587093713969,0.0037488441656742,0.00258709371396944,0.00455487502170692,0.625620929205249,-0.250330037027042,-0.612678572354866,0.910746491714687
-0.14,0.29,-0.136269143759064,0.291709741524336,0.00373085624093578,0.00170974152433646,0.00410396203327587,0.589943679801033,-0.247129187897158,-0.552727109317973,0.845355902513899
-0.14,0.305,-0.136702738912648,0.305692006203417,0.00329726108735248,0.000692006203416543,0.00336909531829182,0.547637580785635,-0.233917122965164,-0.467597402987322,0.757152437913955
-0.14,0.32,-0.137603890462673,0.319542991346088,0.00239610953732727,-0.0004570086539116,0.00243930273328687,0.499651401268865,-0.208935299788238,-0.356945575725441,0.64862941618727
-0.14,0.335,-0.139017410506161,0.333272687145295,0.000982589493838976,-0.00172731285470469,0.00198723219867,0.446946571816316,-0.170557430793655,-0.220893370702777,0.526922113153526
-0.14,0.35,-0.140980745752784,0.346891724729345,-0.000980745752783924,-0.0031082752706548,0.0032593308193198,0.390472413446083,-0.117335180646163,-0.0599879103590621,0.412111067394845
-0.12,0.05,-0.120127737570441,0.0474726147911391,-0.000127737570440989,-0.00252738520886091,0.00253061116745956,0.130723633710913,-0.0205283275879022,-0.0299322105454679,0.135668811713537
-0.12,0.065,-0.122040003569797,0.0639289865329274,-0.00204000356979697,-0.00107101346707256,0.00230405824827307,0.219235051621252,-0.0312412961681128,-0.0696127206499152,0.232133649070023
-0.12,0.08,-0.123400803484074,0.080277444912216,-0.00340080348407357,0.000277444912215971,0.00341210199387437,0.302794820771753,-0.0399265514627419,-0.124349820013764,0.32976053570108
-0.12,0.095,-0.124245558982913,0.09650523504512,-0.00424555898291298,0.00150523504512003,0.00450449815389579,0.380420942137393,-0.0480003736317512,-0.19208973602382,0.428862978680469
-0.12,0.11,-0.124617167415274,0.112599976935974,-0.00461716741527392,0.00259997693597384,0.00529887865574059,0.451185868077858,-0.0567373818884447,-0.270322729192471,0.529021912783922
-0.12,0.125,-0.124565864464149,0.128549945191514,-0.00456586446414907,0.0035499451915139,0.00578353085646925,0.514246096380729,-0.0672031638485245,-0.356124205650535,0.629121402675214
-0.12,0.14,-0.124148851914575,0.144344356931871,-0.00414885191457548,0.00434435693187084,0.00600719646428938,0.568870575532476,-0.0801921023820015,-0.446217384767391,0.727434923182366
-0.12,0.155,-0.123429680699708,0.159973655569062,-0.00342968069970849,0.0049736555690616,0.00604151962850493,0.614466206139955,-0.0961749292036736,-0.537055844658813,0.821741376903755
-0.12,0.17,-0.12247739327075,0.175429776942817,-0.00247739327075028,0.0054297769428172,0.00596824556018836,0.650598797454233,-0.11526016037231,-0.62492259097706,0.909455502136004
-0.12,0.185,-0.12136544466905,0.190706383986463,-0.00136544466905,0.00570638398646292,0.00586747452872166,0.677008069555993,-0.137172733014408,-0.706040791143866,0.987762141528399
-0.12,0.2,-0.12017043702076,0.205799056971473,-0.000170437020760013,0.00579905697147319,0.0058015610430674,0.69361567731185,-0.161251931858618,-0.776690178654466,1.05374751474659
-0.12,0.215,-0.118970715955428,0.220705428337577,0.00102928404457238,0.00570542833757744,0.00579752862516805,0.70052573117647,-0.186469196031003,-0.833322523685796,1.10452309620739
-0.12,0.23,-0.11784488809135,0.235425254162169,0.00215511190865023,0.00542525416216903,0.00583762709180181,0.698017843790882,-0.211464805564675,-0.872669568242784,1.13733940583512
-0.12,0.245,-0.116870325020926,0.24996041808463,0.00312967497907386,0.00496041808463037,0.00586520358120406,0.686533277925702,-0.234600955878415,-0.891837452923942,1.14968862833523
-0.12,0.26,-0.1161217203242,0.264314867719882,0.00387827967580021,0.0043148677198825,0.00580164947957122,0.666655248834323,-0.254027514940458,-0.888382825851517,1.13939722096035
-0.12,0.275,-0.115669761969467,0.278494487747489,0.00433023803053313,0.00349448774748941,0.00556438729946335,0.639084789118107,-0.267755952087345,-0.860367367265309,1.10471373249895
-0.12,0.29,-0.115579973518049,0.29250691758134,0.00442002648195054,0.00250691758134022,0.00508146335820468,0.604613786448874,-0.27373659744147,-0.806389199460105,1.04440571582143
-0.12,0.305,-0.115911764879376,0.30636132449137,0.00408823512062448,0.0013613244913704,0.00430892919091418,0.56409684783768,-0.269934531608007,-0.725591359157676,0.957900881042108
-0.12,0.32,-0.116717718493465,0.320068144894195,0.00328228150653539,6.81448941947382e-05,0.00328298882342738,0.518423542372226,-0.25439995225559,-0.617649026953239,0.845568212629785
-0.12,0.335,-0.11804312126084,0.333638807338053,0.00195687873915953,-0.00136119266194747,0.00238374072892046,0.468492354264307,-0.225329705163019,-0.482738391994753,0.709437345635082
-0.12,0.35,-0.119925737910998,0.347085450390865,7.42620890016032e-05,-0.00291454960913531,0.00291549554655357,0.415187383896664,-0.181117673329543,-0.321490815932103,0.555466413620305
-0.1,0.05,-0.101071485803728,0.0477011349165341,-0.00107148580372776,-0.00229886508346594,0.00253630883363383,0.176287320814194,-0.0111402282627005,-0.0779325218048974,0.193066924643092
-0.1,0.065,-0.102915551385217,0.0643316498182197,-0.00291555138521732,-0.000668350181780256,0.00299117566273336,0.253891822546896,-0.015602435362073,-0.127512345215862,0.284541838979681
-0.1,0.08,-0.104201454263771,0.0808416295341364,-0.00420145426377108,0.000841629534136384,0.00428492219337654,0.327118007935416,-0.018648820111994,-0.193139257505304,0.380338367234543
-0.1,0.095,-0.104964816474544,0.0972167779715942,-0.00496481647454353,0.00221677797159422,0.00543723341426908,0.395082712859711,-0.021864507809138,-0.272656658001122,0.480532426970496
-0.1,0.11,-0.105248872124129,0.11344322134115,-0.00524887212412853,0.00344322134114952,0.00627745424352906,0.456950411007016,-0.0266826606086897,-0.36341569662547,0.58445664768601
-0.1,0.125,-0.105104334690532,0.129507824091283,-0.00510433469053173,0.00450782409128309,0.00680989799269547,0.511960402931598,-0.0343092137680135,-0.462318468854322,0.690669761397759
-0.1,0.14,-0.104589023754945,0.145398514132223,-0.0045890237549446,0.00539851413222314,0.00708541416286013,0.559452999627152,-0.0456530949645021,-0.565884971349799,0.797062049224027
-0.1,0.155,-0.103767240679726,0.161104603356354,-0.00376724067972593,0.0061046033563541,0.00717344300021905,0.598893087340107,-0.0612670781548476,-0.670342052263163,0.901000433383481
-0.1,0.17,-0.102708896984034,0.176617088053263,-0.00270889698403438,0.00661708805326269,0.00715010329818684,0.629889519181596,-0.0813040237249136,-0.771730695439774,0.999482240427053
-0.1,0.185,-0.101488415089406,0.191928913478323,-0.00148841508940649,0.00692891347832286,0.00708697548101143,0.652208999320447,-0.105492321113596,-0.866026271274627,1.08928529298945
-0.1,0.2,-0.100183436945027,0.207035187836073,-0.000183436945026678,0.00703518783607254,0.00703757891619155,0.665783487177339,-0.133132949432585,-0.949265092196432,1.1671089702501
-0.1,0.215,-0.0988733903381099,0.22193333319277,0.00112660966189014,0.00693333319276992,0.00702426924969633,0.670710623257862,-0.163118856030355,-1.01766991923606,1.22970346480118
-0.1,0.23,-0.0976379737689441,0.236623164325274,0.00236202623105591,0.00662316432527366,0.00703174754920666,0.667247208799588,-0.193975527655529,-1.06776707075386,1.27398537246474
-0.1,0.245,-0.0965556272777813,0.251106890843262,0.00344437272221874,0.00610689084326244,0.00701126373923326,0.655796290979623,-0.223919919015435,-1.09648850597254,1.29713831687175
-0.1,0.26,-0.0957020577651619,0.265389042723247,0.00429794223483813,0.00538904272324692,0.00689304641845577,0.636888858654278,-0.250933518672221,-1.10125358268658,1.29669821814689
-0.1,0.275,-0.0951488830585798,0.279476324170937,0.00485111694142018,0.00447632417093716,0.0066008191660316,0.61116148573134,-0.272844423809447,-1.08002694423076,1.27062457381547
-0.1,0.29,-0.0949624496392867,0.293377404957382,0.00503755036071327,0.00337740495738231,0.00606496313944883,0.579331446169179,-0.287412940810203,-1.03135095128146,1.21736258280631
-0.1,0.305,-0.0952028658756499,0.307102661700383,0.00479713412435012,0.00210266170038331,0.00523771725403952,0.542170854155289,-0.29241541692903,-0.954352990389447,1.13590840411705
-0.1,0.32,-0.0959232771631001,0.320663883684824,0.00407672283689992,0.000663883684823535,0.00413042499458302,0.50048127476061,-0.285721660376103,-0.848729674446169,1.02590864755245
-0.1,0.335,-0.0971693933114627,0.334073958659526,0.00283060668853735,-0.000926041340473749,0.00297823551611668,0.455070035028995,-0.265362288905172,-0.714711243916603,0.88788164700933
-0.1,0.35,-0.0989792633964354,0.347346553618978,0.00102073660356458,-0.00265344638102238,0.00284300561216775,0.406729178592058,-0.229583505841692,-0.553010311391898,0.723853980062538
-0.08,0.05,-0.081899439326078,0.0479693860910283,-0.00189943932607803,-0.00203061390897175,0.00278051480858514,0.188532555693977,0.00390031382217023,-0.116497321629352,0.221656094494536
-0.08,0.065,-0.083683307126302,0.064774772973558,-0.00368330712630202,-0.000225227026441954,0.00369018679745445,0.253508004412659,0.00512416711755142,-0.17460739962679,0.307864479007812
-0.08,0.08,-0.0849032262508559,0.0814469518304923,-0.0049032262508559,0.00144695183049229,0.00511226928739551,0.314792939338233,0.00722227264209703,-0.249640610340484,0.40183062605668
-0.08,0.095,-0.0855949909630622,0.0979700773908805,-0.00559499096306224,0.00297007739088051,0.00633445211400068,0.371632512205192,0.00845601636780973,-0.339351365540044,0.503332103977439
-0.08,0.11,-0.085802124596337,0.11432877429765,-0.005802124596337,0.0043287742976503,0.00723898727388138,0.423311503589837,0.00724763371289771,-0.440969221240683,0.611312159547846
-0.08,0.125,-0.0855757509276068,0.130508489491135,-0.00557575092760683,0.005508489491135,0.0078378858680548,0.469177963382748,0.00226275666708829,-0.551243841550153,0.723885228828621
-0.08,0.14,-0.0849742201388356,0.146495855006766,-0.00497422013883557,0.00649585500676642,0.00818162564888725,0.50866604565237,-0.00751275187802754,-0.666515746988316,0.838482781950772
-0.08,0.155,-0.0840624782634078,0.162279045487446,-0.0040624782634078,0.00727904548744585,0.00833596022357152,0.541316606150113,-0.0227074141319366,-0.782811008905557,0.952025852178588
-0.08,0.17,-0.0829111836732898,0.177848113111121,-0.00291118367328976,0.00784811311112141,0.00837065527808812,0.566794179050491,-0.0435155219826251,-0.895955952223755,1.06109306383381
-0.08,0.185,-0.0815955904683401,0.193195282261669,-0.00159559046834011,0.00819528226166888,0.00834916524516567,0.584899139547436,-0.0696695787807484,-1.00170602999382,1.16207663957646
-0.08,0.2,-0.0801942349699261,0.208315187397963,-0.000194234969926068,0.00831518739796311,0.00831745566184676,0.595574183569815,-0.100436526745993,-1.0958815916421,1.25132521902037
-0.08,0.215,-0.0787874762434752,0.223205040130977,0.00121252375652486,0.00820504013097714,0.00829414838371502,0.598904677947395,-0.134638565735672,-1.17450249082791,1.32527308967207
-0.08,0.23,-0.0774559530087469,0.237864715465301,0.00254404699125315,0.00786471546530065,0.00826594970005525,0.59511291300431,-0.170697319905193,-1.23391349497336,1.38055484414392
-0.08,0.245,-0.0762790259938856,0.252296752049691,0.00372097400611444,0.00729675204969144,0.00819074099388178,0.584546752839391,-0.206698190728186,-1.27089326046556,1.41410403911089
-0.08,0.26,-0.0753332760433,0.266506266702811,0.00466672395670002,0.0065062667028114,0.00800686073915054,0.567663585783824,-0.240470187854658,-1.2827411238675,1.42323462627903
-0.08,0.275,-0.0746911238009588,0.280500788856763,0.00530887619904122,0.00550078885676294,0.00764479198823838,0.545010768738633,-0.269675525476902,-1.26733791706049,1.40570485470817
-0.08,0.29,-0.0744196272463227,0.294290025317363,0.00558037275367729,0.00429002531736353,0.00703881220758189,0.51720392356944,-0.291902896745614,-1.22317918186323,1.35976516020013
-0.08,0.305,-0.0745794998100627,0.307885569452398,0.00542050018993731,0.00288556945239826,0.00614071114560231,0.484904459651766,-0.304758576358788,-1.14938127415905,1.28419487482141
-0.08,0.32,-0.0752243759637186,0.32130057127379,0.00477562403628143,0.00130057127378994,0.00494955256302188,0.448797595779115,-0.305950257439366,-1.04566268104648,1.17833960422279
-0.08,0.335,-0.0764003346237453,0.334549385780558,0.0035996653762547,-0.00045061421944162,0.00362776018994776,0.409571951012188,-0.29335964689845,-0.912304266044837,1.04217948805628
-0.08,0.35,-0.0781456751928643,0.347647216405672,0.00185432480713574,-0.00235278359432795,0.00299568208127927,0.367901517864054,-0.265101149002551,-0.750093031135086,0.876518502341465
-0.06,0.05,-0.0626077552317822,0.0482492818675615,-0.00260775523178225,-0.00175071813243854,0.00314092364251931,0.171747054389125,0.0205899659058313,-0.145903151070647,0.226293600100287
-0.06,0.065,-0.0643396151005962,0.0652292741879288,-0.00433961510059616,0.000229274187928785,0.00434566748320354,0.222552515411327,0.0266453861092768,-0.210955253596385,0.307801795955116
-0.06,0.08,-0.0655026973303431,0.0820633849224464,-0.00550269733034306,0.0020633849224464,0.00587683888221753,0.270455551873488,0.0331253241337065,-0.293659094058277,0.400599313423998
-0.06,0.095,-0.0661329406998971,0.0987342252048578,-0.00613294069989714,0.00373422520485781,0.00718034814678579,0.31485683788409,0.0381607066516436,-0.391696361177568,0.504002723423099
-0.06,0.11,-0.0662741093597387,0.115224923960407,-0.00627410935973866,0.0052249239604068,0.00816481957240901,0.355187669921761,0.040050524752247,-0.502196405633814,0.616414811751444
-0.06,0.125,-0.0659776675953167,0.131519516549105,-0.00597766759531672,0.00651951654910532,0.0088451458955835,0.390928966780426,0.0373506499658676,-0.621782622748698,0.735419324825851
-0.06,0.14,-0.0653024052054047,0.147603344938031,-0.00530240520540466,0.00760334493803103,0.00926964698405417,0.421629670803563,0.0289567644461254,-0.746646355378124,0.857965388667522
-0.06,0.155,-0.0643138019011386,0.163463451986595,-0.00431380190113861,0.00846345198659529,0.00949941610688104,0.446923383156357,0.0141751539572877,-0.872646422026376,0.980549177600365
-0.06,0.17,-0.0630831341050262,0.179088950666651,-0.00308313410502619,0.009088950666651,0.00959764242563721,0.466542099367035,-0.00722445289777059,-0.99543009833822,1.09937795379479
-0.06,0.185,-0.0616863441674246,0.194471348628943,-0.00168634416742463,0.00947134862894283,0.00962030152864162,0.480326064956947,-0.0349787056700169,-1.11056931224543,1.21051862559471
-0.06,0.2,-0.0602027087585332,0.209604809776523,-0.000202708758533217,0.00960480977652267,0.00960694861462117,0.488229035701853,-0.0683261188063045,-1.21370424038766,1.31003389175757
-0.06,0.215,-0.0587133582733176,0.224486337366338,0.00128664172668239,0.0094863373663378,0.00957319401040306,0.490318575621359,-0.10602912457562,-1.30068564838284,1.39410671090647
-0.06,0.23,-0.0572997108021727,0.239115867548596,0.00270028919782728,0.00911586754859553,0.00950739727346237,0.48677141728883,-0.146421344507975,-1.36770733514549,1.45915182502202
-0.06,0.245,-0.0560418911197795,0.253496267713318,0.0039581088802205,0.00849626771331816,0.00937300330545407,0.477864293418961,-0.187476630180062,-1.41142092429525,1.50191210107762
-0.06,0.26,-0.0550172064092145,0.267633240026548,0.00498279359078549,0.00763324002654756,0.00911562314223557,0.463960980315542,-0.226894734067746,-1.4290268675736,1.51953747386762
-0.06,0.275,-0.0542987458711275,0.281535136537513,0.00570125412887254,0.00653513653751273,0.00867250299544024,0.44549653407653,-0.262197385296816,-1.41833765966227,1.50964505506992
-0.06,0.29,-0.0539541615641058,0.295212697489067,0.00604583843589424,0.0052126974890675,0.00798275500723069,0.422959828457944,-0.290828153693008,-1.37781161672156,1.47036034028278
-0.06,0.305,-0.0540446740008493,0.308678728584957,0.00595532599915072,0.00367872858495707,0.00699992512516675,0.396875515517403,-0.310249770211771,-1.30655785379089,1.4003414338821
-0.06,0.32,-0.0546243297337983,0.321947735522784,0.00537567026620167,0.00194773552278432,0.00571764850945217,0.36778643969847,-0.318033420717032,-1.20431505832129,1.29879140458524
-0.06,0.335,-0.0557395213251739,0.335035535102296,0.0042604786748261,3.55351022956751e-05,0.00426062686492764,0.336237366613356,-0.311935770480999,-1.07140813255961,1.16547059738702
-0.06,0.35,-0.0574287641868992,0.347958861541957,0.00257123581310079,-0.00204113845804274,0.00328291026552252,0.30276067348323,-0.28996091055847,-0.908687680469013,1.00073978407142
-0.04,0.05,-0.0431932062691175,0.0485122497805892,-0.00319320626911754,-0.00148775021941083,0.00352277830589558,0.131634623877762,0.0353913276418807,-0.16640922279322,0.215109981305805
-0.04,0.065,-0.0448814047869465,0.0656655607138214,-0.00488140478694649,0.000665560713821373,0.00492656916705799,0.16700072893818,0.0451618538257796,-0.236627715083096,0.293124034252768
-0.04,0.08,-0.0459969923387055,0.0826603669633898,-0.00599699233870546,0.00266036696338984,0.00656059978129958,0.2003333811116,0.0550176719754436,-0.325049794901091,0.385769800758192
-0.04,0.095,-0.0465760248770576,0.0994777556200354,-0.00657602487705763,0.00447775562003538,0.00795577768520711,0.231211697856339,0.0629893600469534,-0.429302737152233,0.491659264260313
-0.04,0.11,-0.0466624582706535,0.116099379792976,-0.00666245827065354,0.00609937979297573,0.00903276170764846,0.25923564785148,0.0672809072690785,-0.546440443092856,0.608547845960762
-0.04,0.125,-0.0463080256435182,0.132507882905033,-0.00630802564351816,0.00750788290503265,0.00980609469844975,0.28403946509859,0.066363400746325,-0.672990868230299,0.73348931486869
-0.04,0.14,-0.0455718623120489,0.148687335550139,-0.00557186231204894,0.00868733555013879,0.0103206321795293,0.30530467385782,0.0590627062518509,-0.805032314937151,0.86301243119904
-0.04,0.155,-0.0445198663391662,0.164623665845257,-0.00451986633916619,0.00962366584525703,0.0106322215940552,0.322771892476795,0.0446344877738547,-0.938296656761987,0.993277029286482
-0.04,0.17,-0.0432237979395816,0.180305062253099,-0.00322379793958162,0.0103050622530992,0.0107975544080824,0.33625060446741,0.0228203550338989,-1.06829514208019,1.12021414100158
-0.04,0.185,-0.0417601378764093,0.195722327413109,-0.00176013787640926,0.0107223274131095,0.0108658359318503,0.345626193498109,-0.00611989879422927,-1.19046022405289,1.23965737672294
-0.04,0.2,-0.0402087420159528,0.21086916289485,-0.000208742015952845,0.01086916289485,0.0108711671527949,0.350863726630719,-0.0414031949829678,-1.30029518786727,1.34746830697029
-0.04,0.215,-0.0386513445825483,0.225742367953342,0.00134865541745165,0.010742367953342,0.010826695741546,0.352008221816333,-0.081746178735173,-1.39352244469901,1.43965484504706
-0.04,0.23,-0.0371699745452584,0.240341940166012,0.00283002545474156,0.0103419401660116,0.0107221625837258,0.349181412604872,-0.12541491024028,-1.46622138508767,1.51247960199706
-0.04,0.245,-0.0358453566738847,0.254671071861619,0.00415464332611526,0.00967107186161917,0.010525715753327,0.342575303194624,-0.17029756014291,-1.5149476254801,1.56255455193915
-0.04,0.26,-0.03475537002576,0.268736042868358,0.00524462997424005,0.00873604286835769,0.010189435144525,0.33244304097721,-0.213994629205065,-1.53682721681734,1.58691869816096
-0.04,0.275,-0.0339736320493029,0.282546016635285,0.00602636795069715,0.00754601663528481,0.00965709468407475,0.319087808616237,-0.25392006192112,-1.52962165553875,1.58309641985937
-0.04,0.29,-0.0335682664648061,0.296112752610474,0.00643173353519388,0.00611275261047403,0.00887315844243721,0.302850524712374,-0.287406221234255,-1.49176203626009,1.54913554608112
-0.04,0.305,-0.0336008990307711,0.309450252188309,0.00639910096922885,0.004450252188309,0.00779443633330433,0.284097151801385,-0.311806014892512,-1.42235310017342,1.48362579909754
-0.04,0.32,-0.034125908766215,0.322574358398441,0.00587409123378502,0.00257435839844058,0.00641344439333901,0.263206341941364,-0.324586388438755,-1.32114999568985,1.38570011395743
-0.04,0.335,-0.0351899450049063,0.33550233044876,0.00481005499509371,0.000502330448760413,0.00483621390506849,0.240558028825707,-0.323408737504674,-1.18851210509729,1.25502405420874
-0.04,0.35,-0.0368317045711794,0.348252413601794,0.00316829542882061,-0.00174758639820638,0.00361830818801847,0.216523418796218,-0.306193327788332,-1.02533921616932,1.09178446617032
-0.02,0.05,-0.0236532266977876,0.0487294987804487,-0.00365322669778756,-0.00127050121955127,0.00386784677234105,0.0751054944113657,0.0455154938940283,-0.17821418433843,0.198677705158417
-0.02,0.065,-0.0253062354890024,0.0660538123312285,-0.00530623548900236,0.00105381233122845,0.00540986649504378,0.0941144635137229,0.0576741364124801,-0.251678183012792,0.274819742482686
-0.02,0.08,-0.0263838257530045,0.083207100152506,-0.00638382575300453,0.003207100152506,0.00714413904070517,0.112016023199266,0.0697039013197245,-0.343697560765876,0.36815038082044
-0.02,0.095,-0.0269221435799377,0.100168958946967,-0.0069221435799377,0.0051689589469669,0.00863910923282614,0.128584525014905,0.0795709121752708,-0.451865053105581,0.476496427026406
-0.02,0.11,-0.0269652869216668,0.116919600110559,-0.00696528692166684,0.0069196001105585,0.00981815092526003,0.143604886363134,0.0854180462504239,-0.573186508471736,0.597046568589616
-0.02,0.125,-0.0265651846292751,0.133440308609013,-0.00656518462927506,0.0084403086090131,0.0106930098022891,0.156879714481088,0.0856617723052268,-0.704128970743415,0.726466696916679
-0.02,0.14,-0.025781221042465,0.14971391537209,-0.00578122104246503,0.00971391537208985,0.0113040996367674,0.168236249477603,0.0790829118277422,-0.840698498475121,0.861014203784898
-0.02,0.155,-0.0246795939109334,0.16572526250888,-0.00467959391093335,0.01072526250888,0.0117017030835529,0.177532683180848,0.0649044040792607,-0.978545763405341,0.996648028257299
-0.02,0.17,-0.0233324087699085,0.181461638552004,-0.00333240876990854,0.0114616385520045,0.0119362517779476,0.184663421412513,0.0428496059250203,-1.11309496004566,1.12914052310796
-0.02,0.185,-0.021816529999066,0.196913160506151,-0.00181652999906601,0.0119131605061508,0.0120508578318234,0.18956290959219,0.0131758713182503,-1.23968926985092,1.2541929657631
-0.02,0.2,-0.0202122260022879,0.212073080908543,-0.000212226002287914,0.0120730809085427,0.0120749460661431,0.19220774568776,-0.0233199603397203,-1.35374437962471,1.36755265668274
-0.02,0.215,-0.0186016614779426,0.226938001625123,0.00139833852205741,0.0119380016251233,0.0120196186887819,0.192616931234992,-0.0653251923674302,-1.45090061666854,1.46512737671521
-0.02,0.23,-0.0170673018542921,0.241507981286901,0.00293269814570787,0.0115079812869014,0.0118757884670244,0.190850265324773,-0.111062531811917,-1.5271642860946,1.54309215199491
-0.02,0.245,-0.0156903020793327,0.255786529824788,0.00430969792066725,0.0107865298247878,0.0116156240395616,0.18700503026111,-0.158365156122883,-1.57902978130984,1.59798340873441
-0.02,0.26,-0.0145489532783279,0.269780490773334,0.00545104672167206,0.0097804907733339,0.0111969598610123,0.181211247727464,-0.204769881950787,-1.60357584304797,1.62677640790844
-0.02,0.275,-0.0137172561203835,0.283499819065129,0.00628274387961647,0.00849981906512945,0.0105697585022931,0.173625873474106,-0.247621540380387,-1.59853170659276,1.62694309584567
-0.02,0.29,-0.0132636796276361,0.296957268363989,0.00673632037236394,0.00695726836398927,0.00968408979965032,0.164426348312243,-0.284181254180892,-1.56231147017859,1.59648897306161
-0.02,0.305,-0.013250149940564,0.310168006777083,0.00674985005943601,0.00516800677708273,0.00850110403846709,0.153803930176253,-0.311731661982522,-1.49401751835218,1.53396909119545
-0.02,0.32,-0.0137312968274476,0.323149182845847,0.0062687031725524,0.00314918284584711,0.0070152684953711,0.141957191089647,-0.327673109263385,-1.39341596250522,1.43848470417359
-0.02,0.335,-0.0147539683531464,0.335919464730734,0.00524603164685358,0.000919464730734287,0.00532599882001992,0.129086004210552,-0.329606227475115,-1.26088863488064,1.30966342673164
-0.02,0.35,-0.0163570078731784,0.348498574770481,0.00364299212682165,-0.00150142522951907,0.0039402625998683,0.115386259359553,-0.315397925785232,-1.09736711366332,1.1476273153203
0,0.05,-0.0039859484044566,0.0488722951971296,-0.0039859484044566,-0.00112770480287036,0.00414240302305401,0.00995798693431882,0.0491577725464558,-0.181420215019694,0.18822586003682
0,0.065,-0.00561233150968746,0.0663642739815986,-0.00561233150968746,0.00136427398159863,0.00577576908052059,0.0121043036250163,0.0622388638299465,-0.256114219387162,0.263846180054995
0,0.08,-0.00666153535074071,0.0836728595693312,-0.00666153535074071,0.00367285956933119,0.00760696724359951,0.014099307107981,0.0751113512864776,-0.349500054705482,0.357758591286299
0,0.095,-0.00716976930611246,0.100776205864511,-0.00716976930611246,0.00577620586451089,0.00920707044026939,0.0159218105495992,0.0857166584481323,-0.459156804022452,0.467361777836316
0,0.11,-0.00718122340120569,0.117653130664088,-0.00718122340120569,0.00765313066408763,0.0104947786303296,0.017550650796095,0.0921742197984808,-0.582071386823791,0.589588228236175
0,0.125,-0.0067479481050805,0.134283607626639,-0.0067479481050805,0.00928360762663885,0.011476940977205,0.0189651343061814,0.0928795336309689,-0.714686899838447,0.720951112656741
0,0.14,-0.00592947864430697,0.150649272560668,-0.00592947864430697,0.0106492725606682,0.0121887539586577,0.0201455055405852,0.0865961121515311,-0.852981033777472,0.857610111817413
0,0.155,-0.00479219150449976,0.166733921812076,-0.00479219150449976,0.0117339218120756,0.0126747789135631,0.0210734168516076,0.0725343070577743,-0.992572601035701,0.995454975926722
0,0.17,-0.00340839619525024,0.1825239783063,-0.00340839619525024,0.0125239783062996,0.0129794914091601,0.0217323765653132,0.0504104412217762,-1.12885166047471,1.13020396332149
0,0.185,-0.00185518253722113,0.198008900319207,-0.00185518253722113,0.0130089003192075,0.0131405171040369,0.0221081475466755,0.0204809067139736,-1.25712640334294,1.25751282644884
0,0.2,-0.000213061030710359,0.213181509653778,-0.000213061030710359,0.0131815096537779,0.0131832314610435,0.0221890773021606,-0.0164521978080681,-1.37277819266944,1.37308893669721
0,0.215,0.00143555050708676,0.228038219626669,0.00143555050708676,0.0130382196266693,0.0131170109511146,0.0219663404997135,-0.0590649350098893,-1.47141520009484,1.47280457503876
0,0.23,0.00300792869214544,0.242579148892662,0.00300792869214544,0.0125791488926624,0.0129337783296607,0.0214340829528636,-0.105563397273759,-1.54901510401043,1.55280340791531
0,0.245,0.00442266218707091,0.256808114148919,0.00442266218707091,0.0118081141489186,0.0126091831842843,0.0205894639958304,-0.153759689960406,-1.60204831739607,1.6095947202088
0,0.26,0.00560121131189861,0.27073250250339,0.00560121131189861,0.0107325025033895,0.0121062041179638,0.0194326003310541,-0.201166238955689,-1.62757504602127,1.64013100024486
0,0.275,0.00646934050184797,0.284363031877956,0.00646934050184797,0.00936303187795584,0.0113806297047425,0.0179664217731969,-0.245101423755213,-1.62331187703287,1.64186583332106
0,0.29,0.00695836456553667,0.297713414567861,0.00695836456553667,0.00771341456786101,0.0103882434377813,0.0161964527171868,-0.282799126381427,-1.58766622943895,1.61279058406381
0,0.305,0.0070061640268726,0.310799944232824,0.0070061640268726,0.0057999442328236,0.00909536626394492,0.0141305397381151,-0.311515145916258,-1.51973953139199,1.55144986000073
0,0.32,0.00655794163220644,0.323641029835597,0.00655794163220644,0.00364102983559741,0.00750091305876404,0.0117785416336949,-0.32862442365362,-1.41930214422833,1.45693709420881
0,0.335,0.00556670953245689,0.336256701145092,0.00556670953245689,0.00125670114509246,0.00570679882130281,0.00915200239196277,-0.331704449913638,-1.28674464110766,1.32887265433983
0,0.35,0.00399351304167145,0.34866810956859,0.00399351304167145,-0.00133189043140952,0.00420975991420891,0.00626382212368864,-0.318601853181263,-1.1230109955952,1.16736764280605
0.02,0.05,0.0158097737881219,0.048912241084897,-0.00419022621187809,-0.00108775891510296,0.00432911251460345,-0.0555246883658271,0.0456564337171363,-0.176009815862942,0.190123616120597
0.02,0.065,0.0142013931964019,0.0665675509319767,-0.00579860680359806,0.00156755093197666,0.00600675093433003,-0.0703002673535533,0.0581415728249455,-0.249880045219162,0.266012657953255
0.02,0.08,0.013170894190025,0.0840273046640769,-0.00682910580997503,0.00402730466407686,0.00792816933605293,-0.0842697548659243,0.0704763698916852,-0.342357337054152,0.359551499480124
0.02,0.095,0.0126820309087249,0.101268274452041,-0.00731796909127511,0.00626827445204145,0.00963555583383612,-0.0972490279276525,0.0806187968517512,-0.45102841667242,0.468385117441574
0.02,0.11,0.012690571488955,0.11826794612941,-0.00730942851104499,0.00826794612940956,0.0110357001751994,-0.109064475202027,0.0867039800585923,-0.572891090147282,0.589593002465756
0.02,0.125,0.0131444184921793,0.135005042355004,-0.00685558150782066,0.0100050423550042,0.0121284735369213,-0.119559264832648,0.0871414461765246,-0.704402440430185,0.719776118586777
0.02,0.14,0.013983984806608,0.15146006070198,-0.00601601519339198,0.0114600607019795,0.0129431615187395,-0.128599383847999,0.0807062827839377,-0.841556887215288,0.855150790834877
0.02,0.155,0.0151428373423183,0.167615803070927,-0.00485716265768166,0.0126158030709274,0.01351852492721,-0.136079049814153,0.0666172593709995,-0.979992150239871,0.991647381161513
0.02,0.17,0.0165486054445736,0.183457870439805,-0.00345139455542638,0.0134578704398053,0.0138933941552024,-0.141925107397133,0.0445954055292446,-1.11511862872258,1.12501631356261
0.02,0.185,0.018124133771219,0.198975096491703,-0.00187586622878104,0.0139750964917033,0.0141004324777894,-0.146100079262454,0.0148977626848491,-1.24226541181929,1.25094072211851
0.02,0.2,0.0197888421045592,0.214159895371592,-0.000211157895440838,0.0141598953715923,0.014161469718615,-0.148603633166771,-0.0216770802008173,-1.35683437875836,1.36515223716526
0.02,0.215,0.0214602389433353,0.22900850281125,0.00146023894333533,0.0140085028112498,0.0140844044526003,-0.149472354807933,-0.0638126986630128,-1.45445290715264,1.46354493185909
0.02,0.23,0.0230555235757198,0.24352109582802,0.00305552357571981,0.0135210958280202,0.0138620437422583,-0.148777848784785,-0.109726301066342,-1.53111573017553,1.54228198125053
0.02,0.245,0.0244932041552467,0.257701783688267,0.00449320415524675,0.0127017836882672,0.0134730914212091,-0.146623327548361,-0.157244105921633,-1.58330747547338,1.59788990624898
0.02,0.26,0.0256946579550257,0.271558471007733,0.0056946579550257,0.0115584710077327,0.0128851612819295,-0.143138959105196,-0.20389489469298,-1.60809923341996,1.62733618379824
0.02,0.275,0.0265855646381685,0.285102601964237,0.00658556463816853,0.0101026019642365,0.0120595285169567,-0.138476325301404,-0.247014809305729,-1.60321487959072,1.62808731602608
0.02,0.29,0.0270971535387222,0.298348801715727,0.0070971535387222,0.00834880171572672,0.0109577405718843,-0.132802381053486,-0.283856054384114,-1.56706548439758,1.59814597333579
0.02,0.305,0.0271672201744849,0.311314436604025,0.00716722017448493,0.00631443660402539,0.00955202358957512,-0.126293302842215,-0.311692517033219,-1.49875265427798,1.53606740164635
0.02,0.32,0.0267408840363194,0.324019118149311,0.00674088403631937,0.00401911814931125,0.00784810985455914,-0.119128578313789,-0.32791629932645,-1.39804378803961,1.44095683100764
0.02,0.335,0.0257710771061419,0.336484176996799,0.00577107710614189,0.00148417699679948,0.00595886837603112,-0.111485622936181,-0.330120568379296,-1.26532381104431,1.31245125568851
0.02,0.35,0.0242187689228312,0.348732132054947,0.00421876892283116,-0.00126786794505343,0.00440516745996562,-0.103535133218715,-0.31616574109856,-1.10152889279291,1.15069140334479
0.04,0.05,0.035734348334775,0.048821548652588,-0.00426565166522502,-0.00117845134741201,0.00442544141383142,-0.113025651531479,0.0355530722692466,-0.161839024593856,0.200575995120818
0.04,0.065,0.0341353216064591,0.0666348996031736,-0.00586467839354088,0.00163489960317359,0.00608829609760583,-0.144333009981443,0.0459625538759554,-0.232852093220237,0.277785569457553
0.04,0.08,0.0331138184627969,0.0842407860175366,-0.00688618153720308,0.00424078601753655,0.00808725925204887,-0.173904400062005,0.056415384466226,-0.322170293709055,0.370431656435369
0.04,0.095,0.0326335834455685,0.101614672097795,-0.00736641655443152,0.00661467209779532,0.00990040301274421,-0.201357985478911,0.0649262870361186,-0.427409076512378,0.476907006532295
0.04,0.11,0.0326503931844776,0.118732786077966,-0.00734960681552235,0.0087327860779656,0.011413950807073,-0.226332714371861,0.0696841881907927,-0.545606552203657,0.594787416225071
0.04,0.125,0.0331121780027559,0.135572672269606,-0.00688782199724415,0.010572672269606,0.012618379087118,-0.248500971621958,0.0691466937771373,-0.673271142122883,0.720995761862135
0.04,0.14,0.0339593979744506,0.152113758456872,-0.00604060202554937,0.0121137584568717,0.0135363221290903,-0.267580798329613,0.062128541244113,-0.806458342497146,0.851967060080205
0.04,0.155,0.0351256856021375,0.168337913753534,-0.00487431439786251,0.0133379137535344,0.0142006649191484,-0.283346883960488,0.0478773058482631,-0.940874658715302,0.983791946936874
0.04,0.17,0.0365387519726119,0.184229969568255,-0.00346124802738811,0.0142299695682549,0.0146448718608446,-0.295639556733643,0.0261300849308424,-1.0720043239375,1.1123478151466
0.04,0.185,0.0381215362011299,0.199778175852383,-0.00187846379887013,0.0147781758523827,0.0148970838679123,-0.304371109601387,-0.00285393235245182,-1.1952521897526,1.23342468990967
0.04,0.2,0.0397935608086029,0.214974566620077,-0.000206439191397132,0.014974566620077,0.0149759895365504,-0.309528982744815,-0.0382882716337106,-1.30609448574968,1.34284754537283
0.04,0.215,0.0414724401359552,0.229815212950141,0.0014724401359552,0.014815212950141,0.0148882038779699,-0.31117556825625,-0.0788823441909847,-1.40022822805415,1.43659314613763
0.04,0.23,0.0430754769029215,0.244300347968307,0.00307547690292154,0.0143003479683073,0.014627320677249,-0.309444671408347,-0.122891537407166,-1.47371008492747,1.51089775694923
0.04,0.245,0.0445212748150032,0.258434356173394,0.00452127481500315,0.0134343561733943,0.0141747610825156,-0.304534932595565,-0.168190509043338,-1.52307645977875,1.56235166295765
0.04,0.26,0.0457312938140285,0.272225628091289,0.00573129381402847,0.0122256280912888,0.0135023594608213,-0.296700734476916,-0.212364147914141,-1.54543830639614,1.58797696119205
0.04,0.275,0.0466312791983202,0.28568628973396,0.00663127919832018,0.0106862897339602,0.0125765914334615,-0.286241284658375,-0.252809503323189,-1.53854648749245,1.58528619945718
0.04,0.29,0.0471525058402936,0.29883182383448,0.00715250584029356,0.00883182383447964,0.0113648340084102,-0.273488642893897,-0.28684158208163,-1.50082601479144,1.55232092518538
0.04,0.305,0.0472327929399492,0.311680605592778,0.00723279293994916,0.00668060559277842,0.00984600349372479,-0.258795463256046,-0.311796241940821,-1.43137994501679,1.48767095477255
0.04,0.32,0.0468172613529399,0.324253379241827,0.00681726135293992,0.00425337924182728,0.00803531501119249,-0.242523152660109,-0.325124348584219,-1.32996578988914,1.39047733312415
0.04,0.335,0.0458588229049562,0.33657270299353,0.00585882290495623,0.00157270299353046,0.0060662344611381,-0.225031022512816,-0.324472716517144,-1.19694884232852,1.26042536593896
0.04,0.35,0.0443184073136472,0.348662388926212,0.00431840731364716,-0.00133761107378785,0.00452082349924006,-0.20666685792239,-0.307748907698489,-1.03323775368276,1.09774209046875
0.06,0.05,0.0557874450638104,0.0485733045157454,-0.00421255493618955,-0.00142669548425461,0.0044475925055256,-0.154649010755137,0.0205461782505371,-0.138648358336078,0.208714823163753
0.06,0.065,0.054189131832187,0.0665385073098277,-0.00581086816781298,0.00153850730982774,0.00601108921960867,-0.201676864562334,0.0275263751642287,-0.204848663798559,0.288780904202776
0.06,0.08,0.053166931608931,0.084284640066378,-0.00683306839106904,0.00428464006637802,0.00806529380341712,-0.246093681074792,0.0348705675348686,-0.288848626062757,0.381067081236442
0.06,0.095,0.0526846064664118,0.101785944468294,-0.00731539353358818,0.00678594446829378,0.00997817743267931,-0.287335269796048,0.0406869702456924,-0.388312677463209,0.484773270951528
0.06,0.11,0.0526979917999204,0.119017477149924,-0.00730200820007959,0.00901747714992351,0.0116031986065663,-0.324867979531178,0.04325302691756,-0.500347194298201,0.598130915735214
0.06,0.125,0.0531551200500969,0.135955687987668,-0.00684487994990313,0.0109556879876682,0.0129181841143298,-0.358207081351259,0.0411053464386584,-0.62154720857106,0.718560827331249
0.06,0.14,0.0539965968309827,0.152579013919706,-0.00600340316901729,0.0125790139197064,0.0139381649008015,-0.386934517659694,0.0331237254064398,-0.748070990744057,0.842875151801911
0.06,0.155,0.0551562413781912,0.168868462293059,-0.00484375862180876,0.0138684622930592,0.014690004899943,-0.410714871591837,0.018602912106252,-0.875740598336332,0.967458840387089
0.06,0.17,0.0565619880491736,0.184808155201119,-0.00343801195082644,0.0148081552011191,0.0152020191630735,-0.429308453266626,-0.00269379637994508,-1.00016416843961,1.08842868140466
0.06,0.185,0.0581370287863675,0.200385805788899,-0.00186297121363254,0.0153858057888991,0.0154981831682473,-0.442580549920117,-0.030503906520031,-1.11687363193368,1.20177688893068
0.06,0.2,0.0598011595056474,0.215593099468421,-0.000198840494352627,0.0155930994684211,0.0155943672065996,-0.450506152915168,-0.0640610859995186,-1.22146993018734,1.30350362173808
0.06,0.215,0.0614722780463179,0.23042595736536,0.00147227804631792,0.0154259573653598,0.0154960563784328,-0.453169820460956,-0.102117443844688,-1.30976695217554,1.38973919000423
0.06,0.23,0.0630679694571783,0.244884665913018,0.00306796945717833,0.0148846659130178,0.0151975562486978,-0.450760720573029,-0.14299136507521,-1.37792543281758,1.45685435240765
0.06,0.245,0.0645071073059059,0.258973864677369,0.00450710730590592,0.0139738646773693,0.0146827419199678,-0.443563274438944,-0.184637396652824,-1.42256895015249,1.50155612823377
0.06,0.26,0.0657113983915996,0.272702393495637,0.00571139839159961,0.012702393495637,0.0139273426074599,-0.431944148831231,-0.224732966034328,-1.44087580892689,1.52096666465326
0.06,0.275,0.0666068027855754,0.286083008845454,0.00660680278557542,0.0110830088454539,0.012902826361534,-0.416336572632275,-0.260775612804914,-1.43064276973687,1.5126836106671
0.06,0.29,0.0671247709977118,0.299131987135144,0.00712477099771183,0.00913198713514385,0.0115825537255939,-0.397223076581677,-0.290184020491732,-1.39031896916016,1.47482197861336
0.06,0.305,0.067203254027509,0.311868638652204,0.00720325402750896,0.00686863865220405,0.00995314349938629,-0.375117760856674,-0.310396430391961,-1.31901069806067,1.40603972562514
0.06,0.32,0.066787458517652,0.324314759602619,0.006787458517652,0.00431475960261876,0.00804280694516768,-0.350549098721684,-0.318960885472539,-1.21645968841719,1.30555300067084
0.06,0.335,0.0658303362829554,0.336494050977427,0.0058303362829554,0.00149405097742744,0.00601872158315186,-0.32404411520274,-0.313613015996083,-1.08299905233683,1.1731550377029
0.06,0.35,0.0642928136069534,0.34843153198769,0.00429281360695344,-0.00156846801231045,0.00457037641444178,-0.29611456278565,-0.292338535914383,-0.919491926258641,1.00927567882712
0.08,0.05,0.0759680051514476,0.0481417178812806,-0.00403199484855243,-0.00185828211871941,0.00443961652527622,-0.17333281313654,0.00334427369565878,-0.106090048950171,0.203250067853478
0.08,0.065,0.0743618068965963,0.0662517544829168,-0.00563819310340366,0.00125175448291676,0.00577547493776666,-0.234904558658245,0.0057421219807869,-0.165652392039298,0.287496107889433
0.08,0.08,0.0733292757101707,0.0841314649116687,-0.00667072428982929,0.00413146491166866,0.00784650016677931,-0.293069224972134,0.00893779649759512,-0.242327307208267,0.380384686999768
0.08,0.095,0.0728342186824332,0.101753964181219,-0.00716578131756684,0.00675396418121899,0.00984705306436291,-0.347102056657294,0.0111642665572908,-0.333847060629876,0.481725757546645
0.08,0.11,0.0728325800470823,0.119093233636725,-0.00716741995291767,0.00909323363672537,0.0115783766890508,-0.396317826833084,0.0108168578781846,-0.437411847012176,0.590353310752125
0.08,0.125,0.0732725678817742,0.136124722540756,-0.00672743211822581,0.0111247225407561,0.0130006843863753,-0.440094045068392,0.00653718356134549,-0.549735177437439,0.704230439642508
0.08,0.14,0.0740950302075981,0.152825965127793,-0.00590496979240186,0.0128259651277925,0.0141199875959056,-0.477893328814242,-0.00270867607611514,-0.667115488308822,0.820636312865898
0.08,0.155,0.0752340919925728,0.169177186174615,-0.00476590800742716,0.0141771861746153,0.0149568207505793,-0.509283519471843,-0.0175635964251135,-0.785532118075758,0.936353781910769
0.08,0.17,0.0766180496492953,0.185161865554322,-0.00338195035070474,0.0151618655543222,0.01553446990605,-0.533954171658978,-0.0382298630862389,-0.900761651269127,1.04784098711933
0.08,0.185,0.0781705030737885,0.200767231787987,-0.00182949692621152,0.0157672317879867,0.01587301664017,-0.551728241304735,-0.0644410391325582,-1.00850869253693,1.15138659657183
0.08,0.2,0.0798116886372564,0.215984656672651,-0.000188311362743608,0.0159846566726511,0.0159857658594097,-0.562568118250406,-0.0954580337833287,-1.10454365965537,1.24325076549086
0.08,0.215,0.0814599615390858,0.230809927602326,0.00145996153908579,0.0158099276023264,0.0158771942888664,-0.56657557868448,-0.130090198773375,-1.18483939118635,1.31979269071156
0.08,0.23,0.0830333642594686,0.245243381035846,0.00303336425946856,0.0152433810358458,0.0155422638034041,-0.563985705135691,-0.166740184365769,-1.24569838067643,1.37758413156782
0.08,0.245,0.0844512109281297,0.259289888979604,0.00445121092812971,0.0142898889796041,0.0149671041212424,-0.555155287226489,-0.203469328921511,-1.28386327392684,1.41350748188226
0.08,0.26,0.0856356161336161,0.272958699651414,0.00563561613361614,0.0129586996514142,0.0141311027829054,-0.540546615822896,-0.23807877701316,-1.29660478228635,1.42483708962081
0.08,0.275,0.0865129011145741,0.286263142575643,0.00651290111457414,0.0112631425756433,0.0130106211076754,-0.520707874848481,-0.268200500158753,-1.28178316667264,1.40930352297986
0.08,0.29,0.0870148199627964,0.299220216426585,0.00701481996279643,0.00922021642658505,0.0115853394453299,-0.496251486665735,-0.291392015297841,-1.23788166085496,1.36514248780875
0.08,0.305,0.0870795621328649,0.31185008411674,0.00707956213286492,0.00685008411673976,0.00985108381851994,-0.467831782741806,-0.305228845467772,-1.1640123572657,1.29113381780012
0.08,0.32,0.0866525036758341,0.324175503504033,0.00665250367583414,0.00417550350403334,0.00785433858890623,-0.436123261470506,-0.307389543711688,-1.05989694371441,1.1866438786
0.08,0.335,0.0856866964050608,0.336221223433449,0.00568669640506078,0.00122122343344938,0.00581634788142328,-0.401800488922453,-0.295729246873511,-0.925826091773221,1.05170548564602
0.08,0.35,0.0841431000052491,0.348013373823807,0.00414310000524912,-0.00198662617619322,0.00459477542622393,-0.365520437077813,-0.26833905997098,-0.762602180302817,0.887236640586918
0.1,0.05,0.0962742625751187,0.0475023473076443,-0.00372573742488133,-0.00249765269235575,0.00448546411542811,-0.163181885055583,-0.0125615769204752,-0.0637676943165338,0.175648694349572
0.1,0.065,0.0946516557221825,0.0657494536390444,-0.0053483442778175,0.00074945363904444,0.00540059878820304,-0.237832234926774,-0.0156437301420669,-0.115042158023494,0.264657742993449
0.1,0.08,0.0935992608985061,0.0837553710224896,-0.00640073910149391,0.00375537102248963,0.00742106950256821,-0.308378416021029,-0.0173991267921193,-0.182588834687959,0.358802285881339
0.1,0.095,0.093080958161981,0.10149219258846,-0.00691904183801897,0.00649219258846001,0.00948797684239965,-0.373961539676743,-0.0194456722653689,-0.264224762600307,0.458302533709424
0.1,0.11,0.0930528502960501,0.118932929474846,-0.00694714970394988,0.00893292947484636,0.0113163650529518,-0.433770243624005,-0.0232475000935873,-0.357266314481856,0.562440068123206
0.1,0.125,0.0934633932598316,0.136052132517353,-0.00653660674016837,0.0110521325173528,0.0128404384993948,-0.487067651474064,-0.0300381374441104,-0.458572899358052,0.669650203808312
0.1,0.14,0.094253772109412,0.152826529098012,-0.00574622789058801,0.0128265290980118,0.0140548562309515,-0.533217301689693,-0.0407492022844175,-0.564614926342392,0.777676338861253
0.1,0.155,0.0953585333589985,0.169235647421067,-0.00464146664100154,0.0142356474210674,0.0149732050702738,-0.571706432552675,-0.0559499116989154,-0.67156424036731,0.883737885288635
0.1,0.17,0.0967064702097388,0.185262397902375,-0.00329352979026121,0.0152623979023747,0.0156137160282153,-0.602165067740944,-0.0758022750464415,-0.775403302167402,0.984694318285717
0.1,0.185,0.0982217408525338,0.200893580953338,-0.00177825914746618,0.0158935809533384,0.0159927521432638,-0.624379569130749,-0.100035889907857,-0.872047628567961,1.0771992715259
0.1,0.2,0.0998251838641426,0.216120292580365,-0.000174816135857373,0.0161202925803652,0.0161212404472464,-0.638299693786838,-0.127944823733624,-0.957474681661671,1.15784271995005
0.1,0.215,0.101435780062093,0.230938203908536,0.00143578006209286,0.0159382039085358,0.0160027437715153,-0.644038666707686,-0.158407302924292,-1.02785168337049,1.22328026348347
0.1,0.23,0.102972198831225,0.245347697736453,0.00297219883122492,0.0153476977364526,0.0156328433658707,-0.641866318260298,-0.189927057727091,-1.07965483927454,1.27034851058039
0.1,0.245,0.104354360187946,0.259353853854111,0.00435436018794573,0.014353853854111,0.014999785768855,-0.632195857115453,-0.220693416592434,-1.10977319677724,1.29616564637044
0.1,0.26,0.105504942558811,0.272966284335347,0.00550494255881064,0.0129662843353472,0.0140864801153757,-0.615565303292588,-0.248655823892224,-1.11559172630219,1.29821699437375
0.1,0.275,0.106350770571148,0.286198829336532,0.0063507705711483,0.0111988293365315,0.0128742403797709,-0.59261493537949,-0.271607526286556,-1.0950500192644,1.27442717185116
0.1,0.29,0.106824026539433,0.299069132139071,0.00682402653943256,0.0090691321390714,0.0113497355020643,-0.564062291465503,-0.28727281463111,-1.04667500400235,1.22322415543563
0.1,0.305,0.106863242664235,0.311598118546531,0.00686324266423546,0.00659811854653142,0.0095204657565827,-0.530676283279344,-0.293392407529214,-0.969588048236371,1.14360868503282
0.1,0.32,0.106414046660678,0.323809409696069,0.00641404666067807,0.00380940969606886,0.00745999978537928,-0.493251873062845,-0.28780223776711,-0.863488532023156,1.03526283724801
0.1,0.335,0.105429649923689,0.335728698772381,0.00542964992368886,0.000728698772381298,0.00547833005528915,-0.452586535852269,-0.268501914444384,-0.728617295228423,0.898792289133402
0.1,0.35,0.10387108281576,0.347383121102515,0.00387108281575999,-0.00261687889748485,0.00467261568402258,-0.409459441485243,-0.233710324831442,-0.565704207707364,0.736414466382165
0.12,0.05,0.116703776316807,0.0466323014822529,-0.00329622368319285,-0.0033676985177471,0.00471237560855217,-0.119694585350881,-0.0231766259884137,-0.0112828071736334,0.122438789592356
0.12,0.065,0.115056344583655,0.0650080601592243,-0.00494365541634548,8.06015922427683e-06,0.00494366198700201,-0.205758191417539,-0.0323495186644435,-0.052829714968367,0.214881263950096
0.12,0.08,0.113974695470914,0.0831322015900594,-0.0060253045290857,0.00313220159005939,0.00679080123910215,-0.287134259750263,-0.0395927713906772,-0.109687629353857,0.309911730767443
0.12,0.095,0.113422810489658,0.100975909110852,-0.00657718951034211,0.00597590911085211,0.00888655791384491,-0.362858848724096,-0.0463584000464891,-0.179772967448596,0.407596204366292
0.12,0.11,0.113357000149983,0.118511335812424,-0.0066429998500166,0.00851133581242353,0.0107968645596378,-0.432022355092162,-0.0539547003941847,-0.260536878957675,0.507381092093837
0.12,0.125,0.113726038829184,0.135712242961228,-0.00627396117081579,0.010712242961228,0.0124142957123343,-0.493799082180324,-0.0634771968548704,-0.349006936211771,0.608010031735382
0.12,0.14,0.114471540296754,0.152554653013892,-0.00552845970324636,0.012554653013892,0.0137179874248975,-0.547475601514729,-0.0757448483229689,-0.441850917750101,0.707605408332466
0.12,0.155,0.115528584276524,0.169017488906812,-0.00447141572347574,0.0140174889068115,0.0147133800951627,-0.59247617869821,-0.0912461734100027,-0.535460983086184,0.803792850815594
0.12,0.17,0.116826590218779,0.185083168747832,-0.00317340978122112,0.0150831687478319,0.015413387334234,-0.628383605025904,-0.1100995764422,-0.626054811144219,0.89383930424552
0.12,0.185,0.118290418748923,0.200738124677967,-0.00170958125107749,0.0157381246779673,0.0158307054938584,-0.654954017080115,-0.132031299693854,-0.70978871883878,0.9747922723017
0.12,0.2,0.119841665505253,0.215973216901437,-0.000158334494747088,0.0159732169014373,0.0159740016274129,-0.672124676342516,-0.156373159268164,-0.7828766086428,1.04361393295368
0.12,0.215,0.121400097915705,0.230784018671899,0.00140009791570465,0.0157840186718988,0.0158459938031166,-0.680014189224232,-0.18208067837869,-0.841707957745203,1.09730659337041
0.12,0.23,0.122885174439785,0.245170955122747,0.00288517443978486,0.0151709551227471,0.0154428660191168,-0.67891520963721,-0.207770590267959,-0.882958071791701,1.1330274800807
0.12,0.245,0.124217579297042,0.259139287599547,0.00421757929704214,0.0141392875995471,0.0147549120278484,-0.669280221143472,-0.231775146048381,-0.903684471784447,1.1481922645324
0.12,0.26,0.125320704420911,0.272698944750485,0.0053207044209109,0.0126989447504848,0.013768554510571,-0.651701476954921,-0.252209412437752,-0.901404483637646,1.1405688952792
0.12,0.275,0.12612201455077,0.285864211068976,0.00612201455077029,0.0108642110689764,0.0124703706565247,-0.626886533979424,-0.267046917857238,-0.87415069740777,1.10836750846169
0.12,0.29,0.126554240461195,0.298653291923387,0.00655424046119524,0.00865329192338676,0.0108552995875065,-0.595631015740778,-0.274198669276182,-0.820502744143775,1.05034130902789
0.12,0.305,0.12655635820575,0.311087780564407,0.00655635820575029,0.00608778056440673,0.00894689360183061,-0.558790279834365,-0.271590714671933,-0.739595602984812,0.965935736766141
0.12,0.32,0.126074327479618,0.323192056648561,0.00607432747961847,0.00319205664856148,0.00686197347541315,-0.517251553106598,-0.257235993958278,-0.631106201909921,0.855586446007292
0.12,0.335,0.125061578124973,0.334992647299949,0.00506157812497285,-7.35270005064459e-06,0.00506158346541887,-0.471907872925689,-0.229297093311341,-0.495221289126864,0.721474324294896
0.12,0.35,0.123479248859346,0.346517580752363,0.0034792488593462,-0.00348241924763648,0.00492264323728328,-0.423634869930462,-0.186137555908631,-0.332590349503121,0.569853235643628
0.14,0.05,0.137253472261351,0.045510410375173,-0.00274652773864875,-0.00448958962482698,0.00526306276026812,-0.0398727835457572,-0.0242995164480053,0.0517178206439918,0.0696781094649621
0.14,0.065,0.135572937971339,0.064005851017976,-0.00442706202866111,-0.000994148982024046,0.0045373131260772,-0.135575651117184,-0.0398792380627775,0.0211040853101594,0.142886331756911
0.14,0.08,0.134452824985765,0.082239718416907,-0.00554717501423499,0.00223971841690701,0.00598226455663617,-0.226130512642034,-0.0528753001270095,-0.0237727206266466,0.233443834242726
0.14,0.095,0.133857245309882,0.100182403779337,-0.00614275469011846,0.00518240377933654,0.00803683669829455,-0.31049814252881,-0.064564698867627,-0.0809403666776127,0.327306173395806
0.14,0.11,0.133742765637675,0.117805319592754,-0.00625723436232484,0.00780531959275366,0.0100037990688579,-0.387699130748914,-0.0760919311743491,-0.147999290684831,0.421906615678957
0.14,0.125,0.134058547172307,0.135081551289456,-0.00594145282769305,0.0100815512894563,0.0117020740941783,-0.456844939953199,-0.0884080230184983,-0.222161994153134,0.515636523004788
0.14,0.14,0.134746720484027,0.151986522686082,-0.00525327951597292,0.0119865226860819,0.0130871567491528,-0.517167604395478,-0.102214488043681,-0.30031226267194,0.606713299093664
0.14,0.155,0.135743005122125,0.168498646498773,-0.00425699487787527,0.0134986464987732,0.0141539910516115,-0.568046301319657,-0.117916252807931,-0.379082611815571,0.693029815666812
0.14,0.17,0.13697756988362,0.184599928713429,-0.0030224301163805,0.014599928713429,0.0149094936951464,-0.609029109570924,-0.135587234122815,-0.454946847256849,0.772195580066946
0.14,0.185,0.138376114489684,0.200276495313497,-0.00162388551031645,0.0152764953134969,0.0153625620654209,-0.639848515299116,-0.154951499346602,-0.524323283775251,0.841631589435601
0.14,0.2,0.139861138205836,0.215519012153554,-0.000138861794164107,0.0155190121535536,0.0155196333983771,-0.660429622898171,-0.175381843971483,-0.583683147318893,0.898681618765576
0.14,0.215,0.141353347312643,0.230322973631793,0.00135334731264311,0.0153229736317932,0.0153826223339608,-0.670890539216769,-0.195916292308697,-0.629658140698711,0.940726614732612
0.14,0.23,0.142773142711463,0.244688842975857,0.00277314271146343,0.0146888429758573,0.0149483252730042,-0.671534965610395,-0.215291619835,-0.659141154943833,0.965297256732572
0.14,0.245,0.144042122687643,0.258622035780178,0.00404212268764337,0.0136220357801781,0.0142091032306199,-0.662837592348392,-0.231991676101382,-0.669374662639843,0.970184900153419
0.14,0.26,0.145084534615364,0.272132748075594,0.00508453461536361,0.0121327480755938,0.0131550776554399,-0.645423376982118,-0.244307208094615,-0.658022369886958,0.953557430923128
0.14,0.275,0.145828613387281,0.285235639710559,0.00582861338728101,0.0102356397105587,0.0117788392595687,-0.620042154559082,-0.250403160896209,-0.6232210834664,0.914098604357371
0.14,0.29,0.146207753077834,0.297949392202253,0.00620775307783361,0.00794939220225349,0.010086081234087,-0.587540241902604,-0.248389125429596,-0.56361130914629,0.851217791347181
0.14,0.305,0.146161470733836,0.310296166735997,0.00616147073383566,0.00529616673599737,0.00812484484155841,-0.548830747207329,-0.236388709510782,-0.478346645583754,0.765453485836323
0.14,0.32,0.145636135875748,0.322300992097843,0.00563613587574785,0.00230099209784307,0.00608774114464702,-0.504864200447618,-0.212604075503948,-0.367083420595815,0.659426562588043
0.14,0.335,0.144585454641886,0.333991113863686,0.00458545464188562,-0.00100888613631434,0.00469512997784275,-0.456600901357749,-0.175372620215895,-0.229953114197337,0.540481766539718
0.14,0.35,0.142970712101947,0.345395335241175,0.00297071210194721,-0.00460466475882454,0.0054797872161076,-0.404986085333868,-0.123213658592573,-0.0675208561283303,0.428666838153615
0.16,0.05,0.157919693481345,0.0441173641812885,-0.00208030651865451,-0.00588263581871151,0.00623963776089158,0.0777806506713425,-0.0118061557609768,0.125499502171926,0.148119384943339
0.16,0.065,0.156197947574615,0.0627230687346054,-0.00380205242538462,-0.00227693126539458,0.00443170606343701,-0.0257648514404464,-0.0338277325587414,0.106778053772198,0.114933460127725
0.16,0.08,0.155030379065074,0.0810577505096423,-0.00496962093492556,0.0010577505096423,0.00508094168215883,-0.123828377848225,-0.0525835856187343,0.0748946092038023,0.153973106073771
0.16,0.095,0.154381260034728,0.0990911300395693,-0.00561873996527243,0.00409113003956935,0.00695036573124151,-0.215324149946413,-0.0691736366545329,0.0317008750251436,0.228373588853255
0.16,0.11,0.154207460899057,0.116794000105291,-0.00579253910094282,0.00679400010529096,0.00892815471789357,-0.299230258151349,-0.0845773627964405,-0.0205632046939697,0.311633057442736
0.16,0.125,0.154458595566183,0.134138887089863,-0.00554140443381683,0.00913888708986282,0.0106876760963451,-0.374620184041299,-0.0996008540043598,-0.0793063245075499,0.395664918397408
0.16,0.14,0.155077395306511,0.151100725068682,-0.00492260469348869,0.0111007250686821,0.0121432340840002,-0.440692841555373,-0.114828429572165,-0.141640242744644,0.476926640633725
0.16,0.155,0.156000320289939,0.167657513735599,-0.00399967971006052,0.0126575137355985,0.0132744149306075,-0.496799398894036,-0.13058224598914,-0.204450269254292,0.552868564856899
0.16,0.17,0.157158404435499,0.183790928822882,-0.00284159556450058,0.0137909288228822,0.0140806385916972,-0.542465228200399,-0.146893007393653,-0.264479032418084,0.621127214261961
0.16,0.185,0.158478314641991,0.199486853482972,-0.00152168535800899,0.0144868534829717,0.0145665524461305,-0.577405576869555,-0.163484238185685,-0.318419592276358,0.679353177697972
0.16,0.2,0.159883590868136,0.21473580142408,-0.000116409131864439,0.0147358014240799,0.0147362612183653,-0.601533943316967,-0.179771644619721,-0.363013099926028,0.725221663895407
0.16,0.215,0.161296020474638,0.229533207505437,0.00129602047463843,0.0145332075054366,0.0145908803526984,-0.614962631614782,-0.194877970092635,-0.395145737726947,0.756508380560641
0.16,0.23,0.162637090083537,0.243879568663661,0.00263709008353745,0.0138795686636611,0.0141278685723634,-0.617995513574874,-0.207662565848868,-0.411939674609886,0.771197426525162
0.16,0.245,0.163829452206074,0.257780426841603,0.00382945220607414,0.0127804268416027,0.0133418145112336,-0.611113562779472,-0.216763784814735,-0.410833237897439,0.767619103459063
0.16,0.26,0.164798342696467,0.271246195221855,0.00479834269646671,0.0112461952218554,0.0122270601372865,-0.594954205807731,-0.220651393861441,-0.38964638604527,0.744640621717534
0.16,0.275,0.165472888915384,0.284291838530101,0.0054728889153841,0.0092918385301009,0.0107838201185666,-0.570285896055836,-0.217685578081728,-0.34662873985179,0.70197625416635
0.16,0.29,0.165787256793213,0.296936426542329,0.00578725679321301,0.00693642654232907,0.00903362354582685,-0.537979533727672,-0.206178834121318,-0.280488770588397,0.640788514758485
0.16,0.305,0.165681596850675,0.309202586462049,0.0056815968506746,0.00420258646204924,0.00706698491186978,-0.498978417741866,-0.184457118168221,-0.19040408190313,0.565031142157805
0.16,0.32,0.165102763300361,0.321115883972766,0.00510276330036064,0.00111588397276635,0.00522335048988522,-0.454268336568873,-0.150916987591349,-0.0760139338593369,0.484680490379228
0.16,0.335,0.164004795098818,0.332704164364944,0.00400479509881821,-0.00229583563505598,0.00461619378348778,-0.404849203990839,-0.104076076888947,0.0626038635230858,0.422675716949328
0.16,0.35,0.162349161870028,0.343996884279588,0.00234916187002812,-0.0060031157204119,0.00644639122643441,-0.35170936812451,-0.0426149893701923,0.224968877263348,0.419675231743309
0.18,0.05,0.178698257408076,0.0424358185384884,-0.00130174259192375,-0.00756418146151161,0.00767537458097677,0.233360521123893,0.0181048206862168,0.210206024218747,0.314597740970389
0.18,0.065,0.176927387881832,0.0611420290130802,-0.00307261211816759,-0.00385797098691981,0.0049320264967481,0.123717240856881,-0.0101429949923489,0.204087765220722,0.238873888475662
0.18,0.08,0.175703624458894,0.079568303813344,-0.00429637554110565,-0.000431696186656005,0.00431800930844113,0.0197649927073649,-0.0344370718579965,0.185930486254034,0.190122975305624
0.18,0.095,0.174991429351314,0.0976838162644762,-0.00500857064868632,0.00268381626447622,0.00568231024182499,-0.0773902258248934,-0.0557042929570818,0.157459038666687,0.184080399039815
0.18,0.11,0.17474802309913,0.11545886196051,-0.00525197690087043,0.00545886196051037,0.00757511948890469,-0.166708894072435,-0.0747636328409123,0.120747475885829,0.219001067312909
0.18,0.125,0.174923535304801,0.132865526265793,-0.0050764646951991,0.00786552626579279,0.00936146341334938,-0.247249074702181,-0.0922809115278715,0.0781848593048593,0.275246960929614
0.18,0.14,0.175461377121165,0.149878363306963,-0.00453862287883501,0.00987836330696346,0.0108711158240839,-0.318195955386989,-0.108727704724811,0.0324257189798071,0.337819682167593
0.18,0.155,0.176298843639609,0.166475057543933,-0.00370115636039073,0.0114750575439332,0.0120571764539066,-0.378888166743264,-0.124347279890898,-0.0136734628164425,0.399006385809129
0.18,0.17,0.177367941555816,0.182637036678061,-0.00263205844418441,0.0126370366780608,0.0129082310041406,-0.428839307051042,-0.139130139013864,-0.0571292868582928,0.454450420833785
0.18,0.185,0.178596423541681,0.198350004535425,-0.00140357645831854,0.0133500045354246,0.0134235855109655,-0.46775334228822,-0.152801194799195,-0.0949145626780776,0.501150446232504
0.18,0.2,0.17990899682279,0.21360436494258,-9.10031772104172e-05,0.0136043649425797,0.0136046693112752,-0.495532918069239,-0.164819826365018,-0.124045370221349,0.536756750317679
0.18,0.215,0.181228661013401,0.228395512528233,0.00122866101340059,0.0133955125282326,0.0134517420351376,-0.512280082910714,-0.174393129238042,-0.141667513479326,0.559388967381517
0.18,0.23,0.18247812059842,0.242723973489279,0.0024781205984198,0.0127239734892794,0.0129630468276635,-0.518289439895161,-0.180501695216696,-0.145137816697778,0.56769043303636
0.18,0.245,0.183581211742439,0.256595388101812,0.0035812117424391,0.0115953881018122,0.0121358189989729,-0.514034248879476,-0.181936334953683,-0.132096104983172,0.561056089258013
0.18,0.26,0.184464281962223,0.270020336271713,0.00446428196222289,0.0100203362717134,0.0109698200731117,-0.500146454852117,-0.177343396006701,-0.100524443329018,0.540096732204829
0.18,0.275,0.185057464800579,0.283014016797125,0.0050574648005792,0.0080140167971251,0.00947641363774824,-0.477391963672952,-0.165275804146035,-0.0487911963790678,0.507544523911641
0.18,0.29,0.185295799563897,0.295595799305951,0.00529579956389711,0.00559579930595061,0.00770444435981273,-0.446642702010256,-0.144246710913333,0.024321399345848,0.46998892105155
0.18,0.305,0.185120157447772,0.307788674333719,0.00512015744777219,0.00278867433371915,0.00583032733468036,-0.408847070778097,-0.112782668758695,0.119606315841013,0.440661418350997
0.18,0.32,0.184477948781871,0.319618631151898,0.00447794878187116,-0.000381368848102137,0.00449415926412985,-0.36500034083801,-0.0694735459174329,0.237436586886343,0.440940942525915
0.18,0.335,0.183323600226822,0.331113994601894,0.00332360022682193,-0.00388600539810574,0.00511344858406123,-0.316116365071859,-0.0130168782466063,0.377784192688346,0.492769102491682
0.18,0.35,0.181618804217769,0.342304751417511,0.00161880421776886,-0.00769524858248871,0.00786367457628816,-0.263201728866659,0.0577450377535131,0.540250618191875,0.603724889527838
0.2,0.05,0.19958451826494,0.0404504656111363,-0.000415481735060313,-0.00954953438886369,0.00955856851815474,0.425730234174004,0.0687214741093919,0.305837473261044,0.5286846096785
0.2,0.065,0.197756836797401,0.0592471917401758,-0.0022431632025994,-0.00575280825982422,0.0061746727871036,0.311623264338694,0.0346719123552789,0.31279278273797,0.442889943445139
0.2,0.08,0.196468422801183,0.0777556318568528,-0.00353157719881714,-0.00224436814314716,0.0041844026901314,0.203297528621142,0.00525000744697203,0.308826399073459,0.369772453094677
0.2,0.095,0.195683959038504,0.0959445358240233,-0.00431604096149615,0.000944535824023263,0.00441818486532376,0.101856238481913,-0.0203069781927153,0.295532735211936,0.313252148740172
0.2,0.11,0.195361061213764,0.113783824429131,-0.00463893878623553,0.00378382442913133,0.0059864079691357,0.00833492391768083,-0.0426665446913229,0.274817442078816,0.278234943158755
0.2,0.125,0.195450434382852,0.131245259557713,-0.00454956561714842,0.0062452595577131,0.00772669491101764,-0.0763285503203956,-0.0623628644564908,0.248865987593473,0.267674400262099
0.2,0.14,0.195896243604423,0.148303124431614,-0.00410375639557729,0.00830312443161429,0.00926189461617394,-0.151322359468878,-0.0797624286189931,0.220098971265163,0.278754752279766
0.2,0.155,0.196636706147871,0.164934885177955,-0.00336329385212876,0.00993488517795454,0.0104887410605329,-0.215985941388896,-0.0950357907027242,0.191115410550504,0.303656128486319
0.2,0.17,0.197604900378965,0.1811218027813,-0.00239509962103464,0.0111218027813,0.0113767745561215,-0.269830615304658,-0.108137515188556,0.164626150759457,0.33407240059676
0.2,0.185,0.198729773140492,0.19684946444498,-0.00127022685950768,0.0118494644449796,0.0119173522188216,-0.31255436859188,-0.118795973016877,0.143380351457199,0.363814631978046
0.2,0.2,0.199937314243961,0.212108205790724,-6.26857560387004e-05,0.0121082057907242,0.0121083680557925,-0.344049922428797,-0.126513982551883,0.130088602720594,0.388972701561061
0.2,0.215,0.201151854874071,0.22689340021891,0.00115185487407134,0.0118934002189102,0.0119490475946033,-0.364405611660947,-0.130580533459299,0.127346550224315,0.407505299835647
0.2,0.23,0.202297437577548,0.241205598758816,0.00229743757754845,0.0112055987588162,0.011438691488379,-0.373899083852566,-0.130093031706145,0.137562910033321,0.419105069409553
0.2,0.245,0.203299200083996,0.255050512338531,0.00329920008399591,0.0100505123385313,0.0105781623858404,-0.372984288565281,-0.123988752634925,0.162895438339397,0.425471792247812
0.2,0.26,0.204084714132606,0.26843883775813,0.00408471413260578,0.00843883775813026,0.00937543984318359,-0.362272641294326,-0.111083564067888,0.205197817702186,0.430915356529767
0.2,0.275,0.204585223867645,0.281385937859593,0.00458522386764461,0.00638593785959313,0.00786158255461346,-0.342509571794448,-0.0901155458419257,0.265979602847424,0.442921826595016
0.2,0.29,0.204736735838571,0.293911394561079,0.00473673583857083,0.00391139456107853,0.00614293690483925,-0.314547872512611,-0.0597909188382272,0.346380430174692,0.471694792363823
0.2,0.305,0.204480923312923,0.306038459833117,0.00448092331292291,0.00103845983311707,0.00459968178913428,-0.279319343557426,-0.0188297124792915,0.447158732638459,0.52756682266692
0.2,0.32,0.203765820301318,0.317793433836762,0.00376582030131767,-0.00220656616323756,0.00436466914835033,-0.237806187717348,0.0339911790899954,0.568694310927557,0.617352484177456
0.2,0.335,0.202546294114144,0.329205001122978,0.0025462941141442,-0.00579499887702173,0.00632974136125707,-0.191013464459796,0.0997995179660272,0.71100336647768,0.742953301873607
0.2,0.35,0.200784298125657,0.340303555150688,0.000784298125656696,-0.00969644484931181,0.0097281121635009,-0.139943689175477,0.179595297234632,0.873764048525531,0.902950271998476
