target_x,target_y,gaze_x,gaze_y,error_px_x,error_px_y,error_px_xy,error_deg_x,error_deg_y,error_deg_z,error_deg_xyz
-0.2,0.05,-0.200834046556042,0.050536051843259,-0.000834046556042384,0.000536051843259021,0.000991456119204252,0.0745655475548533,-0.0124129756385338,-0.054210619336571,0.0930209438505115
-0.2,0.065,-0.20022751898317,0.0656557827441962,-0.000227518983170444,0.000655782744196177,0.00069412959545634,-0.0652355996762985,0.0589223408225105,-0.144519539509138,0.169155088001389
-0.2,0.08,-0.200072417127991,0.0804995612967129,-7.24171279904984e-05,0.000499561296712893,0.000504782853908351,-0.157307683631041,0.0973699308534324,-0.187107321866244,0.263127122023753
-0.2,0.095,-0.200162643543341,0.0951554724477159,-0.000162643543340835,0.000155472447715917,0.000224999120418815,-0.212603435527051,0.11420841352809,-0.198092926847751,0.312225609815037
-0.2,0.11,-0.200344644737005,0.109703621551443,-0.000344644737005254,-0.000296378448557427,0.000454554924640277,-0.240873054292751,0.117627824225452,-0.189756023942764,0.328426212840902
-0.2,0.125,-0.200512491506595,0.124214969112458,-0.000512491506594742,-0.000785030887541595,0.000937507887287405,-0.250536611121501,0.11343165646899,-0.170932921895964,0.323811175036185
-0.2,0.14,-0.200602309901074,0.138750185599251,-0.000602309901073572,-0.00124981440074856,0.00138737639206156,-0.248621402716013,0.105613777921056,-0.147493112956258,0.307768286380319
-0.2,0.155,-0.200586019259225,0.153358716426907,-0.000586019259224906,-0.00164128357309262,0.00174276514180373,-0.240754472109421,0.0968315559542995,-0.122860094876726,0.287112942026372
-0.2,0.17,-0.2004645263292,0.168078158332854,-0.000464526329199945,-0.00192184166714599,0.00197718489375639,-0.231197064909859,0.0887862683902895,-0.0985451330672968,0.266545222540997
-0.2,0.185,-0.200260611762153,0.182933952422293,-0.00026061176215322,-0.00206604757770668,0.00208241952639717,-0.222903682579548,0.082515780813589,-0.0746699840163032,0.249139740116923
-0.2,0.2,-0.200011724319451,0.197939320795671,-1.172431945089e-05,-0.00206067920432895,0.00206071255705893,-0.217586488827202,0.0786017210798084,-0.0504647886291604,0.236788693505322
-0.2,0.215,-0.19976279923637,0.213095333870715,0.00023720076362993,-0.00190466612928471,0.0019193793961359,-0.21576777364073,0.0772926983931112,-0.0247385648194752,0.230525403468874
-0.2,0.23,-0.199559095623053,0.228391003518966,0.000440904376947236,-0.00160899648103429,0.00166831242445531,-0.216809177992023,0.078545389086661,0.00367096838119537,0.230627720867365
-0.2,0.245,-0.199438964278182,0.243803345799805,0.000561035721817753,-0.00119665420019506,0.00132164380829331,-0.218915197095376,0.0819859133697799,0.0354568613424701,0.236437775868895
-0.2,0.26,-0.199426453426368,0.259297424928538,0.000573546573632178,-0.000702575071461535,0.000906955017166999,-0.219117954360628,0.0867947004664597,0.0704018044284278,0.245972569491101
-0.2,0.275,-0.199523741320754,0.274826448670077,0.000476258679246069,-0.000173551329923159,0.0005068948546546,-0.213257952381385,0.0915189859222436,0.106933615644646,0.255518268236469
-0.2,0.29,-0.199703516904484,0.29033200935077,0.000296483095515762,0.000332009350770324,0.000445120697031199,-0.195979632017096,0.0938180302590743,0.141685124681272,0.259392807235919
-0.2,0.305,-0.199901551586372,0.305744541305201,9.84484136277997e-05,0.000744541305200873,0.000751021867388726,-0.160760392999062,0.0901465181870362,0.169077114139711,0.250114910717389
-0.2,0.32,-0.200009751795875,0.32098399832196,-9.75179587459074e-06,0.000983998321960416,0.000984046642768368,-0.0999879260167427,0.0753805422654165,0.180951352822694,0.220052864354562
-0.2,0.335,-0.199869910070191,0.335960661580326,0.000130089929808674,0.000960661580325907,0.000969429761123463,-0.00509513063600383,0.0423873680252031,0.166285215410123,0.171678316161572
-0.2,0.35,-0.199268174388159,0.350575894106454,0.000731825611841042,0.000575894106454061,0.000931247951941392,0.133242947153424,-0.0184652761779867,0.11102046390006,0.174413922281749
-0.18,0.05,-0.179092584319486,0.0516646648547772,0.000907415680513751,0.00166466485477716,0.00189591990758378,0.0245691541413038,0.00843430623879463,-0.060559799995181,0.0658959081497696
-0.18,0.065,-0.179073876822827,0.0664519641340249,0.000926123177173166,0.00145196413402493,0.00172218000969471,-0.0716053917166882,0.0543311285658229,-0.126803176678315,0.155429289665261
-0.18,0.08,-0.179375394876532,0.081025014648755,0.000624605123467792,0.00102501464875503,0.0012003277012652,-0.12668189045611,0.0741128370356992,-0.15157428448276,0.210987743726926
-0.18,0.095,-0.179805194619982,0.0954642404648518,0.00019480538001837,0.000464240464851759,0.000503456398598606,-0.15110266708085,0.0777759524020501,-0.150889395771402,0.227263706393037
-0.18,0.11,-0.180224319141386,0.10984268736398,-0.000224319141386251,-0.000157312636020229,0.00027398237652064,-0.154087081729451,0.0723467465765975,-0.13665078058194,0.21828965611446
-0.18,0.125,-0.180541919680616,0.124224715939472,-0.000541919680616051,-0.000775284060528444,0.000945908195729626,-0.143523390928859,0.0625859753332263,-0.11710338683158,0.195522910061738
-0.18,0.14,-0.180709461091993,0.138664847693746,-0.000709461091993102,-0.00133515230625363,0.0015119413751685,-0.125925973001186,0.0515760674778157,-0.0973719663216868,0.16732830345561
-0.18,0.155,-0.180714105338179,0.153206944917465,-0.000714105338179311,-0.00179305508253538,0.00193002408353423,-0.106450934645482,0.0412080978962676,-0.0800386048374022,0.139413402059143
-0.18,0.17,-0.180571570930221,0.167883797753186,-0.000571570930220561,-0.00211620224681446,0.00219203222551489,-0.0889565211691899,0.0325757466491251,-0.0657238032917465,0.115299890435097
-0.18,0.185,-0.180318830742018,0.182717078504422,-0.000318830742018456,-0.00228292149557756,0.00230507778546107,-0.0760882078086586,0.0262786219887783,-0.0536424935800295,0.0967341753473415
-0.18,0.2,-0.180006933745539,0.197717534789696,-6.93374553939572e-06,-0.00228246521030369,0.00228247574205595,-0.0693650853293275,0.0226361263517669,-0.0421195942756149,0.0842494556657896
-0.18,0.215,-0.179694062547824,0.212885254830757,0.000305937452176285,-0.00211474516924279,0.00213676036454251,-0.0692460802429083,0.0218134988621379,-0.0290649893749209,0.078202448287216
-0.18,0.23,-0.179438745710373,0.228209860080173,0.000561254289627389,-0.00179013991982661,0.00187606164882234,-0.0751617583642851,0.0238623015781173,-0.0124207631007265,0.0798309197200281
-0.18,0.245,-0.179293015054914,0.243670552424595,0.000706984945086211,-0.00132944757540451,0.00150574186643245,-0.0855083643715383,0.028677909543269,0.00939988305922736,0.0906777943675974
-0.18,0.26,-0.179295290254173,0.259236038223387,0.000704709745827078,-0.000763961776612809,0.00103935240510092,-0.0976125414408303,0.035876798083617,0.0370644745905156,0.110404401795401
-0.18,0.275,-0.179462893328363,0.274864434141001,0.000537106671637283,-0.000135565858998765,0.000553950971515849,-0.107684811916016,0.0445971641619321,0.0698560549897712,0.135885256165328
-0.18,0.29,-0.179784297818484,0.290503299245762,0.000215702181516453,0.000503299245761896,0.000547574252403681,-0.110784970527017,0.0532278439694362,0.105197627110445,0.161780935860416
-0.18,0.305,-0.180211417936996,0.306089918188092,-0.000211417936996416,0.00108991818809183,0.00111023384960881,-0.100822092665425,0.0590720048998835,0.138187823233567,0.180970986207477
-0.18,0.32,-0.18065235342901,0.321551885694012,-0.000652353429009961,0.00155188569401227,0.00168342335840423,-0.0706066009449681,0.05795239181511,0.161180422625495,0.185264487576304
-0.18,0.335,-0.180964965388789,0.336807935015366,-0.000964965388788624,0.00180793501536605,0.00204933823985857,-0.011963993334586,0.0437626006854286,0.163445329645906,0.169625172520847
-0.18,0.35,-0.180951455228947,0.351768842817417,-0.00095145522894674,0.00176884281741738,0.00200849992915587,0.0840875734883442,0.00796317371223241,0.130947909326562,0.155825229263575
-0.16,0.05,-0.157994304167342,0.0521684364280866,0.00200569583265797,0.00216843642808656,0.0029537996404283,0.00980120614583371,0.00959930485816135,-0.0457305948173103,0.0477440858008108
-0.16,0.065,-0.1584452193161,0.0667279108924139,0.00155478068389961,0.00172791089241391,0.0023244395081718,-0.0501554400967663,0.0367740222806911,-0.0908376431533691,0.110088046705153
-0.16,0.08,-0.159100988329827,0.0811249565063921,0.000899011670173144,0.00112495650639211,0.00144005177836821,-0.075365933256119,0.0437275474015595,-0.100684573296261,0.133152219575832
-0.16,0.095,-0.15978223921598,0.0954322565211318,0.000217760784020027,0.000432256521131796,0.000484009771717452,-0.0755829373902859,0.0392385271794635,-0.0911139527632833,0.124716482351866
-0.16,0.11,-0.160363318000979,0.109715548880715,-0.000363318000978607,-0.000284451119284601,0.000461424326512326,-0.0593446279089324,0.0292167331155983,-0.0735956485690986,0.0989531418277492
-0.16,0.125,-0.160767258367309,0.124032254388804,-0.000767258367308579,-0.000967745611195919,0.00123499674906211,-0.0338815192053718,0.017416135563692,-0.0557441757345242,0.0675180922314137
-0.16,0.14,-0.160959586910557,0.138430377745028,-0.0009595869105571,-0.0015696222549724,0.00183970678702264,-0.00509090091686393,0.00603737686486909,-0.0419193060914702,0.0426567169379661
-0.16,0.155,-0.160941213188308,0.152947851091758,-0.000941213188308199,-0.00205214890824225,0.00225769736843651,0.0224259418077655,-0.00376839681175983,-0.0338638936728422,0.0407907715564989
-0.16,0.17,-0.16074087047092,0.167612364681271,-0.000740870470920092,-0.00238763531872942,0.00249993829322355,0.0452780795257742,-0.0114914561920958,-0.0313343041861587,0.0562494170958055
-0.16,0.185,-0.160407608395269,0.182441600313508,-0.000407608395268582,-0.00255839968649166,0.00259066662458411,0.0611740797809551,-0.0169509409338527,-0.0326885119993274,0.0714012738739426
-0.16,0.2,-0.160003694271813,0.19744368669155,-3.69427181288903e-06,-0.00255631330844952,0.00255631597784788,0.0688136615818995,-0.0200766178828342,-0.0354141901654573,0.0799534646412291
-0.16,0.215,-0.15959801762739,0.212617660412477,0.000401982372609841,-0.00238233958752303,0.00241601567423898,0.0678076263966392,-0.0207819332993403,-0.0365996306505096,0.079807875190544
-0.16,0.23,-0.159259816643502,0.227953752113831,0.000740183356498302,-0.00204624788616907,0.00217600593126225,0.0586433481862043,-0.0189246434280693,-0.0333679422924725,0.0700757062084121
-0.16,0.245,-0.159052364400485,0.243433411152123,0.00094763559951469,-0.00156658884787743,0.0018309051990099,0.0427001053571263,-0.0143519977455151,-0.0233040894651748,0.0507184344317978
-0.16,0.26,-0.15902624100117,0.259029101742534,0.000973758998830426,-0.000970898257466005,0.00137508182089422,0.0223043862716357,-0.00702852965151518,-0.00490200165487304,0.0238938382228077
-0.16,0.275,-0.159211983485395,0.274704007755282,0.000788016514604695,-0.000295992244718421,0.000841772793705748,0.000803715138564181,0.00275542987376142,0.0219540291053538,0.0221408616031593
-0.16,0.29,-0.159612188908476,0.290411836622616,0.000387811091523887,0.00041183662261568,0.000565691476368912,-0.0173685545583259,0.0140981287393003,0.0554789811694732,0.0598192410306039
-0.16,0.305,-0.160193438451161,0.30609689659288,-0.00019343845116096,0.0010968965928799,0.00111382250374962,-0.0266643822397937,0.0251302305187509,0.0914730493046627,0.0985385148473921
-0.16,0.32,-0.160878595687032,0.321694540595731,-0.000878595687031636,0.00169454059573139,0.00190876876856582,-0.0204484074361459,0.0325970315116443,0.12284378388173,0.128729584943993
-0.16,0.335,-0.161540028922136,0.337131949353542,-0.00154002892213598,0.00213194935354161,0.00262999945381777,0.00890820101389372,0.0313874040415213,0.139210193699006,0.142982564731866
-0.16,0.35,-0.161994097965392,0.352329101804424,-0.00199409796539196,0.00232910180442376,0.00306612816283834,0.0698670584837923,0.0140126620352286,0.126631934581961,0.145304572288779
-0.14,0.05,-0.137368429779174,0.0522770397448865,0.00263157022082633,0.00227703974488645,0.00347995284837776,0.0158954249746811,8.18562915027784e-05,-0.0151523399231132,0.02196052473615
-0.14,0.065,-0.138190234245595,0.066698866449425,0.001809765754405,0.001698866449425,0.0024822166099676,-0.0155074264828004,0.0142620587756271,-0.0421065062632309,0.047083379133155
-0.14,0.08,-0.139116410288854,0.0810014774239341,0.000883589711146104,0.00100147742393406,0.00133554775590124,-0.0181329661209322,0.0132816157202752,-0.0398071037223403,0.0457144549914754
-0.14,0.095,-0.139978867650561,0.0952495869398207,2.11323494387627e-05,0.00024958693982069,0.000250479972696139,-0.000882388065354303,0.00477560510214446,-0.0238670131289798,0.0243560944480373
-0.14,0.11,-0.140664136896374,0.109501337766197,-0.000664136896373846,-0.000498662233802794,0.000830506978023831,0.028520058080602,-0.00640305029327814,-0.00528394346551957,0.029703751358219
-0.14,0.125,-0.141108028098039,0.123806931055613,-0.00110802809803873,-0.00119306894438732,0.00162823210019481,0.0636080927109226,-0.0174560754053059,0.00898093927626958,0.0665684744954386
-0.14,0.14,-0.141288894909226,0.138207627589262,-0.00128889490922639,-0.00179237241073799,0.0022076795387475,0.0991841863699532,-0.0270176918683276,0.0153357323232551,0.103935778959605
-0.14,0.155,-0.141219924204762,0.152735276415057,-0.00121992420476157,-0.00226472358494335,0.00257238954700913,0.131263300904453,-0.0346323082786143,0.0128560915006511,0.136362527134874
-0.14,0.17,-0.140941100206103,0.167412387740388,-0.000941100206102934,-0.00258761225961188,0.00275343545484921,0.156964849476391,-0.0403336073078051,0.00260360517695966,0.162085039811277
-0.14,0.185,-0.140511491782188,0.182252626631746,-0.000511491782188206,-0.00274737336825442,0.0027945812330007,0.174378957458397,-0.0443261557845963,-0.0129929276147484,0.180393103920226
-0.14,0.2,-0.140002289486042,0.197261503072324,-2.28948604155826e-06,-0.00273849692767596,0.00273849788472385,0.182438654729976,-0.046766815925181,-0.0306727592406531,0.190818892216412
-0.14,0.215,-0.139490657577327,0.212437002812107,0.000509342422673507,-0.00256299718789318,0.00261311773341411,0.180827581595064,-0.0476399654788928,-0.0468013264609387,0.192765608406808
-0.14,0.23,-0.139054098808387,0.227769951628775,0.000945901191612766,-0.00223004837122479,0.00242236347443912,0.169943185132203,-0.0467201667987814,-0.0577808157424037,0.185478065735144
-0.14,0.245,-0.138764792890153,0.243244017039795,0.00123520710984738,-0.00175598296020536,0.0021469077205947,0.150920547601081,-0.0436183981921356,-0.0604548898682791,0.168328222344934
-0.14,0.26,-0.138683354176271,0.258835389875457,0.00131664582372919,-0.001164610124543,0.00175780344957324,0.125705786080672,-0.0379112816568766,-0.0525464499780808,0.141422591863043
-0.14,0.275,-0.138851670629335,0.274512308526441,0.00114832937066514,-0.000487691473559232,0.00124759902088555,0.0971546509765466,-0.0293543297620096,-0.0331504030508778,0.106769168786746
-0.14,0.29,-0.139284859367009,0.290234652285958,0.000715140632991426,0.000234652285957732,0.000752653851554994,0.0691249074674495,-0.0181784842963457,-0.00327785915715298,0.071550367922334
-0.14,0.305,-0.139962768453147,0.305953816951239,3.72315468525897e-05,0.000953816951238889,0.000954543327749813,0.0465318306769032,-0.00546455684460145,0.0335779515631642,0.0576415801170322
-0.14,0.32,-0.140821723601402,0.321613000670765,-0.000821723601402341,0.00161300067076485,0.00181024883399755,0.035343893852952,0.00641491803742074,0.0709027564184163,0.079482978602797
-0.14,0.335,-0.141747257510861,0.337147898369976,-0.00174725751086091,0.00214789836997585,0.00276882217143044,0.0425076357381494,0.0132989688468583,0.0987051862684808,0.108288868105001
-0.14,0.35,-0.142568343145451,0.352487668059772,-0.00256834314545093,0.0024876680597717,0.00357559489992827,0.075802771950032,0.00869536584417197,0.103194770613187,0.128338759504435
-0.12,0.05,-0.117075158013753,0.0521551601502344,0.00292484198624735,0.00215516015023438,0.00363310004234312,0.0309002037606622,-0.0136878126297346,0.0254078911556007,0.0422816723945169
-0.12,0.065,-0.118185382128169,0.0665157799509851,0.00181461787183065,0.0015157799509851,0.0023644083574069,0.0204908807738735,-0.00782646592428696,0.0136465124079324,0.0258332552453116
-0.12,0.08,-0.119313793978325,0.0807927368763903,0.000686206021674796,0.000792736876390254,0.00104848007104176,0.033351840964469,-0.0128586685453068,0.0255030173229891,0.0439100744406617
-0.12,0.095,-0.120302414670216,0.0950424903351836,-0.000302414670216189,4.24903351835954e-05,0.000305385103346546,0.0615781463138534,-0.0222050279494513,0.0456339819592587,0.07979594418068
-0.12,0.11,-0.121048863529347,0.109315340506811,-0.00104886352934735,-0.000684659493189022,0.00125254673557869,0.0983730429579261,-0.0319932433408071,0.063535553933062,0.121398498043385
-0.12,0.125,-0.121500587090956,0.123654116814143,-0.00150058709095617,-0.00134588318585689,0.00201572894197523,0.138118244117103,-0.040310664121091,0.0729031865670855,0.161296282643331
-0.12,0.14,-0.121647484206078,0.138093305740102,-0.00164748420607794,-0.00190669425989758,0.00251985856944445,0.176372540789409,-0.0465593599319654,0.0708953359277643,0.195707008147006
-0.12,0.155,-0.121513528252522,0.152658757905354,-0.0015135282525221,-0.00234124209464583,0.00278786339638874,0.209800786757308,-0.0509153683552042,0.0573653652316149,0.223382168476813
-0.12,0.17,-0.121148226396466,0.167367967206766,-0.00114822639646583,-0.00263203279323407,0.00287158849457934,0.236049168848172,-0.0538979421395621,0.0341278041397475,0.244517884905898
-0.12,0.185,-0.120618714683903,0.182230769612424,-0.000618714683903038,-0.00276923038757625,0.00283750679286463,0.25359485670285,-0.0560502149293103,0.00431094001581008,0.259751184220366
-0.12,0.2,-0.120002981119542,0.197250208375246,-2.98111954178593e-06,-0.00274979162475358,0.00274979324070714,0.261604366945873,-0.0577254466400924,-0.0281803950869814,0.269375834705948
-0.12,0.215,-0.119384242389479,0.212423286754917,0.000615757610520695,-0.00257671324508346,0.00264926566850188,0.259832841831389,-0.0589681964809151,-0.0591021586885556,0.272916763651221
-0.12,0.23,-0.118846037127172,0.227741386745861,0.00115396287282831,-0.00225861325413924,0.00253632887134922,0.248586064574532,-0.0594801968986253,-0.0842484932755384,0.269129833196055
-0.12,0.245,-0.118467304454736,0.243190254500168,0.0015326955452642,-0.00180974549983159,0.00237156792199452,0.228750973755425,-0.0586657842376855,-0.0998247414901864,0.256385980377262
-0.12,0.26,-0.118316698637453,0.258749601734224,0.00168330136254675,-0.00125039826577643,0.00209690231060211,0.20188287759835,-0.05575823754515,-0.102868218695468,0.233340144413138
-0.12,0.275,-0.1184456606211,0.274392501043607,0.00155433937889971,-0.00060749895639288,0.00166883968277865,0.170323080465113,-0.0500322450965933,-0.0917475884521121,0.199827019576832
-0.12,0.29,-0.118880234328582,0.29008482205945,0.00111976567141814,8.48220594499294e-05,0.00112297370434745,0.137312900507162,-0.0411062831076229,-0.066739336440967,0.158109816422169
-0.12,0.305,-0.11961211702325,0.305784944321049,0.000387882976750464,0.00078494432104903,0.000875551706525619,0.107070810695887,-0.0293321421993396,-0.0306466486434938,0.115168375026092
-0.12,0.32,-0.120589790607352,0.321443896756341,-0.000589790607351842,0.00144389675634128,0.00155970856364044,0.084807911982709,-0.0162603539601587,0.0105981159104339,0.0870005894269451
-0.12,0.335,-0.121710665543851,0.33700594093092,-0.00171066554385058,0.00200594093092028,0.0026363185735527,0.0766701509425626,-0.00516470683408028,0.0474149477448428,0.0902948791373476
-0.12,0.35,-0.122814946073728,0.35240947648927,-0.00281494607372784,0.00240947648926965,0.00370533377043674,0.0896093317788687,-0.0016106727192909,0.0662024555028907,0.111423496789159
-0.1,0.05,-0.0970016261031261,0.051915453166765,0.00299837389687391,0.00191545316676497,0.003557977917234,0.0457037048656423,-0.0275177564503988,0.070167681362934,0.0881451110250107
-0.1,0.065,-0.0983315670260136,0.0662781131022136,0.00166843297398644,0.0012781131022136,0.00210172350482534,0.0491698704278112,-0.0263751076173401,0.0707303026348641,0.0900893991658112
-0.1,0.08,-0.0996074286389847,0.0805858035614579,0.000392571361015337,0.000585803561457932,0.000705179470848543,0.0709121148594075,-0.0326154112041451,0.0898052277054014,0.118984356500874
-0.1,0.095,-0.100680154110202,0.0948864470480601,-0.000680154110202086,-0.000113552951939946,0.000689567898411075,0.104148850150841,-0.0406095051315735,0.11233975304396,0.158481390144109
-0.1,0.11,-0.101457255770047,0.109222337305499,-0.00145725577004664,-0.000777662694500525,0.00165177287959091,0.143103704505573,-0.0473693519835334,0.128323683196673,0.197963462302105
-0.1,0.125,-0.10189654407822,0.123628933254544,-0.00189654407822031,-0.00137106674545616,0.00234023577041465,0.18306534738059,-0.0517767082809945,0.132088406758553,0.231605632859577
-0.1,0.14,-0.101998067780301,0.138134121727869,-0.00199806778030104,-0.00186587827213072,0.00273382087582319,0.220377005740433,-0.0539140996587397,0.121501328662626,0.25736246624936
-0.1,0.155,-0.101795048348364,0.15275807088738,-0.00179504834836423,-0.00224192911262011,0.00287201057083339,0.25235694829387,-0.0545072501810001,0.0971311377037048,0.275843568992247
-0.1,0.17,-0.101344838109093,0.167513649483585,-0.00134483810909287,-0.00248635051641498,0.00282675227604853,0.277165859911659,-0.0544885957480194,0.0614627868539774,0.289080909800742
-0.1,0.185,-0.100720846167883,0.182407245090888,-0.000720846167882889,-0.00259275490911208,0.00269109591365232,0.293649720268857,-0.0546824676567747,0.0182240229500542,0.299253486319229
-0.1,0.2,-0.100005982794639,0.197439718964973,-5.98279463881947e-06,-0.00256028103502727,0.0025602880252331,0.301193250574063,-0.0556014956143672,-0.0281491819891626,0.307573575151451
-0.1,0.215,-0.0992876011914013,0.212607215461958,0.000712398808598715,-0.0023927845380415,0.00249658364730351,0.299616815917858,-0.0573374702192097,-0.0729229609548178,0.313649208154366
-0.1,0.23,-0.0986533592968635,0.227901605928433,0.0013466407031365,-0.00209839407156695,0.00249333087714633,0.289139102202489,-0.0595315623694636,-0.111402729134062,0.31552535080033
-0.1,0.245,-0.0981870750856787,0.243310471159919,0.0018129249143213,-0.0016895288400805,0.00247814536426551,0.2704115568407,-0.0614171822931239,-0.139267549522352,0.310306567871082
-0.1,0.26,-0.0979636298204385,0.258816674678669,0.00203637017956154,-0.00118332532133072,0.00235522022840964,0.244612723147425,-0.0619391901447333,-0.152968001789752,0.295078378784025
-0.1,0.275,-0.0980422969079155,0.274397706315742,0.00195770309208451,-0.000602293684258126,0.00204825757141393,0.213575813640882,-0.0599599496238595,-0.150227927602829,0.267914883400876
-0.1,0.29,-0.0984584339157072,0.290025043919172,0.00154156608429282,2.50439191725182e-05,0.00154176949967542,0.179914886141969,-0.0545619278827877,-0.130650840994863,0.228945587912403
-0.1,0.305,-0.0992140827306839,0.305663771151112,0.000785917269316067,0.000663771151111575,0.00102871672255155,0.147115660378573,-0.0454480429055938,-0.0963910303169436,0.181658472144834
-0.1,0.32,-0.10026846896304,0.321272606569911,-0.000268468963040391,0.00127260656991054,0.00130061641766336,0.119565652383298,-0.0334286498394476,-0.052819725426656,0.134919797158805
-0.1,0.335,-0.101529522802156,0.336804371070656,-0.00152952280215601,0.00180437107065637,0.0023654164459851,0.102511948683224,-0.0209743197033659,-0.00910606139228112,0.105031162766608
-0.1,0.35,-0.102847314691062,0.352206786932702,-0.00284731469106234,0.00220678693270168,0.00360237553793081,0.101949206372701,-0.0128123380358514,0.0213584357011892,0.104947522798838
-0.08,0.05,-0.077058664364061,0.0516295202661216,0.00294133563593904,0.00162952026612156,0.00336255730374158,0.0542251293376901,-0.0390428951288029,0.113655060699988,0.131841544301578
-0.08,0.065,-0.0785512681013811,0.0660448983088897,0.00144873189861894,0.00104489830888968,0.00178623531204501,0.0651917547712108,-0.0400666510585868,0.123819052033329,0.145555729727591
-0.08,0.08,-0.0799311796271176,0.0804279437808363,6.88203728823611e-05,0.000427943780836298,0.00043344217985809,0.0899706168612507,-0.0456823011616624,0.148069235857412,0.179181777283838
-0.08,0.095,-0.0810569543310383,0.0948177997228009,-0.00105695433103828,-0.000182200277199118,0.00107254342518707,0.123011579338267,-0.0510845739155541,0.17164378032506,0.217262804517672
-0.08,0.11,-0.0818446148165734,0.109248683596116,-0.00184461481657337,-0.000751316403883789,0.0019917530369669,0.159630235183789,-0.0540511837365129,0.185000193527042,0.250256895250554
-0.08,0.125,-0.0822608634707921,0.123748823489302,-0.00226086347079207,-0.00125117651069803,0.00258397877206538,0.19605677586781,-0.0541459940516606,0.18305710532024,0.27364227410274
-0.08,0.14,-0.0823143491316169,0.138339849024852,-0.00231434913161689,-0.00166015097514768,0.00284821227497173,0.229420018498996,-0.0520266295403992,0.164322519973816,0.286953616035625
-0.08,0.155,-0.0820459435842215,0.153036739819944,-0.00204594358422153,-0.00196326018005635,0.00283553798853272,0.257667392362946,-0.0488729350873915,0.129995589766971,0.292711613332878
-0.08,0.17,-0.0815192344005267,0.167848297808844,-0.00151923440052666,-0.00215170219115607,0.00263398851234576,0.279435847508421,-0.0459490447539504,0.0831336365568539,0.295139122657783
-0.08,0.185,-0.0808123108030082,0.182777979533803,-0.000812310803008223,-0.00222202046619688,0.00236584525970775,0.293900776757756,-0.0442978445108888,0.0279560742077881,0.298532593389145
-0.08,0.2,-0.0800114423883932,0.197824839512851,-1.14423883932136e-05,-0.00217516048714894,0.00217519058316879,0.300636136562704,-0.0445517311546469,-0.0306840701596774,0.305464689497847
-0.08,0.215,-0.0792065799509307,0.212984321806146,0.000793420049069262,-0.00201567819385359,0.00216621189070736,0.299516848966514,-0.0468359318835094,-0.0876801651309273,0.315582018610138
-0.08,0.23,-0.0784879654484916,0.228248697667302,0.00151203455150841,-0.00175130233269807,0.00231372175195484,0.290684563054254,-0.0507438607449918,-0.137965764313013,0.325741143429047
-0.08,0.245,-0.0779427396084201,0.24360706343044,0.00205726039157988,-0.00139293656956035,0.00248447028671746,0.274582484552177,-0.0553760704812774,-0.176807218906164,0.331244846409471
-0.08,0.26,-0.0776504172155751,0.259044948997606,0.00234958278442488,-0.000955051002394042,0.00253626924399592,0.252048172737659,-0.05944911654759,-0.200175501899495,0.327311780650749
-0.08,0.275,-0.0776764733661926,0.274543702731235,0.0023235266338074,-0.000456297268765476,0.00236790692711838,0.224439242259683,-0.0614906901921504,-0.205247090566487,0.310291285646216
-0.08,0.29,-0.0780639300920979,0.290079879676173,0.00193606990790214,7.98796761730391e-05,0.00193771707195599,0.193759291243263,-0.0601374855405997,-0.19103701666319,0.27866552517668
-0.08,0.305,-0.0788235385333293,0.305624850198046,0.00117646146667075,0.000624850198045784,0.0013321033565602,0.162751905653771,-0.0545418849920382,-0.159118890669755,0.234055330127263
-0.08,0.32,-0.0799236805359389,0.321144770951288,7.6319464061142e-05,0.0011447709512879,0.00114731215957436,0.134938714749878,-0.0448772766242722,-0.114351494542618,0.182479366356508
-0.08,0.335,-0.0812812881003296,0.336600944947838,-0.0012812881003296,0.00160094494783838,0.00205054234827167,0.114590463637213,-0.0329175796587807,-0.0655189508857949,0.136041475391956
-0.08,0.35,-0.0827548452062793,0.351950478262582,-0.00275484520627933,0.00195047826258218,0.00337543146328967,0.106633796707824,-0.0226620612616718,-0.0258025466343587,0.112027278064932
-0.06,0.05,-0.0571779763926117,0.0513373816776024,0.00282202360738826,0.00133738167760239,0.00312288440263856,0.0533672061399048,-0.0472622147898587,0.151017847507296,0.16699756180031
-0.06,0.065,-0.0587858608937976,0.0658443713810064,0.00121413910620236,0.000844371381006431,0.00147888363243109,0.0664508091425082,-0.0488623950817925,0.168242852318098,0.187373777077564
-0.06,0.08,-0.0602358980786032,0.0803365201236062,-0.000235898078603192,0.000336520123606215,0.000410966783427347,0.0893905744038902,-0.0529444701931696,0.195941842544879,0.221781556475085
-0.06,0.095,-0.0613927650242653,0.0948440021774735,-0.00139276502426533,-0.000155997822526455,0.00140147412871226,0.117955472538078,-0.0553782160290207,0.219621050884082,0.255369838201725
-0.06,0.11,-0.0621793785881159,0.109392965658112,-0.00217937858811593,-0.000607034341888218,0.00226233987777474,0.148604170810966,-0.0545664935089268,0.230151424349349,0.279339461030394
-0.06,0.125,-0.0625696305543686,0.12400463831132,-0.00256963055436855,-0.000995361688679974,0.00275567524887028,0.178522044192454,-0.0506241295071383,0.222959664919306,0.290076049793539
-0.06,0.14,-0.062579050477647,0.138694829650026,-0.00257905047764699,-0.00130517034997449,0.00289049667162993,0.205603657755631,-0.0446649465340827,0.197097612608967,0.288297529976133
-0.06,0.155,-0.062254503585603,0.153473913385301,-0.00225450358560302,-0.00152608661469883,0.00272244867225441,0.228381250818569,-0.0382197689606033,0.154287838530166,0.278251030095527
-0.06,0.17,-0.0616642838556943,0.168347257558837,-0.00166428385569433,-0.00165274244116298,0.00234550598574085,0.245912025980922,-0.0328005024541063,0.0980489878960007,0.266762684911134
-0.06,0.185,-0.0608897913544467,0.183315959958607,-0.000889791354446681,-0.00168404004139255,0.0019046573223185,0.257647462147486,-0.0296066836376265,0.0329813972404414,0.261431944506902
-0.06,0.2,-0.0600194319429489,0.198377676305687,-1.94319429488995e-05,-0.00162232369431303,0.00162244006654676,0.263313032932329,-0.0293524836741316,-0.0357534470795566,0.267345769118169
-0.06,0.215,-0.0591446210122177,0.213527319426793,0.000855378987782318,-0.00147268057320651,0.00170307406868855,0.262824849034945,-0.0321834510508624,-0.102782986582374,0.28403729217632
-0.06,0.23,-0.0583570575939019,0.228757460996235,0.00164294240609813,-0.00124253900376481,0.00205989391125668,0.256261181846532,-0.0376571651120348,-0.162775712133106,0.305915037525678
-0.06,0.245,-0.0577459960404855,0.244058365874737,0.00225400395951449,-0.000941634125263158,0.00244278707122973,0.243893742075913,-0.0447777069461188,-0.210693745483608,0.325394129376449
-0.06,0.26,-0.0573942261589359,0.259417702134054,0.00260577384106407,-0.000582297865946213,0.00267004271790908,0.22626929912673,-0.0520928279302774,-0.2421390056056,0.335474407376952
-0.06,0.275,-0.0573718899731222,0.274820063602071,0.00262811002687779,-0.000179936397928848,0.00263426259523898,0.204320317952046,-0.0578759409706554,-0.253851368987721,0.330964105282693
-0.06,0.29,-0.0577279837284647,0.290246489417645,0.00227201627153531,0.000246489417645435,0.00228534788842583,0.179476731240144,-0.0604161517610253,-0.244364017897089,0.309153705427612
-0.06,0.305,-0.0584801837930128,0.30567415414651,0.00151981620698724,0.000674154146509787,0.00166262597004781,0.153751320762423,-0.0584275087910911,-0.214766025639259,0.270513999866248
-0.06,0.32,-0.0596042343375419,0.321076338665613,0.000395765662458081,0.00107633866561341,0.00114679352225034,0.129778074591062,-0.0515686743535961,-0.169481933838048,0.21960387463946
-0.06,0.335,-0.0610243461980325,0.336422698056629,-0.00102434619803252,0.00142269805662928,0.00175309865488523,0.110794034973691,-0.0410456533898986,-0.116963700558154,0.166254595395929
-0.06,0.35,-0.062605817313919,0.351679747933747,-0.00260581731391901,0.00167974793374739,0.00310029627526931,0.100567027818221,-0.0302624529510589,-0.0702033226900357,0.126325199874838
-0.04,0.05,-0.0373096199769692,0.0510556775396649,0.00269038002303085,0.00105567753966493,0.00289008645823554,0.0427415339859543,-0.0520642596862243,0.178296738299207,0.190597183221292
-0.04,0.065,-0.038993082160691,0.0656822847571464,0.00100691783930898,0.000682284757146434,0.00121630424851393,0.0537384261766427,-0.0534700617150787,0.200236138163521,0.214106119298496
-0.04,0.08,-0.0404868447442673,0.0803074755520619,-0.000486844744267301,0.00030747555206187,0.000575811618618837,0.0710759735170551,-0.0558900990285208,0.229965007014747,0.247102198037189
-0.04,0.095,-0.041660018640666,0.0949523170284996,-0.00166001864066598,-4.76829715003735e-05,0.00166070333086004,0.091908242574441,-0.0556986310327058,0.253211875506402,0.275074284124341
-0.04,0.11,-0.0424405619934428,0.109634936171458,-0.00244056199344279,-0.000365063828541623,0.00246771441677252,0.113869960558649,-0.0517632226905077,0.261178581486557,0.289586306805251
-0.04,0.125,-0.0428076283636952,0.124369814270528,-0.00280762836369521,-0.000630185729472404,0.00287748346342016,0.135100728275763,-0.0446034980891425,0.24969065820633,0.287380021501213
-0.04,0.14,-0.0427817487694911,0.139167379541302,-0.0027817487694911,-0.000832620458697669,0.0029036843913909,0.154229820782257,-0.0356621664367163,0.218219694706728,0.269589682626419
-0.04,0.155,-0.0424140746394106,0.154033963739792,-0.00241407463941059,-0.000966036260208469,0.00260018892019079,0.170321933933039,-0.0267161901238607,0.168884442973294,0.241340749129521
-0.04,0.17,-0.0417761616837427,0.168972101095579,-0.00177616168374266,-0.00102789890442145,0.00205215167190595,0.182793288786086,-0.0194447039192502,0.105543771052841,0.211969388811004
-0.04,0.185,-0.0409515697292945,0.18398106575903,-0.000951569729294475,-0.00101893424097035,0.00139417069870636,0.191315126466247,-0.0151476598410308,0.0330690079882228,0.194742201412567
-0.04,0.2,-0.0400299433600602,0.199057492163738,-2.99433600601929e-05,-0.000942507836262152,0.000942983364766981,0.195725361518542,-0.0145879260405058,-0.0431686560725386,0.200959694953288
-0.04,0.215,-0.0391034146655452,0.214195916703613,0.000896585334454771,-0.000804083296386982,0.00120433185189462,0.195967751030241,-0.0179201431082621,-0.117622725685967,0.22925895117928
-0.04,0.23,-0.0382643982757212,0.229389119151163,0.00173560172427884,-0.000610880848837453,0.00183996977062017,0.192071661599223,-0.0246760557500688,-0.18478878790656,0.267670426761571
-0.04,0.245,-0.0376033800688021,0.244628214077897,0.00239661993119789,-0.000371785922103129,0.00242528593499593,0.184175984283695,-0.0337948872448052,-0.23942389699724,0.303952145430102
-0.04,0.26,-0.0372052883088419,0.259902522706288,0.00279471169115808,-9.74772937124002e-05,0.00279641113920774,0.172590339047296,-0.0437098322440523,-0.276871223617792,0.329174645252502
-0.04,0.275,-0.0371434887686934,0.275199319379463,0.00285651123130656,0.000199319379463325,0.00286345676230848,0.157878009593667,-0.0525176787587908,-0.293555136174575,0.337429280815859
-0.04,0.29,-0.0374712237158352,0.290503575777446,0.0025287762841648,0.000503575777446391,0.00257842937832027,0.140940213526545,-0.0582605298393353,-0.287653470312234,0.325581383606467
-0.04,0.305,-0.0382111692074392,0.305797813224388,0.00178883079256076,0.0007978132243881,0.00195867852018193,0.123081499784817,-0.0593352448341253,-0.259893138781609,0.293622817804811
-0.04,0.32,-0.0393444374237223,0.321062125723819,0.000655562576277663,0.00106212572381881,0.00124814796583315,0.106041071430316,-0.0550232091797238,-0.214370886344285,0.245412370046161
-0.04,0.335,-0.0408005890157189,0.336274370798844,-0.000800589015718889,0.00127437079884368,0.00150497963608656,0.0919829965279076,-0.046110870959446,-0.159285209090358,0.189628306774525
-0.04,0.35,-0.04244997589451,0.35141046337184,-0.00244997589451001,0.0014104633718405,0.00282697520452229,0.0834470558570267,-0.0355609352795758,-0.107479906964657,0.140641144697457
-0.02,0.05,-0.0174198198437841,0.0507847415332281,0.00258018015621594,0.000784741533228134,0.00269687762282677,0.0241948985690038,-0.0537870189503203,0.192646001835644,0.201471984089396
-0.02,0.065,-0.0191447451691366,0.0655489642965076,0.000855254830863406,0.000548964296507581,0.00101627881241087,0.0302098813005833,-0.0548532427229879,0.217129994523013,0.225980122771021
-0.02,0.08,-0.0206613011190255,0.0803223832760785,-0.000661301119025515,0.000322383276078475,0.000735697048192725,0.0393795410577436,-0.0560735436763167,0.247734116373797,0.257035588531192
-0.02,0.095,-0.0218411717324561,0.0951168598308555,-0.0018411717324561,0.000116859830855465,0.00184487657269069,0.0502866232367052,-0.0541378161470612,0.270343086955893,0.280259145944542
-0.02,0.11,-0.0226153029746629,0.109942547410611,-0.00261530297466286,-5.74525893890232e-05,0.00261593395354469,0.0617601349400849,-0.0482022283042218,0.276382280595543,0.287271834661527
-0.02,0.125,-0.0229659963376562,0.124807387227374,-0.00296599633765617,-0.000192612772626499,0.00297224392592005,0.0728860915411992,-0.0390345487378051,0.261940824865573,0.274680211468843
-0.02,0.14,-0.0229167761367576,0.139716773411991,-0.00291677613675762,-0.000283226588008723,0.0029304948954253,0.0829978425870478,-0.0282750990361083,0.226762878039246,0.243124689510842
-0.02,0.155,-0.0225213360761391,0.154673436293747,-0.00252133607613911,-0.000326563706252808,0.00254239640164199,0.0916461776024188,-0.017844388247916,0.173219813944496,0.196780553073447
-0.02,0.17,-0.0218531231925769,0.169677541085629,-0.00185312319257687,-0.000322458914371493,0.00188096924970185,0.0985541881325329,-0.00951478919434604,0.105382636165093,0.144599344101983
-0.02,0.185,-0.0209968889913065,0.184726950245218,-0.00099688899130649,-0.000273049754782373,0.00103360719307423,0.103565865997024,-0.00463835900678859,0.028286581607081,0.107459467044636
-0.02,0.2,-0.0200428879066446,0.199817566572853,-4.28879066446117e-05,-0.000182433427147161,0.000187406851200844,0.106599369708103,-0.00399984838641471,-0.0525753171808699,0.118926840803097
-0.02,0.215,-0.0190835358007193,0.214943669765818,0.000916464199280716,-5.63302341817784e-05,0.000918193728929912,0.107615140307232,-0.00775414835520352,-0.131559338432902,0.170144133142605
-0.02,0.23,-0.0182115348844988,0.230098181020232,0.00178846511550119,9.8181020232041e-05,0.00179115800031669,0.106605747527475,-0.0154149503461969,-0.203065317823795,0.229865178474249
-0.02,0.245,-0.0175179855559016,0.245272828588189,0.0024820144440984,0.000272828588189195,0.00249696438485742,0.103609344401581,-0.0258823608248958,-0.26173419662332,0.282683116979884
-0.02,0.26,-0.0170889978565208,0.260458227344243,0.0029110021434792,0.000458227344243167,0.00294684675175901,0.0987431318423409,-0.0375220644597948,-0.302758598210625,0.320657369431318
-0.02,0.275,-0.0169997930602879,0.275643913142962,0.00300020693971211,0.000643913142961611,0.0030685282818927,0.0922486246349063,-0.0483263243019756,-0.322375785702877,0.338779757303911
-0.02,0.29,-0.0173061021626217,0.290818379563354,0.00269389783737831,0.000818379563353844,0.00281546278042292,0.084537915197866,-0.0561896206037573,-0.31855055471674,0.334333225464591
-0.02,0.305,-0.0180335629601932,0.305969149862453,0.00196643703980678,0.000969149862452556,0.00219228786600115,0.0762301663468699,-0.0593175073360396,-0.291791521498069,0.307363178528413
-0.02,0.32,-0.0191665010265308,0.321082888024347,0.000833498973469182,0.00108288802434708,0.00136651637825842,0.0681701652010114,-0.0567622568550804,-0.245997381925725,0.261503261640403
-0.02,0.335,-0.0206377316431051,0.336145521320396,-0.000637731643105072,0.00114552132039605,0.00131107617783995,0.0614250772883478,-0.0490543236088024,-0.1892131248661,0.20489269910224
-0.02,0.35,-0.0223207688270593,0.351142324004302,-0.00232076882705926,0.00114232400430175,0.00258667200848,0.0572602274190833,-0.0388862745501629,-0.134191708241024,0.150991071747416
0,0.05,0.00251077272116493,0.0505147100131577,0.00251077272116493,0.000514710013157726,0.00256298772041357,0.00117720773082023,-0.0528581159977427,0.192491467936585,0.19962056953522
0,0.065,0.000775112063262501,0.0654252444205477,0.000775112063262501,0.000425244420547699,0.00088409927486793,0.000700815601596433,-0.0538330992823443,0.217482402123697,0.224047211363383
0,0.08,-0.000746608362580892,0.0803541737039687,-0.000746608362580892,0.00035417370396873,0.000826355286579961,0.000375634870687505,-0.0546842050267927,0.247995746305984,0.253953734269337
0,0.095,-0.00192667042985356,0.095304082565112,-0.00192667042985356,0.000304082565111996,0.00195051920054051,0.000234056885356966,-0.0522156488391175,0.26999136107362,0.274994561747184
0,0.11,-0.0026968230104463,0.110277161970628,-0.0026968230104463,0.000277161970627993,0.0027110280536422,0.000306231778521646,-0.0456860104140137,0.274993014791883,0.278762653163845
0,0.125,-0.00304028094808999,0.125274913919828,-0.00304028094808999,0.000274913919827646,0.00305268503233366,0.00061714635134032,-0.0359485532884459,0.25919993616344,0.261681878036116
0,0.14,-0.00298147174322073,0.140297879538876,-0.00298147174322073,0.000297879538876167,0.00299631539983773,0.00118445676031441,-0.0247088251829485,0.222465835325104,0.223837084931741
0,0.155,-0.00257486671938005,0.155345422654732,-0.00257486671938005,0.000345422654731753,0.00259793291541043,0.00201707207778259,-0.0139316277952894,0.167260377931364,0.16785175902564
0,0.17,-0.00189448565905295,0.170415589902282,-0.00189448565905295,0.000415589902282187,0.00193953367571594,0.00311439913697509,-0.00541479940090173,0.0977345806845051,0.0979340090603018
0,0.185,-0.00102542558175452,0.185505055663051,-0.00102542558175452,0.000505055663050646,0.00114305679933069,0.00446610970024748,-0.000521051544748843,0.0189833989082989,0.0195086408708176
0,0.2,-5.80979164667719e-05,0.200609150599008,-5.80979164667719e-05,0.000609150599007874,0.000611914879839861,0.00605229700336248,-3.54608288614657e-05,-0.0634577032909673,0.0637456828558
0,0.215,0.000915026621510804,0.215721968577014,0.000915026621510804,0.000721968577013704,0.00116555237731672,0.00784394177265876,-0.00410639192554427,-0.143913108730946,0.144185240969048
0,0.23,0.00180118512383018,0.230836547311571,0.00180118512383018,0.000836547311570873,0.0019859706077391,0.00980368717908886,-0.0122356422091992,-0.216752988758374,0.217319437641501
0,0.245,0.0025091109555449,0.245945118719049,0.0025091109555449,0.000945118719049121,0.00268121002167538,0.0118869883478253,-0.0233053536702137,-0.276583457051047,0.277818285824215
0,0.26,0.00295235512053067,0.261039421000603,0.00295235512053067,0.00103942100060295,0.00312998351021505,0.0140437210266942,-0.0356548942822732,-0.318552719039582,0.320849811301646
0,0.275,0.00305516129063194,0.276111053204616,0.00305516129063194,0.00111105320461619,0.00325091521502233,0.0162202881208605,-0.0472391499594148,-0.338843675403752,0.342505504673638
0,0.29,0.00276108331453509,0.291151836390592,0.00276108331453509,0.00115183639059213,0.00299170655989126,0.0183621677587404,-0.0559022859845685,-0.335360426610326,0.340483761258588
0,0.305,0.00204362571501371,0.306154129511782,0.00204362571501371,0.00115412951178223,0.00234700255496921,0.0204167240332424,-0.0597864467519849,-0.308550912570593,0.314952658760587
0,0.32,0.000917497240385284,0.321111040353849,0.000917497240385284,0.00111104035384851,0.00144090660835269,0.0223360079731991,-0.0578691483690389,-0.262260338324019,0.269496483363308
0,0.335,-0.000551183145334561,0.336016477731011,-0.000551183145334561,0.00101647773101121,0.00115630006371296,0.0240792349026985,-0.050597803111008,-0.204493378906103,0.212031932874798
0,0.35,-0.0022371299337848,0.350865010726434,-0.0022371299337848,0.000865010726434162,0.00239853995119576,0.0256146604148226,-0.0405768714662936,-0.147979221459614,0.155564964489674
0.02,0.05,0.0224882440593337,0.0502308994120089,0.00248824405933368,0.000230899412008934,0.00249893438034603,-0.0220014872811116,-0.0495544045049436,0.177621371436098,0.185712375020083
0.02,0.065,0.020771463023173,0.065287538105823,0.000771463023173047,0.000287538105822965,0.000823306357575086,-0.0290563214197093,-0.0508237302585232,0.201147348753883,0.209493737802649
0.02,0.08,0.0192611381002308,0.0803718297262388,-0.000738861899769239,0.000371829726238782,0.000827148264971532,-0.0389492200857325,-0.0522627441089958,0.230691959907547,0.239723383019595
0.02,0.095,0.0180863992815272,0.0954770322613106,-0.00191360071847282,0.000477032261310573,0.00197216314945564,-0.0501995727061658,-0.0505836623492968,0.252201840958967,0.262077454837573
0.02,0.11,0.0173169210385359,0.110597328813895,-0.00268307896146405,0.000597328813894793,0.00274876598228368,-0.0615782040356173,-0.044957529824552,0.257165962507845,0.268230345740976
0.02,0.125,0.0169708480989268,0.125727745587819,-0.00302915190107318,0.000727745587819295,0.00311534506601849,-0.0721236367524642,-0.0361585415296715,0.241732377892174,0.254840947832697
0.02,0.14,0.0170249651049565,0.140863944947619,-0.00297503489504353,0.00086394494761885,0.00309794020265769,-0.0811363902423611,-0.0258252067574122,0.205694920857956,0.222621917035593
0.02,0.155,0.0174257919661402,0.156001909167876,-0.00257420803385984,0.00100190916787585,0.00276231225285307,-0.0881515940478374,-0.0158692372412632,0.151463099132438,0.175964857174573
0.02,0.17,0.0181000342722049,0.171137560418064,-0.00189996572779507,0.0011375604180639,0.00221447814880652,-0.0928951429912589,-0.00804908975182562,0.0831344686015429,0.12492254195805
0.02,0.185,0.0189630521980365,0.18626638663472,-0.00103694780196351,0.00126638663472048,0.00163676383531517,-0.0952326971124526,-0.0036997559218794,0.00576081983634012,0.0954784999294097
0.02,0.2,0.0199246701658502,0.20138315496266,-7.53298341498104e-05,0.00138315496265995,0.0013852047627134,-0.0951227336393897,-0.00358745915969294,-0.0751560731031931,0.12128332588098
0.02,0.215,0.020892524589089,0.216481790249203,0.000892524589088953,0.00148179024920303,0.00172982729911445,-0.092583950832297,-0.00784837794906102,-0.153969819654492,0.179833581130986
0.02,0.23,0.0217739553270015,0.231555474123931,0.0017739553270015,0.00155547412393062,0.00235932559270965,-0.0876838355925482,-0.0159782947735965,-0.225083076673784,0.242087256009977
0.02,0.245,0.0224779267558339,0.246596982223703,0.00247792675583386,0.00159698222370305,0.0029479608596623,-0.0805500556573348,-0.0268611628396068,-0.283145783899886,0.295603725117892
0.02,0.26,0.0229184604501147,0.261599228427383,0.00291846045011472,0.00159922842738305,0.00332790368878576,-0.0714008302985743,-0.0388493784980433,-0.323367165172914,0.333427638381209
0.02,0.275,0.0230205707617455,0.27655593501052,0.00302057076174554,0.00155593501051962,0.00339776124583125,-0.0605859457810317,-0.0499260283308704,-0.342009857178056,0.35090510458544
0.02,0.29,0.0227288702840918,0.29146230866633,0.0027288702840918,0.00146230866632965,0.00309597798167591,-0.0486277227272909,-0.057981623749815,-0.337072603104526,0.345463204168868
0.02,0.305,0.0220181185279426,0.306315586601016,0.00201811852794256,0.0013155866010158,0.00240906008592508,-0.036251555735145,-0.0612234196171159,-0.309104117395282,0.317187790964272
0.02,0.32,0.0209043148953474,0.321115331792046,0.000904314895347397,0.00111533179204637,0.00143587967333497,-0.024398472935477,-0.0587103863876789,-0.26204439663623,0.269647167538876
0.02,0.335,0.0194547022671525,0.335863400365564,-0.000545297732847477,0.000863400365564093,0.00102118059553872,-0.0142165569259996,-0.0509825291097355,-0.20397377714326,0.210728926790822
0.02,0.35,0.0177953140992223,0.350563565653172,-0.00220468590077769,0.000563565653171921,0.00227557600763477,-0.00703266490007342,-0.0407411201677565,-0.147666046558675,0.153344620353139
0.04,0.05,0.0425059195000425,0.0499187547190991,0.00250591950004247,-8.12452809008934e-05,0.00250723619476941,-0.0409752146414003,-0.0439081525313989,0.149209698005401,0.160842920397581
0.04,0.065,0.040838792930189,0.0651124087361835,0.000838792930189042,0.000112408736183484,0.000846291500433206,-0.0532691673387198,-0.0457289464659704,0.169287036670139,0.183267209713997
0.04,0.08,0.0393575892602364,0.0803444973230682,-0.000642410739763621,0.000344497323068182,0.000728951276948458,-0.0715469547328003,-0.0485909559580368,0.196960441302992,0.215112801865826
0.04,0.095,0.0381948071214912,0.0955989246696433,-0.00180519287850883,0.000598924669643286,0.00190195480717243,-0.0929030855849979,-0.0489111034395744,0.218076282828422,0.242034360365297
0.04,0.11,0.0374237149321909,0.110861765938187,-0.00257628506780906,0.000861765938187237,0.0027165944273733,-0.114919890491064,-0.0455857190240351,0.223958384173062,0.255816546700501
0.04,0.125,0.0370660404150289,0.126121398849466,-0.00293395958497114,0.00112139884946594,0.00314096390075205,-0.135696341623217,-0.0391472278225682,0.210546108786907,0.253526667978123
0.04,0.14,0.0371018611560502,0.141368375613828,-0.00289813884394978,0.00136837561382805,0.00320494314759714,-0.153835825331867,-0.0310354085219827,0.177407767269066,0.236859142787288
0.04,0.155,0.0374804448365832,0.156595033371901,-0.0025195551634168,0.00159503337190051,0.00298199424529568,-0.168393498289999,-0.0230107872705175,0.126737080725096,0.212009918431641
0.04,0.17,0.0381305346244487,0.171794909728482,-0.00186946537555126,0.00179490972848229,0.00259164073972172,-0.178793079266332,-0.0167259999704127,0.0624457370631621,0.190121612433922
0.04,0.185,0.038968791312526,0.186962088766692,-0.00103120868747397,0.0019620887666921,0.00221657025277818,-0.184730560411,-0.0134481632785654,-0.010561577317196,0.185520376322717
0.04,0.2,0.0399057313053722,0.202090635465367,-9.42686946278058e-05,0.00209063546536664,0.00209275971765409,-0.186085895519411,-0.0139042633516934,-0.0868958921606682,0.205845161959076
0.04,0.215,0.0408493378949669,0.217174271975962,0.000849337894966863,0.0021742719759624,0.00233427365261277,-0.182862037809846,-0.018212601220413,-0.16100537300726,0.244321600157347
0.04,0.23,0.0417072982625632,0.232206406055436,0.00170729826256318,0.00220640605543609,0.00278981989361613,-0.175164141733504,-0.0258702030255781,-0.227391630885738,0.28819936307241
0.04,0.245,0.0423892766392287,0.2471805474371,0.00238927663922867,0.00218054743709958,0.00323472255134894,-0.163222025650038,-0.0357851810236335,-0.280830282207032,0.326784249498335
0.04,0.26,0.0428106243942185,0.262091057710171,0.00281062439421852,0.0020910577101706,0.00350316026362485,-0.147448581769938,-0.046365432515998,-0.316698022910746,0.352404408060443
0.04,0.275,0.0428984504172242,0.276934094086064,0.00289845041722415,0.00193409408606443,0.0034844992114874,-0.12851832294488,-0.0556906106404142,-0.331469533390563,0.359848413447597
0.04,0.29,0.0426001816305458,0.291708549494235,0.00260018163054582,0.00170854949423488,0.00311128363960571,-0.107445768992311,-0.0617957766224553,-0.323388897567316,0.346329403245133
0.04,0.305,0.0418938917056659,0.306416778216957,0.00189389170566587,0.0014167782169566,0.00236518208788091,-0.0856439618716264,-0.0630814544297558,-0.293260119277854,0.311954958383149
0.04,0.32,0.0407990455825002,0.321064934009706,0.000799045582500241,0.00106493400970598,0.00133137458588543,-0.0649487012702002,-0.0588417820520363,-0.245258014710037,0.260446347051676
0.04,0.335,0.0393861017464054,0.33566282738638,-0.000613898253594647,0.000662827386379961,0.000903444082332629,-0.0476023692580686,-0.0498805910299509,-0.187646115431083,0.199912891286841
0.04,0.35,0.0377836882722561,0.350223308636364,-0.00221631172774392,0.000223308636363523,0.0022275332593723,-0.0361998633166148,-0.0391751641096867,-0.133303567261369,0.143579160809117
0.06,0.05,0.0625441936453846,0.0495687043483229,0.00254419364538461,-0.000431295651677072,0.0025804916671772,-0.0521374237632662,-0.0357718965700826,0.109773452760774,0.126681320682513
0.06,0.065,0.0609608437254239,0.0648810637742973,0.000960843725423904,-0.000118936225702665,0.000968176890072719,-0.06693264278135,-0.0380125204853369,0.124330802954655,0.146229581670946
0.06,0.08,0.0595298097008926,0.0802455343540842,-0.000470190299107442,0.00024553435408417,0.000530439474785085,-0.0911678106412951,-0.0427664638549059,0.149096372288347,0.179917467071165
0.06,0.095,0.0583887839551824,0.095636673177781,-0.00161121604481756,0.000636673177781016,0.00173244621226269,-0.120557184155653,-0.0459625317889497,0.169738738492689,0.213208538249013
0.06,0.11,0.0576166549168442,0.111032315813128,-0.00238334508315578,0.00103231581312846,0.00259730816874662,-0.151514940261013,-0.0460441096060077,0.177299230913743,0.237722391675988
0.06,0.125,0.0572408258098258,0.126413917089771,-0.0027591741901742,0.0014139170897709,0.00310035542292648,-0.181195490147841,-0.0431448225724105,0.167365447740867,0.250408814290667
0.06,0.14,0.0572466574513141,0.141766524803327,-0.00275334254868592,0.0017665248033272,0.00327131549551163,-0.207477520261184,-0.0383754966565808,0.139127691088673,0.252737449065975
0.06,0.155,0.0575878933229273,0.157078365638092,-0.00241210667707274,0.00207836563809166,0.00318400099673022,-0.228892818138539,-0.0332448777565943,0.0944174719008967,0.249823741811467
0.06,0.17,0.058196671611279,0.17234012377255,-0.00180332838872095,0.00234012377255047,0.00295434807502818,-0.244513382862054,-0.0292282218997675,0.0368315530261785,0.248993462209865
0.06,0.185,0.0589919151216471,0.187544081573612,-0.00100808487835288,0.00254408157361183,0.00273652812431281,-0.253820656022647,-0.0274789395188755,-0.0289794749452689,0.256943453221571
0.06,0.2,0.059885465069008,0.202683342628976,-0.000114534930992005,0.00268334262897638,0.00268578590265479,-0.256585559634751,-0.0286603105840575,-0.0978270026534781,0.276093883972423
0.06,0.215,0.0607861019635064,0.217751353277179,0.000786101963506407,0.00275135327717871,0.00286145088248438,-0.252785729036206,-0.0328661496219763,-0.164330540972466,0.30329119684025
0.06,0.23,0.061602317725133,0.2327418777045,0.00160231772513295,0.00274187770449985,0.00317573856586285,-0.24257735671011,-0.0396047544121031,-0.223168411501739,0.331989094426649
0.06,0.245,0.0622451273558296,0.247649476038827,0.00224512735582957,0.00264947603882715,0.00347279716139793,-0.22632574562256,-0.0478364899667284,-0.269331629042713,0.355037466536073
0.06,0.26,0.0626321938840928,0.262470409533535,0.00263219388409285,0.00247040953353475,0.00360989860063066,-0.204684424889235,-0.0560741904649857,-0.298472740719875,0.36623279789193
0.06,0.275,0.0626940889171026,0.277203783053012,0.00269408891710263,0.0022037830530118,0.00348062851192098,-0.178701086284817,-0.0625683094281478,-0.307405550952365,0.361036668002435
0.06,0.29,0.0623827701073281,0.291852663357553,0.00238277010732806,0.0018526633575531,0.00301827018353163,-0.149922560879542,-0.0655992384928985,-0.294758189003646,0.337139069655367
0.06,0.305,0.0616815713416158,0.306424903385758,0.00168157134161578,0.00142490338575849,0.00220409433457135,-0.120471951441605,-0.0638867737294339,-0.261727525172651,0.295121163148062
0.06,0.32,0.0606154329692505,0.320933461962281,0.00061543296925054,0.000933461962281446,0.00111808272264035,-0.0930783408847828,-0.0571067523711862,-0.212844064994188,0.239222569686059
0.06,0.335,0.0592599332286652,0.335396119514987,-0.000740066771334813,0.000396119514987386,0.000839410207340712,-0.0710507571223995,-0.0464867310014637,-0.156643582641692,0.178175373761251
0.06,0.35,0.0577479613495315,0.349834621110261,-0.0022520386504685,-0.000165378889738554,0.00225810280110874,-0.0581997801597514,-0.0354454004585337,-0.106155876308556,0.126145421353785
0.08,0.05,0.0825697692687418,0.0491812327985555,0.00256976926874183,-0.000818767201444526,0.00269705280347479,-0.0534161648507372,-0.0250374724311242,0.0630656846837509,0.0863564918741211
0.08,0.065,0.0811096958436338,0.0645841629856983,0.00110969584363382,-0.000415837014301701,0.00118505075327664,-0.0666426514486095,-0.026937454169289,0.069881663872418,0.100251278988873
0.08,0.08,0.0797552132502203,0.0800569892872123,-0.000244786749779652,5.69892872122613e-05,0.000251333109089605,-0.0931971834615397,-0.0334584266460753,0.0904757480825444,0.134130721781201
0.08,0.095,0.0786508450952523,0.095564977856163,-0.00134915490474771,0.000564977856162996,0.00146267526640719,-0.127478962740624,-0.0398645448908792,0.110277127961201,0.173208359146357
0.08,0.11,0.0778829142879393,0.111077600040668,-0.00211708571206067,0.00107760004066781,0.00237555756820555,-0.164766982319082,-0.0439823097950192,0.119948090021911,0.208495070221168
0.08,0.125,0.0774863972844729,0.126569071442703,-0.00251360271552709,0.00156907144270274,0.00296313749323422,-0.20127074486202,-0.0453992458310544,0.114603974395569,0.236019393221665
0.08,0.14,0.0774537921427853,0.142018454001457,-0.00254620785721468,0.00201845400145745,0.00324920467316871,-0.234114310509225,-0.0447707756286492,0.0929249852877489,0.255830206121163
0.08,0.155,0.0777450023655781,0.157409280102134,-0.00225499763442193,0.00240928010213437,0.00329994620286288,-0.261255249798163,-0.0432513132123383,0.0562483590225166,0.270719404330023
0.08,0.17,0.0782969858379475,0.172728783407194,-0.0017030141620525,0.00272878340719412,0.00321660008697528,-0.281354406556396,-0.0420612945577064,0.00773255388685666,0.284586390197469
0.08,0.185,0.0790320656332893,0.187966933586967,-0.000967934366710676,0.00296693358696692,0.0031208319159692,-0.293624335018591,-0.0421876001159376,-0.0483365737922851,0.300552283670839
0.08,0.2,0.0798643052097305,0.203115537979024,-0.000135694790269454,0.00311553797902386,0.00311849161853072,-0.297689907095904,-0.0442001598398015,-0.107069673013401,0.319432487531656
0.08,0.215,0.0807040463280153,0.218167670597835,0.000704046328015306,0.00316767059783463,0.00324496814289105,-0.293491882286919,-0.0481604546028305,-0.163349860121826,0.33932348532309
0.08,0.23,0.0814613573034606,0.233117614846597,0.00146135730346063,0.00311761484659678,0.00344312176666734,-0.281253698316507,-0.0536014211551955,-0.212124868976397,0.356334287527772
0.08,0.245,0.082049520038836,0.247961377558988,0.00204952003883598,0.00296137755898773,0.00360142880485876,-0.261516092078424,-0.0595706348771491,-0.248700634692073,0.365775596566082
0.08,0.26,0.0823896657857402,0.262697680817147,0.00238966578574024,0.00269768081714655,0.00360388462061953,-0.235227443668567,-0.0647432424855119,-0.269115118361784,0.363245132909075
0.08,0.275,0.0824172559899256,0.277329204363345,0.00241725598992563,0.00232920436334472,0.00335683176329339,-0.20386421955016,-0.0676206334542821,-0.270639412002807,0.345512985543126
0.08,0.29,0.082090434489802,0.291863772127483,0.00209043448980203,0.00186377212748295,0.00280063615975661,-0.169548954443859,-0.0668303326657651,-0.252406173134711,0.311323394587906
0.08,0.305,0.0813995781581142,0.306315175330573,0.00139957815811417,0.00131517533057307,0.00192054814332217,-0.135134437141957,-0.0615318419723385,-0.216117989872763,0.262210963198946
0.08,0.32,0.0803768819085088,0.320703402523411,0.000376881908508847,0.000703402523411334,0.000798006944144412,-0.104231382785991,-0.0519169605588644,-0.166754661347583,0.203388083403709
0.08,0.335,0.0791046936034615,0.335054182205568,-0.000895306396538453,5.41822055680208e-05,0.000896944399103359,-0.0811699929785549,-0.0397793500721353,-0.113187526077792,0.14485300027299
0.08,0.35,0.0777215953741942,0.349397896057117,-0.00227840462580584,-0.000602103942882515,0.00235661978200305,-0.0708993001582476,-0.0291242161179921,-0.0686213660766541,0.102877720879984
0.1,0.05,0.102534454892005,0.0487724059455007,0.00253445489200488,-0.00122759405449929,0.00281610524701217,-0.0449557558977156,-0.0119882208346302,0.0139069007722405,0.0485606780948389
0.1,0.065,0.101244370386348,0.0642272312058951,0.00124437038634759,-0.000772768794104928,0.00146479666423747,-0.0513268912916696,-0.0119528707699977,0.010569562460979,0.053749760486568
0.1,0.08,0.0999999784693424,0.0797748696520184,-2.15306575623853e-08,-0.000225130347981606,0.000225130349011163,-0.0754266900917831,-0.0193242783390333,0.0254350576620897,0.081911883231221
0.1,0.095,0.0989540614275619,0.095371416170582,-0.00104593857243815,0.000371416170581951,0.00110992678546097,-0.110424216419431,-0.0285451799663197,0.0436514335080957,0.122122021620312
0.1,0.11,0.0982019449760408,0.110977904217507,-0.0017980550239592,0.000977904217506986,0.00204677759607703,-0.150512125212665,-0.0366795250321524,0.0554306650870028,0.164535299032928
0.1,0.125,0.0977878445059327,0.126561023783995,-0.00221215549406727,0.0015610237839952,0.00270747616501617,-0.190966961964262,-0.0426352749332311,0.0553225892919253,0.203339075221986
0.1,0.14,0.0977130833614328,0.142093375611714,-0.00228691663856716,0.00209337561171363,0.00310035629621383,-0.228137295976236,-0.0464936328199056,0.0413899623173248,0.236477254876347
0.1,0.155,0.0979453524411886,0.157553199320675,-0.00205464755881141,0.00255319932067477,0.0032772554618192,-0.259361921845991,-0.0489534964189627,0.0143616003277959,0.264332046500944
0.1,0.17,0.0984279305352899,0.172923653802242,-0.00157206946471008,0.00292365380224202,0.00331951110214111,-0.282835161637322,-0.05089977200424,-0.0231575526688511,0.288310532391647
0.1,0.185,0.0990878884298089,0.188191856165036,-0.000912111570191096,0.00319185616503648,0.00331962246268425,-0.297448753868614,-0.053094830679974,-0.0673592427824446,0.309567961747637
0.1,0.2,0.0998427245519815,0.203347962259537,-0.000157275448018554,0.00334796225953676,0.00335165434641342,-0.302645687744262,-0.0559814941181083,-0.113762983856151,0.328132063007696
0.1,0.215,0.100605479571733,0.218384571764296,0.000605479571732872,0.00338457176429552,0.00343830358453879,-0.298318445792839,-0.059580101376983,-0.157622859620812,0.34262078054539
0.1,0.23,0.101288941927338,0.23329665996535,0.00128894192733791,0.00329665996535,0.00353968052501791,-0.284772923868709,-0.0634643706813114,-0.194262956992155,0.3505165105369
0.1,0.245,0.101809886559272,0.248082096224632,0.00180988655927154,0.00308209622463212,0.003574214108769,-0.262762680207475,-0.0668094003384331,-0.219411897937195,0.348783139929469
0.1,0.26,0.10209426834429,0.26274264358758,0.00209426834429023,0.00274264358757997,0.00345080479691183,-0.233580442421279,-0.068515422648214,-0.229601142472694,0.334620963343055
0.1,0.275,0.102083925256808,0.277285190635477,0.00208392525680812,0.00228519063547655,0.00309270766747077,-0.199179575542884,-0.0674172296641116,-0.22266459258932,0.306263498142052
0.1,0.29,0.101744761560041,0.291722886824544,0.00174476156004065,0.00172288682454419,0.00245204647418915,-0.16229103825644,-0.062587871210226,-0.198337261987248,0.263805638981259
0.1,0.305,0.101075782418801,0.306075859765192,0.00107578241880144,0.00107585976519203,0.00152144077997184,-0.126502838297668,-0.0537364427847734,-0.158910932826362,0.210103087596527
0.1,0.32,0.100117946990787,0.320371285541308,0.000117946990787238,0.000371285541307664,0.000389569564801834,-0.096278174307885,-0.0416876038766649,-0.109876720346939,0.151921856104442
0.1,0.335,0.0989617345297124,0.334642733510922,-0.00103826547028757,-0.000357266489077968,0.0010980139029218,-0.0769022281044282,-0.0289211971181906,-0.0604755837261697,0.102018073429485
0.1,0.35,0.0977525959867249,0.348928870674865,-0.00224740401327514,-0.00107112932513537,0.00248960696296627,-0.0743615384309468,-0.0201496112280539,-0.0240881411919554,0.0807210310536872
0.12,0.05,0.122373701613963,0.0483799781752334,0.0023737016139635,-0.00162002182476656,0.00287383542758678,-0.0296509826651613,0.00225119754362279,-0.03203994038954,0.0437127731531741
0.12,0.065,0.12130918179066,0.0638368174837547,0.00130918179065964,-0.00116318251624525,0.00175127111752961,-0.0228370965431421,0.00680905495379177,-0.0481482386177966,0.0537228936358586
0.12,0.08,0.120217216170182,0.0794153636429048,0.000217216170182416,-0.000584636357095214,0.000623684643570995,-0.0387024850508402,0.000450003386754593,-0.0408977195842627,0.0563090452288082
0.12,0.095,0.119260080250366,0.0950627285129422,-0.000739919749634194,6.27285129422006e-05,0.000742573970884159,-0.0692897269604329,-0.0103111125584448,-0.0254420351665312,0.0745297473538325
0.12,0.11,0.118543428982313,0.110731522104171,-0.00145657101768655,0.000731522104171212,0.00162994592500963,-0.107772495613842,-0.0216504469546183,-0.0120643706907418,0.110585738231454
0.12,0.125,0.118122145544224,0.12638072017349,-0.00187785445577569,0.00138072017349028,0.0023308207898849,-0.148525171322974,-0.0316802936176379,-0.00684523671962853,0.152020519480474
0.12,0.14,0.118007891533609,0.141976084900412,-0.00199210846639102,0.00197608490041185,0.00280595931465559,-0.187118968445385,-0.0398011175898896,-0.0124205059003422,0.19170795645466
0.12,0.155,0.118177707253639,0.157490054753918,-0.00182229274636078,0.00249005475391778,0.00308563178797271,-0.220247656168183,-0.0461617810934568,-0.028764050755047,0.226864227982998
0.12,0.17,0.118582766125768,0.1729011655066,-0.00141723387423164,0.00290116550659958,0.00322882535157181,-0.24559995077952,-0.051232896730436,-0.0539288195189431,0.256617562119626
0.12,0.185,0.119156445589818,0.188193199081091,-0.000843554410182096,0.00319319908109056,0.00330274195395512,-0.261707562019414,-0.0554935297494341,-0.0846958265289104,0.280613471338772
0.12,0.2,0.11982121477552,0.203354339969468,-0.00017878522447954,0.00335433996946843,0.00335910118741096,-0.2678034828607,-0.0592242654494376,-0.117109625486048,0.298229918416487
0.12,0.215,0.120494334459007,0.218376622296715,0.000494334459007133,0.00337662229671548,0.00341261552068762,-0.263722201312164,-0.0623951772981004,-0.146913068680818,0.308263258575228
0.12,0.23,0.121092836680016,0.233255869478923,0.00109283668001619,0.00325586947892254,0.00343438175993411,-0.249862490564422,-0.064638032917859,-0.169922879316381,0.309003812014861
0.12,0.245,0.121538527281113,0.24799218348005,0.00153852728111272,0.00299218348005015,0.00336455467677568,-0.227217086919228,-0.0652973332215995,-0.182401617780453,0.298599896662177
0.12,0.26,0.121763732984829,0.262590872715188,0.00176373298482889,0.00259087271518799,0.00313422645449862,-0.197456193132892,-0.0635611375890265,-0.181476614374825,0.275613632577005
0.12,0.275,0.121718202034129,0.277063565209253,0.00171820203412926,0.00206356520925327,0.00268524106979735,-0.1630378821576,-0.0586761216960716,-0.165634083861965,0.239706011237047
0.12,0.29,0.121377076742308,0.291429179277523,0.00137707674230761,0.00142917927752256,0.00198466464711408,-0.127311618110745,-0.0502494947763117,-0.135284223738213,0.192445098251138
0.12,0.305,0.120749365164085,0.305714440121512,0.000749365164084581,0.000714440121512117,0.0010353612105781,-0.0945827073761699,-0.0386336935139682,-0.0933608093417612,0.138400508826093
0.12,0.32,0.119886024729558,0.319953732484245,-0.000113975270442324,-4.62675157551495e-05,0.000123008313892004,-0.070114517960818,-0.0253814616171354,-0.0458962682680448,0.0875598832601175
0.12,0.335,0.118886744279816,0.334188235552072,-0.00111325572018356,-0.000811764447928021,0.00137778801614809,-0.0600586154117176,-0.0137537533697799,-0.0025060808366181,0.0616642832199315
0.12,0.35,0.117904780766568,0.348464450575107,-0.00209521923343245,-0.00153554942489248,0.00259766350254087,-0.0713162786339039,-0.00926484546251599,0.0232755748691047,0.0755883732620599
0.14,0.05,0.14200503627892,0.0480701137910171,0.00200503627892035,-0.00192988620898288,0.00278291776008725,-0.0134840679986038,0.0152131724575833,-0.0685413182959175,0.0714924729191479
0.14,0.065,0.14123205679055,0.0634673962219191,0.00123205679054977,-0.0015326037780809,0.00196642779570663,0.0136537750726404,0.0279764985530761,-0.10023427492757,0.104957243651123
0.14,0.08,0.140345155684483,0.0790219760603453,0.000345155684483345,-0.000978023939654737,0.00103714187702018,0.01261412262675,0.0255396332774297,-0.10282038640173,0.106693130556288
0.14,0.095,0.139517200608442,0.0946722282677913,-0.000482799391557542,-0.000327771732208715,0.000583549107550885,-0.00764049192875734,0.0154921606045874,-0.0917548985954327,0.0933667365973894
0.14,0.11,0.138865304468011,0.11036246102573,-0.00113469553198926,0.000362461025730065,0.00119118090376302,-0.0393519484481787,0.00265052407119178,-0.0778360265946904,0.0872585218294627
0.14,0.125,0.138456239748932,0.126043893016906,-0.0015437602510683,0.00104389301690627,0.00186357407782039,-0.0760460428719064,-0.010205236561727,-0.067812667088208,0.10239974657567
0.14,0.14,0.138313358153075,0.141675240089113,-0.00168664184692464,0.00167524008911313,0.00237722318598173,-0.112540033597406,-0.0217047379332393,-0.0650752077518343,0.131799640114827
0.14,0.155,0.138424544772196,0.157222806633186,-0.00157545522780431,0.00222280663318597,0.00272450518504764,-0.144882433308767,-0.0313645339429678,-0.0703739522461361,0.164094987829338
0.14,0.17,0.138750499112765,0.172660118829851,-0.00124950088723478,0.00266011882985057,0.0029389597915123,-0.17024141750313,-0.0391701751129358,-0.0825105755118341,0.193195427709866
0.14,0.185,0.139232649892287,0.187967270422334,-0.000767350107712783,0.00296727042233358,0.00306488498104945,-0.186768745545475,-0.045263098894361,-0.0989609331048908,0.216158816927551
0.14,0.2,0.139800261806606,0.203130236211276,-0.000199738193393837,0.00313023621127584,0.00313660231529003,-0.193471019694548,-0.0497285304553616,-0.116410642575668,0.231204395379956
0.14,0.215,0.140376681469468,0.21814041582995,0.00037668146946845,0.00314041582995039,0.00316292594197903,-0.190117307260396,-0.0524774873219814,-0.131211780004959,0.236886235016533
0.14,0.23,0.140885046839232,0.232994594939049,0.000885046839231803,0.00299459493904858,0.00312264419308533,-0.177201932221879,-0.05321584441723,-0.139791487379483,0.231892613568587
0.14,0.245,0.141254005109935,0.247695373421145,0.00125400510993531,0.00269537342114523,0.002972804516809,-0.155966164689493,-0.0514959929245279,-0.13905414902084,0.215205466059897
0.14,0.26,0.141423962997965,0.262251951075169,0.00142396299796502,0.00225195107516868,0.00266438628290398,-0.128466556931515,-0.0468498409198663,-0.126814614372409,0.186495418093807
0.14,0.275,0.141354137811187,0.276681029472626,0.00135413781118714,0.00168102947262577,0.00215859892048596,-0.0976650115392932,-0.0390032434979541,-0.102282221478906,0.146701643040809
0.14,0.29,0.141030283951256,0.291007524860142,0.00103028395125569,0.00100752486014249,0.0014410382937383,-0.0675094871227244,-0.0281699697107966,-0.0665898432919984,0.0989206131449716
0.14,0.305,0.140472586705054,0.305264811452868,0.000472586705053735,0.000264811452867775,0.00054172252986514,-0.0429758059747396,-0.0154186039808373,-0.0233369179483703,0.0512763606631392
0.14,0.32,0.139742987966609,0.319494319267847,-0.000257012033391041,-0.000505680732153402,0.000567246144261024,-0.0300492895508499,-0.00310085560277644,0.0209021773598436,0.0367352170566809
0.14,0.335,0.138951223609693,0.333744463477365,-0.0010487763903074,-0.00125553652263516,0.00163594128150646,-0.035636926477001,0.00467205535270115,0.0561587582808189,0.0666755222229344
0.14,0.35,0.138259109297253,0.348069037786507,-0.00174089070274683,-0.00193096221349326,0.00259986836375404,-0.0674125579546947,0.00151438906670166,0.0687880262505105,0.0963251840652872
0.16,0.05,0.161326467413941,0.0479447093759997,0.00132646741394082,-0.00205529062400028,0.00244616748186839,-0.00562561056742103,0.0225831374205173,-0.0890976072190691,0.0920870839355192
0.16,0.065,0.160922956478261,0.0632089154918816,0.000922956478260573,-0.00179108450811843,0.00201490257233074,0.0494969291403895,0.0483780104562535,-0.139353543201069,0.155594995968816
0.16,0.08,0.160305540417058,0.0786733978276064,0.000305540417057659,-0.00132660217239361,0.0013613332693559,0.0704330089126264,0.053863786516083,-0.154313066109958,0.177973773584819
0.16,0.095,0.15965873611632,0.0942680672439223,-0.000341263883680193,-0.000731932756077747,0.000807580706631885,0.0670119681034734,0.0478063761467457,-0.149713659303558,0.170851558034774
0.16,0.11,0.159112126087075,0.109929151446169,-0.00088787391292465,-7.08485538312709e-05,0.000890696133836962,0.04781680355354,0.0361012765899599,-0.136866248460416,0.149405928566199
0.16,0.125,0.158745448060776,0.125600231129266,-0.00125455193922441,0.000600231129266493,0.00139074727278261,0.0200930793159705,0.0224981255436466,-0.12320245854143,0.126841435861704
0.16,0.14,0.158594971677795,0.141232973987681,-0.001405028322205,0.00123297398768146,0.0018693125582677,-0.0102729557778768,0.00920964924460572,-0.112899996861847,0.11373989976715
0.16,0.155,0.158660864254777,0.156787442372848,-0.00133913574522319,0.00178744237284761,0.00223343564500649,-0.0387127556997542,-0.00258239759259742,-0.107539010677615,0.114324054269119
0.16,0.17,0.1589150200182,0.172231981237976,-0.00108497998180042,0.00223198123797597,0.00248171751164075,-0.0618856857439572,-0.0123206095018051,-0.106744631347377,0.12400023322783
0.16,0.185,0.159308802419097,0.187542818260779,-0.000691197580902719,0.00254281826077901,0.00263508610925658,-0.0775649585425902,-0.0197634138542808,-0.108781576172751,0.135056858693696
0.16,0.2,0.159780318626652,0.20270358998408,-0.000219681373348188,0.00270358998407949,0.0027125004530527,-0.0845271428916998,-0.0247723757561245,-0.111084573246412,0.141768477289706
0.16,0.215,0.160261132698295,0.217705019350034,0.000261132698294735,0.00270501935003381,0.0027175945190878,-0.082470470236855,-0.0271913162752904,-0.110728921505258,0.140718336234081
0.16,0.23,0.160682609642111,0.232544905325469,0.000682609642110664,0.00254490532546875,0.0026348622429079,-0.0719781594568852,-0.0268126404751158,-0.104862488829902,0.129984314197298
0.16,0.245,0.160982250230585,0.24722846352427,0.000982250230584632,0.00222846352427025,0.00243533677229383,-0.0545297964627588,-0.0234270039464004,-0.0911285592745128,0.108750821065568
0.16,0.26,0.161110357343744,0.261768916198428,0.00111035734374393,0.00176891619842773,0.00208853009264077,-0.0325498988544952,-0.0169534585300269,-0.0681056079064367,0.0773646586645338
0.16,0.275,0.161037175615559,0.276188116204339,0.00103717561555894,0.00118811620433856,0.00157713454483818,-0.00947183051229116,-0.00764714533828514,-0.035776497649658,0.0377909015708081
0.16,0.29,0.160760346510641,0.290516939981825,0.000760346510640567,0.00051693998182506,0.000919431216052935,0.0102100830764091,0.00362022683692552,0.00397983786249245,0.0115408382832257
0.16,0.305,0.160312240563187,0.304795215686242,0.000312240563187238,-0.000204784313757533,0.000373404317678073,0.0209260061747759,0.0150148103927795,0.0469003253251655,0.0535068499242245
0.16,0.32,0.159766581223094,0.319071055028746,-0.000233418776905747,-0.00092894497125412,0.000957822052904657,0.0160723297257992,0.0233398750582635,0.0858928184955452,0.0904469320632388
0.16,0.335,0.159243824414872,0.33339959924026,-0.000756175585127888,-0.00160040075974033,0.00177005200695373,-0.0118816890896653,0.0235891457854545,0.110678463174656,0.113786417471284
0.16,0.35,0.158914998621144,0.347841329192022,-0.00108500137885595,-0.00215867080797805,0.00241600654993647,-0.0712234214484469,0.00845850324360422,0.107561918890181,0.129282232059756
0.18,0.05,0.18021480941552,0.0481493459413812,0.000214809415519962,-0.00185065405861884,0.00186307904547242,-0.0182774042866177,0.0177388176611562,-0.0872626234315371,0.0909037751749861
0.18,0.065,0.180272403568868,0.0631949084398678,0.000272403568867624,-0.0018050915601322,0.00182552985316382,0.072684715240005,0.0625322180219999,-0.159174327080984,0.185822072933494
0.18,0.08,0.180002285842632,0.0784919036425198,2.28584263201048e-06,-0.00150809635748023,0.00150809808982097,0.123007622975929,0.0810230551715242,-0.189317152270948,0.239868044884924
0.18,0.095,0.179601761393119,0.0939620233476401,-0.000398238606880652,-0.00103797665235994,0.00111175065498276,0.143232365259283,0.0832439028401081,-0.193673397133817,0.25486182467177
0.18,0.11,0.179213887293723,0.10953369745568,-0.000786112706277042,-0.000466302544320285,0.000914008342308639,0.142641233963938,0.0762411994056942,-0.184045022947784,0.245014089529298
0.18,0.125,0.178932385602235,0.125143127520482,-0.00106761439776468,0.000143127520482123,0.00107716572050627,0.129151985659503,0.0647943803766008,-0.168540364085521,0.222001043046101
0.18,0.14,0.178807605927534,0.140735129828281,-0.00119239407246614,0.000735129828281167,0.00140079245017993,0.109278970944674,0.0520118820413192,-0.15213670941746,0.194403559569929
0.18,0.155,0.178853397966013,0.156263645783523,-0.00114660203398715,0.00126364578352295,0.00170631090090839,0.0881534344294166,0.0398222900552321,-0.137277685632268,0.167934588304501
0.18,0.17,0.179054536932765,0.171691892665742,-0.000945463067235447,0.00169189266574177,0.00193814375212393,0.0695886324815368,0.0293687433273383,-0.124468308314603,0.145593516461598
0.18,0.185,0.179374286206631,0.186992239919317,-0.000625713793368968,0.00199223991931691,0.0020881900410001,0.0561691158645957,0.0213099586248899,-0.112839533189374,0.127835249215594
0.18,0.2,0.179761778175427,0.202145972355357,-0.000238221824572568,0.00214597235535691,0.00215915422970633,0.0493407304272655,0.0160301104492846,-0.100667841378097,0.113249682488352
0.18,0.215,0.180159089408838,0.217143117271145,0.000159089408838006,0.00214311727114458,0.00214901397805659,0.0494803460676106,0.0137602599465756,-0.085850694157825,0.100039960170595
0.18,0.23,0.18050808876035,0.231982462010277,0.000508088760349967,0.00198246201027669,0.00204653605162095,0.0559319418267121,0.0146146370809223,-0.0663511972397716,0.0880025717277072
0.18,0.245,0.180757256462179,0.246671788538612,0.000757256462178793,0.001671788538612,0.00183529677909214,0.0670066879491067,0.0185453674903677,-0.0406311996781599,0.0805277737186931
0.18,0.26,0.180868656068981,0.26122823623557,0.000868656068980581,0.00122823623556972,0.0015043695079811,0.0799562082551118,0.0252195032716979,-0.00808950830844598,0.0842286175044006
0.18,0.275,0.180825094907467,0.275678613515376,0.000825094907467475,0.000678613515376014,0.00106831545415189,0.0909372965396999,0.0338230120890914,0.030488193181138,0.101701134153691
0.18,0.29,0.180637295123202,0.290059445050603,0.000637295123202389,5.94450506027355e-05,0.000640061550242404,0.0949907564528577,0.0427978229101937,0.07247544610872,0.126915697734728
0.18,0.305,0.180350708798399,0.304416577319052,0.000350708798398658,-0.000583422680948131,0.000680719241625309,0.0860559667657866,0.0495195010123822,0.112969050074924,0.150398901789382
0.18,0.32,0.18005153225416,0.318804260449215,5.15322541601859e-05,-0.0011957395507855,0.00119684946694709,0.0570371630976077,0.0499233979521636,0.144403000571507,0.16308840598697
0.18,0.335,0.179871551458773,0.333283749834597,-0.000128448541227039,-0.00171625016540305,0.00172105016138094,-7.04976876306567e-05,0.0380849076961955,0.156248244106094,0.160822871295293
0.18,0.35,0.179991672499828,0.347921590155874,-8.32750017215611e-06,-0.00207840984412583,0.00207842652682703,-0.0939943061806494,0.00575418150565946,0.134832565794344,0.164462395607564
0.2,0.05,0.198523701980677,0.0488820565304638,-0.00147629801932325,-0.0011179434695362,0.00185182435531461,-0.0662537201470955,-0.00863138020706213,-0.0569608422911252,0.087798606026814
0.2,0.065,0.199149943575124,0.0636112268363092,-0.000850056424875928,-0.00138877316369079,0.00162827725699912,0.0682450085043352,0.0622285765112684,-0.153668063173247,0.179286577268332
0.2,0.08,0.199320275140901,0.0786522015307959,-0.000679724859098813,-0.00134779846920408,0.00150949879021672,0.15530390650485,0.0998404395877294,-0.202016107927584,0.273675112161536
0.2,0.095,0.199246158641073,0.0939185917167545,-0.000753841358926588,-0.00108140828324549,0.00131822633470138,0.206002813136897,0.115586566309085,-0.218176677389762,0.321556755931801
0.2,0.11,0.199085256583868,0.109331303528471,-0.000914743416131888,-0.000668696471529229,0.00113309773999963,0.23018021815584,0.11772627006604,-0.21440356472502,0.335874409738953
0.2,0.125,0.198946346814636,0.124819496917103,-0.00105365318536355,-0.000180503082896966,0.00106900252476879,0.236307971904441,0.112116101575112,-0.199457962203271,0.328930469344526
0.2,0.14,0.198895031086691,0.140321480123165,-0.00110496891330855,0.000321480123164797,0.00115078484912182,0.231432584567486,0.102798579005077,-0.179110510640901,0.310176399868063
0.2,0.155,0.198960238639874,0.155785381074016,-0.00103976136012596,0.000785381074016045,0.00130304532439727,0.221172666874074,0.0924820589740161,-0.156682706610282,0.286391202945019
0.2,0.17,0.199141318241009,0.171169534351924,-0.00085868175899069,0.0011695343519243,0.00145091176973458,0.209758670287988,0.0829239498403293,-0.133595893434464,0.26215084178379
0.2,0.185,0.199415425753536,0.18644261913063,-0.000584574246464326,0.00144261913063048,0.0015565593485924,0.200097197595858,0.0752233283758076,-0.109903979289759,0.240367233660239
0.2,0.2,0.199744949271447,0.201583651937626,-0.000255050728552948,0.00158365193762638,0.0016040587064329,0.193840615199057,0.0700262909461787,-0.0847965659731247,0.222864052167875
0.2,0.215,0.200084829784651,0.216581957654988,8.48297846508875e-05,0.00158195765498753,0.00158423044868402,0.19144504400963,0.06764670980846,-0.0570704151932566,0.210913168733567
0.2,0.23,0.200389765730852,0.231437207633972,0.000389765730851532,0.0014372076339717,0.00148912158942538,0.192206075714754,0.0681053488744285,-0.0255762226271533,0.205513266074785
0.2,0.245,0.200621367985042,0.246159538928191,0.000621367985041782,0.00115953892819126,0.00131553361752022,0.194270428689506,0.0710909075616785,0.0103481480451028,0.207128094402637
0.2,0.26,0.200755318656836,0.260769681863958,0.000755318656835938,0.00076968186395765,0.00107838603712667,0.194630990431802,0.0758473454632541,0.0504486880312817,0.214893384049298
0.2,0.275,0.20078848762999,0.275298957828428,0.000788487629990106,0.000298957828428259,0.00084326065117848,0.189119944305356,0.0809927931402314,0.0931284927673504,0.225829953867861
0.2,0.29,0.200745821608111,0.289788991165169,0.000745821608111111,-0.000211008834830606,0.000775096509798627,0.172418255626373,0.0842762932487137,0.135031509822822,0.234657482491748
0.2,0.305,0.20068670946583,0.304291017716057,0.000686709465829743,-0.000708982283943116,0.000987028758145055,0.138099124533747,0.0822789860217537,0.170655339824482,0.234445135237943
0.2,0.32,0.200710505825236,0.318864757553946,0.000710505825235519,-0.00113524244605379,0.00133925126059892,0.0787189000532921,0.0700653803496577,0.192019193758376,0.219037101769739
0.2,0.335,0.2009609909462,0.333576925564061,0.000960990946199586,-0.00142307443593875,0.00171716174220717,-0.0140367501943612,0.0407874112520802,0.188416646983332,0.193291260971104
0.2,0.35,0.201629748105783,0.348499550540478,0.00162974810578342,-0.0015004494595221,0.00221527142104186,-0.149148508729479,-0.0147609033092312,0.146283030617117,0.209432413455444
