target_x,target_y,gaze_x,gaze_y,error_px_x,error_px_y,error_px_xy,error_deg_x,error_deg_y,error_deg_z,error_deg_xyz
-0.2,0.05,-0.197722130892216,0.0527447353448286,0.00227786910778446,0.00274473534482862,0.00356682769213068,-0.171639800209019,0.123466806630569,-0.227244889341014,0.310394504970587
-0.2,0.065,-0.199967892984792,0.0660033117335597,3.21070152075609e-05,0.00100331173355965,0.00100382533098344,-0.072514042192087,0.0626693253466254,-0.149111111461508,0.17725653521534
-0.2,0.08,-0.201634667880221,0.0794336269966639,-0.00163466788022085,-0.000566373003336125,0.00173000504552261,0.0196846728261106,0.0116757795278914,-0.0866708861541052,0.0896418112069085
-0.2,0.095,-0.202757955794857,0.0930480676465757,-0.00275795579485733,-0.00195193235342432,0.00337881045321156,0.103799474955166,-0.030361357731101,-0.0393320266721118,0.115078911263317
-0.2,0.11,-0.203381470807913,0.106857156160813,-0.0033814708079134,-0.00314284383918687,0.00461647183705103,0.178732686711408,-0.0643239253914781,-0.00616690916973911,0.190055267130643
-0.2,0.125,-0.203557056746553,0.120869176090895,-0.00355705674655263,-0.00413082390910451,0.0054512713073397,0.243477549450595,-0.0910929867211811,0.0140886877353969,0.260341808112292
-0.2,0.14,-0.203344342520584,0.135089845001518,-0.00334434252058445,-0.00491015499848191,0.00594089631319265,0.297149839813794,-0.111511462109215,0.0230243566292194,0.318218815884421
-0.2,0.155,-0.202810122614729,0.149522056327286,-0.0028101226147286,-0.00547794367271418,0.00615667572568496,0.339017843663586,-0.126346420674357,0.0225307205774712,0.362497707623083
-0.2,0.17,-0.202027463866535,0.164165708779494,-0.0020274638665348,-0.00583429122050598,0.00617653331374303,0.368529077835686,-0.136253198448105,0.0147620317060597,0.393188427573602
-0.2,0.185,-0.201074556972058,0.179017637491139,-0.00107455697205815,-0.00598236250886139,0.00607810281861282,0.385332200886058,-0.141743574300431,0.00208662412715418,0.410581564717763
-0.2,0.2,-0.200033348752877,0.194071655095665,-3.3348752876583e-05,-0.00592834490433525,0.00592843870205943,0.389292732379772,-0.143160103236561,-0.0129729902939965,0.414985178000689
-0.2,0.215,-0.19898800732159,0.209318703752643,0.00101199267841003,-0.0056812962473565,0.00577072406474114,0.380501510607834,-0.140658378093722,-0.0278077988731932,0.40662039610951
-0.2,0.23,-0.198023285112891,0.224747111633327,0.00197671488710941,-0.00525288836667348,0.00561250727729181,0.359275234793005,-0.134198483657283,-0.0397945319081173,0.385580203341079
-0.2,0.245,-0.19722285276787,0.240342940229463,0.00277714723212968,-0.00465705977053704,0.00542224607107425,0.326148927510274,-0.123546269470466,-0.0463688843839686,0.35183414563287
-0.2,0.26,-0.196667679138376,0.256090402928405,0.00333232086162445,-0.00390959707159452,0.00513705281139273,0.281860662219546,-0.108284360863624,-0.0450960358562622,0.305294626034397
-0.2,0.275,-0.196434528946331,0.27197233117312,0.00356547105366903,-0.00302766882688046,0.0046775380661001,0.227329389055795,-0.0878321310131255,-0.0337349980866823,0.246031049816799
-0.2,0.29,-0.196594640350488,0.287970662587478,0.00340535964951222,-0.00202933741252232,0.00396417515712774,0.163627101327431,-0.0614732406361364,-0.010293809997244,0.175096470518115
-0.2,0.305,-0.197212630939364,0.304066925775935,0.00278736906063615,-0.000933074224065064,0.00293939684081722,0.0919468827723137,-0.0283888789541657,0.0269266974036803,0.0999260089428051
-0.2,0.32,-0.198345664330555,0.320242698851099,0.00165433566944459,0.000242698851099073,0.00167204343230715,0.0135685375129825,0.0123054481796105,0.0793019940019516,0.0813900278377972
-0.2,0.335,-0.200042891700511,0.336480022759005,-4.2891700511194e-05,0.00148002275900521,0.00148064413859176,-0.0701764737231861,0.0615218251967432,0.147866340631607,0.174854656391649
-0.2,0.35,-0.202345166197719,0.35276175540021,-0.00234516619771918,0.00276175540020997,0.00362313364168555,-0.157939178041865,0.120162668592106,0.233308362785078,0.306295390849681
-0.18,0.05,-0.179002177879107,0.0517222493350239,0.000997822120892528,0.00172224933502393,0.00199042501916873,0.0044453326045782,0.0229893911170949,-0.0899291796042832,0.0929275649298451
-0.18,0.065,-0.181161075021317,0.0651105723901495,-0.00116107502131696,0.000110572390149513,0.00116632819505899,0.102323505901906,-0.0292215305524006,-0.0178278583975118,0.107897329358763
-0.18,0.08,-0.182730784008268,0.078661542848876,-0.00273078400826779,-0.00133845715112402,0.00304115912855709,0.19340249999238,-0.0717996394845415,0.0370895938168324,0.209607734117414
-0.18,0.095,-0.183747045108245,0.0923867081945146,-0.00374704510824508,-0.00261329180548538,0.0045683302314785,0.276509555241745,-0.105766512428898,0.0754362958589163,0.305507684291584
-0.18,0.11,-0.184254037037826,0.106295767605898,-0.00425403703782556,-0.00370423239410241,0.00564075958969263,0.350529555106254,-0.132181497476877,0.0981993918036418,0.387281046378817
-0.18,0.125,-0.184304303323681,0.120396208198015,-0.00430430332368134,-0.00460379180198547,0.00630253330481346,0.414438168458353,-0.152100156336997,0.106742916289098,0.454190030117727
-0.18,0.14,-0.183958408450061,0.134692990295028,-0.00395840845006086,-0.00530700970497206,0.00662067590704913,0.467335026494007,-0.166529860432041,0.102796452531875,0.506658666974789
-0.18,0.155,-0.183284308153054,0.149188302776536,-0.00328430815305356,-0.00581169722346404,0.00667551531055346,0.508475277760223,-0.17638488536498,0.0884286491477539,0.545417829083376
-0.18,0.17,-0.182356434391773,0.163881406915478,-0.00235643439177275,-0.00611859308452243,0.00655667327054621,0.537297773509954,-0.182443643502754,0.0660055708543382,0.571256526589855
-0.18,0.185,-0.181254513734569,0.178768582560801,-0.00125451373456869,-0.00623141743919871,0.00635644303142656,0.553448180255165,-0.18531078430009,0.0381348998921746,0.584895047394189
-0.18,0.2,-0.180062156474139,0.193843184305337,-6.21564741385416e-05,-0.00615681569466326,0.00615712943873435,0.55679550573623,-0.185386734126689,0.00759805782906602,0.586898814679977
-0.18,0.215,-0.178865270833653,0.209095807954929,0.00113472916634684,-0.00590419204507076,0.00601224533648079,0.547440871057253,-0.18284684211154,-0.0227267251766546,0.577619082778308
-0.18,0.23,-0.177750370198021,0.224514559978002,0.00224962980197872,-0.00548544002199811,0.00592881830391937,0.525717820238498,-0.177631665238817,-0.0499466111942634,0.557161866259452
-0.18,0.245,-0.176802849844248,0.240085415413405,0.00319715015575156,-0.00491458458659533,0.00586301209083033,0.492184002273055,-0.169449127965768,-0.0712373847899394,0.525390139084486
-0.18,0.26,-0.176105312030214,0.25579264384703,0.00389468796978594,-0.00420735615297037,0.0057332748215948,0.447604629745179,-0.157788411654838,-0.0839233755157863,0.481966378624612
-0.18,0.275,-0.175736014341287,0.271619279072486,0.00426398565871292,-0.00338072092751365,0.00544158503447646,0.392928654995303,-0.141944564603594,-0.0855500023510774,0.426451438969904
-0.18,0.29,-0.175767506375918,0.28754760638145,0.00423249362408151,-0.00245239361855043,0.00489164969495952,0.329259048659349,-0.12105206733874,-0.073945479289122,0.358515658537827
-0.18,0.305,-0.176265505245109,0.303559641990705,0.00373449475489085,-0.0014403580092951,0.00400263441613743,0.257818885199041,-0.0941250214324233,-0.0472690879497282,0.278504248839383
-0.18,0.32,-0.177288043063135,0.319637581853083,0.0027119569368648,-0.000362418146916746,0.00273606603367383,0.179915100029732,-0.0601013000109359,-0.00404445258276905,0.189731389002921
-0.18,0.335,-0.178884900966246,0.335764201391782,0.00111509903375379,0.000764201391781891,0.00135183195045834,0.09690178338969,-0.0178879211164744,0.0568226779532386,0.113748645376776
-0.18,0.35,-0.181097326623318,0.35192319281748,-0.00109732662331796,0.00192319281748041,0.00221422589892057,0.0101447353866545,0.0335949336229009,0.136041629324927,0.140495088957002
-0.16,0.05,-0.160160942912394,0.0509300549469885,-0.000160942912394491,0.000930054946988473,0.000943877547920149,0.142676621935026,-0.0527472430840249,0.040364949446171,0.157379270604351
-0.16,0.065,-0.162240384468299,0.0644550894074793,-0.00224038446829894,-0.00054491059252075,0.0023056994859774,0.237479767339631,-0.0959511084788618,0.106527093614692,0.277401202421843
-0.16,0.08,-0.163721347876487,0.0781331218466203,-0.00372134787648654,-0.00186687815337969,0.00416337171741813,0.32571337862147,-0.129720846291135,0.154028388804223,0.382938628769486
-0.16,0.095,-0.164639793165101,0.0919747643431259,-0.00463979316510107,-0.00302523565687413,0.00553892872264496,0.40621313000266,-0.155261581123877,0.18350076654831,0.472005356807436
-0.16,0.11,-0.165040325732579,0.105988800939716,-0.00504032573257862,-0.00401119906028417,0.00644163033646909,0.477870309157519,-0.173820094907032,0.195989682089353,0.544965734910646
-0.16,0.125,-0.16497613259402,0.120181838085354,-0.0049761325940198,-0.00481816191464572,0.00692651281880058,0.539665705738656,-0.186636287014877,0.19295889648203,0.602750913662263
-0.16,0.14,-0.164508639426557,0.134558005300879,-0.0045086394265574,-0.00544199469912143,0.00706704576071031,0.590703660921595,-0.194891142662816,0.176279133431295,0.646523116790739
-0.16,0.155,-0.163706871487606,0.149118726870907,-0.00370687148760629,-0.00588127312909262,0.00695199754348456,0.630244531855146,-0.199654004656287,0.148199428253547,0.677523660843241
-0.16,0.17,-0.162646518357986,0.163862582606834,-0.00264651835798552,-0.00613741739316599,0.00668370792876909,0.657733714457867,-0.201832318123423,0.111301061777221,0.696953254934006
-0.16,0.185,-0.161408721515828,0.178785271008989,-0.00140872151582845,-0.00621472899101089,0.00637238987671574,0.672825408217752,-0.202127137264236,0.0684351950934603,0.705860529447062
-0.16,0.2,-0.160078623261079,0.193879681768286,-7.86232610788251e-05,-0.00612031823171404,0.00612082321870465,0.675399512593904,-0.200997499917974,0.0226465790186207,0.705041584926832
-0.16,0.215,-0.158743733429403,0.209136077140947,0.00125626657059698,-0.005863922859053,0.00599698232391291,0.665570409281736,-0.198636277482495,-0.0229131465382073,0.694961347116213
-0.16,0.23,-0.157492184660559,0.224542373977972,0.00250781533944098,-0.00545762602202789,0.0060062317282179,0.64368688999864,-0.194959331458508,-0.0650781474048063,0.675708820740892
-0.16,0.245,-0.156410955938597,0.240084511026657,0.00358904406140298,-0.00491548897334292,0.00608631819097127,0.610323076104528,-0.189608824001546,-0.100762131506918,0.646995532159647
-0.16,0.26,-0.155584146688226,0.255746880360332,0.00441585331177359,-0.00425311963966772,0.00613096951064259,0.566260795830026,-0.181970450321759,-0.127048070646125,0.608201627257981
-0.16,0.275,-0.155091379478015,0.271512797988513,0.00490862052198535,-0.00348720201148654,0.00602122357148209,0.512464456962152,-0.171203304330816,-0.141269191161787,0.558470988269969
-0.16,0.29,-0.155006399012847,0.287364987299571,0.00499360098715301,-0.00263501270042855,0.00564617948265155,0.45004993000244,-0.156280179481907,-0.141077264866978,0.496862934579979
-0.16,0.305,-0.155395919774719,0.30328604988374,0.00460408022528092,-0.00171395011625994,0.00491275683520467,0.380249282572199,-0.136035437359054,-0.124495284554405,0.422605067013971
-0.16,0.32,-0.156318756371059,0.319258901346616,0.00368124362894109,-0.000741098653383634,0.00375510078022767,0.304373356565842,-0.109217206715675,-0.0899528400109777,0.335653651948927
-0.16,0.335,-0.157825251202368,0.335267154256315,0.00217474879763235,0.000267154256315405,0.00219109646740412,0.223774161936922,-0.0745406232435083,-0.0363037787063034,0.238640371147842
-0.16,0.35,-0.159956995574165,0.351295435837464,4.30044258352136e-05,0.00129543583746357,0.00129614944725767,0.139808879916965,-0.0307390546687864,0.0371730911739069,0.147896123132998
-0.14,0.05,-0.141192420292424,0.0503482126485502,-0.00119242029242428,0.0003482126485502,0.00124222308881921,0.241586305603428,-0.106332239759664,0.161138184448195,0.309251087195375
-0.14,0.065,-0.143200074462493,0.0640164148634739,-0.0032000744624931,-0.000983585136526077,0.00334782261870242,0.331327586574121,-0.140369222806437,0.221541984962001,0.422567330520899
-0.14,0.08,-0.144600950658349,0.0778274319766677,-0.00460095065834856,-0.00217256802333229,0.00508810365230152,0.414835097445911,-0.16519263115112,0.261855337595984,0.517635782954999
-0.14,0.095,-0.145431210162715,0.0917908480083168,-0.00543121016271453,-0.00320915199168317,0.00630846259696431,0.490981175585791,-0.1821958467776,0.282727326032592,0.59514348427583
-0.14,0.11,-0.145735846652806,0.105914443848308,-0.00573584665280583,-0.00408555615169211,0.00704213787802632,0.558691403395282,-0.19281804669467,0.285260025243258,0.656271951346553
-0.14,0.125,-0.145568631490513,0.120203864965782,-0.00556863149051312,-0.00479613503421766,0.00734932431884622,0.616978399546287,-0.198488333846535,0.271015338795593,0.702506555604463
-0.14,0.14,-0.144991771591504,0.134662340507971,-0.0049917715915042,-0.00533765949202912,0.00730810457468945,0.664975859631388,-0.200565669065428,0.24200373288149,0.735522071478985
-0.14,0.155,-0.144075261785604,0.149290474167245,-0.00407526178560444,-0.00570952583275501,0.00701473049062505,0.701971053453716,-0.200277886121899,0.200653416781153,0.75706322321526
-0.14,0.17,-0.142895931060113,0.164086124299525,-0.00289593106011255,-0.00591387570047527,0.00658485706037698,0.727433864220439,-0.198663535732306,0.149759761626072,0.768806920975434
-0.14,0.185,-0.141536201959105,0.179044385914182,-0.00153620195910458,-0.00595561408581777,0.00615054921111503,0.74104048840432,-0.196520459005769,0.0924161840432843,0.772211806293184
-0.14,0.2,-0.140082602743066,0.194157680655157,-8.26027430663179e-05,-0.00584231934484318,0.00584290326295849,0.742690132205672,-0.19436477620725,0.0319291852199807,0.768371407451706
-0.14,0.215,-0.138624090693501,0.2094159533827,0.00137590930649874,-0.00558404661729978,0.00575106103635555,0.732513423839102,-0.192403378143995,-0.0282784124409683,0.757893805234028
-0.14,0.23,-0.137250259916766,0.224806966244854,0.00274974008323412,-0.0051930337551465,0.00587611011702771,0.71087179566436,-0.190522067268188,-0.0847709416559201,0.740831375407476
-0.14,0.245,-0.136049516397397,0.240316674002939,0.00395048360260347,-0.00468332599706056,0.00612697830004173,0.678347707768758,-0.188290304565993,-0.134204364106197,0.716677305033491
-0.14,0.26,-0.135107305688806,0.255929658820087,0.00489269431119406,-0.00407034117991291,0.00636444301912473,0.635726238745383,-0.18498221604646,-0.173425926631351,0.684432899135509
-0.14,0.275,-0.134504474228772,0.271629599136145,0.0054955257712285,-0.00337040086385505,0.0064467360334755,0.583969164163291,-0.179612246467054,-0.199563605996725,0.642736733640079
-0.14,0.29,-0.134315834367059,0.287399746176475,0.005684165632941,-0.00260025382352541,0.00625068467365504,0.524183132708709,-0.170982771273892,-0.210100856583125,0.590041109955789
-0.14,0.305,-0.134608987077277,0.303223382905111,0.00539101292272343,-0.00177661709488874,0.00567621252551575,0.45758387431456,-0.157740203272396,-0.202933429361957,0.52483223653216
-0.14,0.32,-0.135443437296282,0.319084243551721,0.00455656270371821,-0.000915756448278598,0.00464767399302916,0.385458510335831,-0.13843572766616,-0.176406486148141,0.445940541010458
-0.14,0.335,-0.136870016440586,0.334966876716296,0.0031299835594138,-3.31232837035567e-05,0.00313015881931316,0.309127990894698,-0.11158678179303,-0.129331710009546,0.353183820156972
-0.14,0.35,-0.138930607470617,0.350856940684129,0.00106939252938271,0.000856940684128879,0.00137038232548979,0.229911471002253,-0.0757357223885654,-0.0609854591362588,0.249628742219356
-0.12,0.05,-0.122091340356957,0.0499548998607176,-0.00209134035695666,-4.51001392823697e-05,0.00209182659682845,0.300942751410297,-0.140948831342192,0.269847237481966,0.428078844030238
-0.12,0.065,-0.124035117197861,0.0637721229297598,-0.00403511719786054,-0.00122787707024018,0.00421780190384654,0.383541879157264,-0.16596994295211,0.324765210864608,0.529268201533587
-0.12,0.08,-0.125364879327137,0.0777214734615217,-0.00536487932713731,-0.00227852653847828,0.00582868882179303,0.460350478826283,-0.182013454933174,0.358248414518993,0.611062130151161
-0.12,0.095,-0.126116972462753,0.0918114201489671,-0.00611697246275253,-0.00318857985103291,0.00689814421250279,0.530308785769319,-0.190659645869347,0.370962160984029,0.674682661340026
-0.12,0.11,-0.12633673976835,0.106048658185921,-0.0063367397683502,-0.00395134181407945,0.00746775555461503,0.592407729712691,-0.193538702084529,0.364063066433783,0.721770706636385
-0.12,0.125,-0.126078475070508,0.120437797253381,-0.00607847507050771,-0.00456220274661924,0.007600102175895,0.645721629958016,-0.192267399398321,0.339207970795229,0.754316539713712
-0.12,0.14,-0.125405081345244,0.134981102005806,-0.00540508134524396,-0.00501889799419376,0.00737592308967674,0.689441170546135,-0.188380848556463,0.298542775947105,0.774566587108088
-0.12,0.155,-0.124387415313256,0.149678304852206,-0.0043874153132559,-0.00532169514779446,0.00689709013838818,0.722904871317566,-0.183263094754249,0.244669469533219,0.784888271090157
-0.12,0.17,-0.123103317080131,0.164526507741868,-0.00310331708013071,-0.0054734922581316,0.0062920342020413,0.745627144311202,-0.178080922834288,0.180591027358474,0.787588432957759
-0.12,0.185,-0.121636344280769,0.179520184700625,-0.00163634428076885,-0.00547981529937532,0.00571891583435818,0.757321056667608,-0.173725410904057,0.109635526312075,0.784694382725427
-0.12,0.2,-0.120074251375576,0.194651290257144,-7.42513755763174e-05,-0.00534870974285594,0.00534922510089985,0.757914143469438,-0.170765527127219,0.0353624973910517,0.777723927423964
-0.12,0.215,-0.118507274196626,0.209909471389868,0.00149272580337397,-0.00509052861013165,0.00530487623367665,0.74755600798696,-0.169417355246107,-0.0385439009446045,0.767487241063131
-0.12,0.23,-0.117026295441709,0.225282372922174,0.00297370455829141,-0.0047176270778258,0.00557664092850153,0.726616989826735,-0.169531415947902,-0.108389093472393,0.753969196799143
-0.12,0.245,-0.115720976608436,0.240756019375805,0.00427902339156372,-0.00424398062419501,0.00602672487542713,0.695677820786048,-0.170599138534559,-0.170583187601691,0.736327225004188
-0.12,0.26,-0.114677944542548,0.256315250881801,0.00532205545745247,-0.00368474911819912,0.00647314841141996,0.655510839652716,-0.171777992966728,-0.221750365199725,0.713009063726861
-0.12,0.275,-0.113979116204886,0.271944187573167,0.00602088379511409,-0.00305581242683338,0.00675196499267115,0.607053946958576,-0.171933308449448,-0.258826496544286,0.681962024522735
-0.12,0.29,-0.113700233869488,0.287626696058593,0.00629976613051209,-0.00237330394140688,0.00673198521221227,0.551378954386548,-0.169693552996138,-0.279139978184158,0.640888495162582
-0.12,0.305,-0.113909666193671,0.30334683325358,0.00609033380632895,-0.00165316674641998,0.00631071518640971,0.489656296004518,-0.163514972320233,-0.280472273077719,0.587510131583627
-0.12,0.32,-0.114667510800301,0.319089246453887,0.00533248919969856,-0.000910753546112947,0.00540970545285592,0.42311818112092,-0.151751058957579,-0.2610963167282,0.519837012345117
-0.12,0.335,-0.116025012858155,0.334839513643337,0.00397498714184524,-0.000160486356663117,0.00397822556531301,0.35302219424808,-0.132722353747358,-0.219792644839199,0.436519897873424
-0.12,0.35,-0.118024294319584,0.350584413880654,0.00197570568041572,0.000584413880654042,0.00206032825528556,0.280617109692503,-0.104782518026174,-0.155844621673957,0.337658428617557
-0.1,0.05,-0.102853264709129,0.0497265338582499,-0.0028532647091285,-0.00027346614175007,0.00286633969219313,0.321953260948568,-0.160219437155788,0.364019090552648,0.511698943608033
-0.1,0.065,-0.104741298419841,0.0636979370848789,-0.00474129841984133,-0.00130206291512112,0.00491683623287614,0.395322111512902,-0.17672374370243,0.41381779235562,0.598965179229227
-0.1,0.08,-0.106009209013214,0.0777903101987773,-0.00600920901321381,-0.00220968980122271,0.00640260275060992,0.463449228531571,-0.184494849755777,0.440962923815474,0.665790376273871
-0.1,0.095,-0.106693511309101,0.0920109263080237,-0.00669351130910062,-0.00298907369197635,0.00733059719130188,0.525375619960304,-0.185291422623557,0.446136064030599,0.713720132758944
-0.1,0.11,-0.106839858754549,0.106365319482709,-0.00683985875454887,-0.00363468051729067,0.00774561619530372,0.580190392680873,-0.180925751825166,0.43054598418948,0.744803783226619
-0.1,0.125,-0.106503003211583,0.120856995874995,-0.00650300321158345,-0.00414300412500528,0.00771061177531818,0.627061242148251,-0.173193148051647,0.395939537142801,0.761563079305738
-0.1,0.14,-0.105746453706705,0.135487198423437,-0.00574645370670511,-0.0045128015765627,0.00730664822423604,0.665265174508764,-0.163795681424454,0.344590552100542,0.766914732922532
-0.1,0.155,-0.104641814068212,0.150254744112847,-0.00464181406821193,-0.00474525588715283,0.00663806382000119,0.694217754914566,-0.154264561841002,0.279264729914695,0.764024401003165
-0.1,0.17,-0.103267797962912,0.165155949555462,-0.00326779796291164,-0.00484405044453842,0.00584322926434025,0.71349904846805,-0.145886121299583,0.203160134875583,0.756072739969512
-0.1,0.185,-0.101708941028389,0.180184655598448,-0.00170894102838913,-0.0048153444015521,0.00510960087913634,0.722874462308994,-0.139636587536433,0.119824725991148,0.745930083003895
-0.1,0.2,-0.100054051603191,0.195332354978995,-5.4051603190497e-05,-0.00466764502100471,0.00466795797088165,0.722308912602573,-0.136130551677025,0.0330542980321041,0.735772871533183
-0.1,0.215,-0.0983944617068098,0.210588419594566,0.00160553829319023,-0.00441158040543432,0.00469465599213747,0.71197313370282,-0.135587207283698,-0.0532240428183378,0.726725197674445
-0.1,0.23,-0.0968221560039983,0.225940416364692,0.00317784399600172,-0.00405958363530778,0.00515547396026621,0.692241484286083,-0.137817135163706,-0.135076375695128,0.718640545086255
-0.1,0.245,-0.0954278666034634,0.241374493953256,0.00457213339653656,-0.00362550604674428,0.0058351262103492,0.66368122464976,-0.142230763316971,-0.208687160789033,0.710112064256765
-0.1,0.26,-0.0942992243344188,0.256875817526851,0.00570077566558121,-0.00312418247314888,0.00650071990742668,0.627033881283369,-0.147867844776065,-0.270477780070534,0.698713580436121
-0.1,0.275,-0.0935190523262847,0.272429025866564,0.00648094767371529,-0.00257097413343625,0.00697227299696691,0.583189889508257,-0.153445587942904,-0.317211698406837,0.6813844210247
-0.1,0.29,-0.0931638759280884,0.288018684767392,0.00683612407191164,-0.00198131523260815,0.0071174575782041,0.533158157431632,-0.157421655211664,-0.346080770385499,0.654840259761232
-0.1,0.305,-0.0933027057010273,0.303629712595293,0.0066972942989727,-0.001370287404707,0.00683603967941606,0.478032471950201,-0.158067274526434,-0.354768918910352,0.615926088623332
-0.1,0.32,-0.0939961296217961,0.319247757888462,0.00600387037820391,-0.000752242111538154,0.00605081215314487,0.418956751355625,-0.153545268351541,-0.341491327265198,0.561889460533984
-0.1,0.335,-0.0952957289210819,0.334859514164825,0.00470427107891813,-0.000140485835175161,0.00470636830834885,0.357091049329316,-0.141987898184105,-0.305009190656497,0.490618648147402
-0.1,0.35,-0.097243811570653,0.350452963003281,0.002756188429347,0.000452963003280821,0.00279316131657436,0.293579961304374,-0.121569977068097,-0.244621753076395,0.40100986461722
-0.08,0.05,-0.0834746701612857,0.0496379294974645,-0.00347467016128566,-0.000362070502535533,0.00349348361646871,0.307400097627589,-0.167990511086302,0.441383809807105,0.56350497685729
-0.08,0.065,-0.0853153005788882,0.0637678946933651,-0.00531530057888824,-0.00123210530663495,0.00545623530747783,0.369544098789873,-0.176842656307307,0.486524340331371,0.636039506771309
-0.08,0.08,-0.0865308840486651,0.0780072409608976,-0.00653088404866509,-0.0019927590391024,0.00682814286940691,0.427095359683976,-0.17720703042457,0.507958578608149,0.686906359665061
-0.08,0.095,-0.0871580903545809,0.0923619741869377,-0.00715809035458093,-0.00263802581306227,0.00762872451427677,0.479228383479416,-0.171004339074643,0.506385481305197,0.717868598426039
-0.08,0.11,-0.0872428435325558,0.106836400567227,-0.00724284353255583,-0.00316359943277339,0.00790361586921644,0.525163217819743,-0.160211784673511,0.483063312388652,0.731315011437725
-0.08,0.125,-0.0868402866809036,0.121432863572047,-0.00684028668090356,-0.0035671364279532,0.0077145307162897,0.564192579963499,-0.146785679361112,0.439822224473434,0.730280844597
-0.08,0.14,-0.0860144405028933,0.13615153546308,-0.00601444050289325,-0.00384846453692023,0.00714032029076956,0.59570908092897,-0.132577741741785,0.379053078175104,0.718424780412866
-0.08,0.155,-0.0848375347667315,0.150990281360649,-0.00483753476673149,-0.00400971863935096,0.00628327829927136,0.61923098805254,-0.119249870593825,0.303670251630596,0.69992089697823
-0.08,0.17,-0.0833890108921563,0.165944610529708,-0.0033890108921563,-0.00405538947029241,0.00528503345144688,0.634424861198319,-0.108192936703671,0.217047949444767,0.679202348778085
-0.08,0.185,-0.0817542155421078,0.181007724318863,-0.00175421554210777,-0.00399227568113661,0.0043606808278487,0.641123442755872,-0.100455396071598,0.122931578401326,0.660490393136878
-0.08,0.2,-0.0800228274953566,0.196170663613213,-2.28274953566476e-05,-0.00382933638678667,0.00382940442597967,0.639337393114622,-0.0966871989558049,0.0253278861084442,0.647106382029269
-0.08,0.215,-0.0782870807230634,0.211422551183738,0.00171291927693664,-0.00357744881626215,0.00396638783810618,0.629259838389077,-0.0971035271367507,-0.0716204843681773,0.640726783577689
-0.08,0.23,-0.0766398631352755,0.226750916991742,0.00336013686472445,-0.00324908300825774,0.0046740838828833,0.611263199439856,-0.101471403958773,-0.163768870403232,0.64090847302901
-0.08,0.245,-0.0751727808225622,0.242142088034526,0.00482721917743784,-0.00285791196547383,0.00560978660818949,0.58588835062577,-0.109120352024218,-0.247104893699518,0.645164813908451
-0.08,0.26,-0.0739742804285071,0.257581619627293,0.00602571957149291,-0.00241838037270711,0.00649290843777792,0.553826743398325,-0.118976250966325,-0.317875137760475,0.649560260697071
-0.08,0.275,-0.073127917386198,0.273054742498738,0.00687208261380204,-0.00194525750126209,0.0071420967647559,0.515896651536424,-0.129615630273393,-0.372696879798775,0.649505233567752
-0.08,0.29,-0.072710845485087,0.288546800140428,0.00728915451491302,-0.00145319985957179,0.00743260138673778,0.473015091746326,-0.139336059390395,-0.408648990694295,0.640434292084169
-0.08,0.305,-0.0727925855513236,0.304043653164962,0.0072074144486764,-0.000956346835038341,0.00727058610456386,0.426167205484345,-0.146237246698245,-0.423338026329004,0.618241548620922
-0.08,0.32,-0.0734341097565446,0.319532031624874,0.00656589024345536,-0.000467968375125721,0.00658254579089428,0.376374936858587,-0.148307019954547,-0.414937673447073,0.579507723008207
-0.08,0.335,-0.0746872558988851,0.334999821868545,0.00531274410111493,-1.78131455086383e-07,0.00531274410410122,0.324666722140761,-0.143506525993632,-0.382201807428033,0.521615475493815
-0.08,0.35,-0.0765944650483601,0.350436280295204,0.00340553495163987,0.000436280295203817,0.00343336697759268,0.272049652452245,-0.129849665677429,-0.324453241693301,0.442880155032888
-0.06,0.05,-0.0639530185411055,0.0496624902529403,-0.0039530185411055,-0.000337509747059678,0.00396740071276952,0.261682133715456,-0.168069174761417,0.500017103575213,0.588850526477681
-0.06,0.065,-0.0657547717027087,0.0639545472888364,-0.00575477170270874,-0.00104545271116363,0.00584896304669269,0.310810453289776,-0.170491415996226,0.541053675673031,0.646849275229789
-0.06,0.08,-0.0669277847485625,0.0783440086897736,-0.00692778474856248,-0.00165599131022645,0.00712295646076546,0.356086451732452,-0.164664656842495,0.557535725763211,0.681735710551623
-0.06,0.095,-0.0675088690805735,0.0928355515500128,-0.00750886908057347,-0.0021644484499872,0.00781459864368249,0.396848600433009,-0.152647302633269,0.550181720455908,0.695338673108973
-0.06,0.11,-0.0675441790184522,0.10743219759945,-0.00754417901845225,-0.0025678024005498,0.00796920612299145,0.432478403748125,-0.136555830153519,0.520296430571891,0.690216778505842
-0.06,0.125,-0.0670891799084319,0.122135078432394,-0.00708917990843191,-0.00286492156760643,0.00764619169015865,0.462423036065823,-0.118481464474037,0.469784756787409,0.66975797668261
-0.06,0.14,-0.0662083058853544,0.136943256168877,-0.00620830588535441,-0.00305674383112334,0.00692002491435087,0.486217853263001,-0.100400013124824,0.401140257822801,0.63828338788159
-0.06,0.155,-0.0649742859608157,0.151853616383592,-0.0049742859608157,-0.00314638361640793,0.00588585173798732,0.50350744415538,-0.084080092575771,0.31740593212519,0.601114837954675
-0.06,0.17,-0.0634671364071897,0.166860846658542,-0.00346713640718969,-0.00313915334145781,0.00467710578961455,0.514063809102766,-0.070995806548979,0.222106711684802,0.564478496518018
-0.06,0.185,-0.0617728395211295,0.181957508881904,-0.00177283952112946,-0.00304249111809562,0.00352132250317538,0.517800310875869,-0.0622502195032142,0.119155355863868,0.534969466197656
-0.06,0.2,-0.059981751662774,0.197134206764518,1.82483372259679e-05,-0.00286579323548158,0.00286585133430601,0.514780243348155,-0.0585155963860459,0.0127357573427936,0.518253610409439
-0.06,0.215,-0.0581868045152177,0.212379842839642,0.00181319548478228,-0.00262015716035824,0.0031863617828193,0.505219200480177,-0.0599953231401402,-0.0928302146417649,0.517170324018341
-0.06,0.23,-0.0564815803979828,0.227681952025129,0.00351841960201719,-0.00231804797487151,0.00421338615719764,0.489480872683085,-0.0664107644549548,-0.193224587530716,0.530414615968986
-0.06,0.245,-0.054958352970119,0.243027092791738,0.00504164702988097,-0.00197290720826179,0.00541392349653363,0.468066401563412,-0.0770142400851125,-0.284275238192489,0.553020917155998
-0.06,0.26,-0.0537061875726614,0.25840127263269,0.00629381242733863,-0.00159872736731032,0.006493689557217,0.441597921581955,-0.0906270687299856,-0.362089267837287,0.578215760151178
-0.06,0.275,-0.0528091903080814,0.273790382514354,0.00719080969191863,-0.00120961748564627,0.00729183917039947,0.410797355948095,-0.10569952974314,-0.423169988385913,0.599168564740334
-0.06,0.29,-0.0523449824813067,0.289180615410736,0.0076550175186933,-0.000819384589264366,0.00769874563267453,0.376461849050443,-0.1203878919193,-0.464511304916462,0.609910676550974
-0.06,0.305,-0.0523834589326844,0.304558846714488,0.00761654106731557,-0.000441153285511864,0.00762930626278842,0.339437395922893,-0.132642551166291,-0.483665385070396,0.605596739736239
-0.06,0.32,-0.0529858669875964,0.319912958843835,0.00701413301240364,-8.7041156165063e-05,0.00701467305571379,0.300592233718256,-0.140300893233886,-0.478781835646392,0.58247317511516
-0.06,0.335,-0.0542042203395202,0.335232097955107,0.00579577966047978,0.000232097955107036,0.00580042509938677,0.260791441161765,-0.141178740196826,-0.448618862678769,0.53777748147155
-0.06,0.35,-0.0560810406435198,0.350506856726493,0.00391895935648023,0.000506856726492755,0.00395160045790752,0.220873938612387,-0.133155036689542,-0.392528835000537,0.469676146026434
-0.04,0.05,-0.0442868098334758,0.0497724298186738,-0.00428680983347585,-0.000227570181326159,0.00429284599488661,0.190740651546061,-0.163933146985627,0.538480305104535,0.59432337908692
-0.04,0.065,-0.0460583774271955,0.0642291937327838,-0.00605837742719553,-0.000770806267216234,0.00610721535169116,0.225375528056547,-0.161468348534806,0.576056702520021,0.639305655483299
-0.04,0.08,-0.0471987773461213,0.0787710448540076,-0.00719877734612134,-0.00122895514599236,0.00730292585405952,0.256977871531052,-0.150978741164247,0.588468427443592,0.659645437467269
-0.04,0.095,-0.0477449495760989,0.0934012812977026,-0.00774494957609895,-0.00159871870229736,0.00790823276246916,0.285076135846871,-0.134628632082856,0.576456363196449,0.657038766960211
-0.04,0.11,-0.0477432376382932,0.108121595157785,-0.00774323763829318,-0.00187840484221521,0.00796781863964898,0.309239244084935,-0.114640265145224,0.541368335034061,0.633920400335378
-0.04,0.125,-0.0472493581231707,0.122931868136235,-0.00724935812317073,-0.00206813186376512,0.00753859155306229,0.329093736286383,-0.0932057557287119,0.485173579799633,0.593621558636103
-0.04,0.14,-0.0463280570518745,0.137830023321394,-0.00632805705187454,-0.00216997667860611,0.00668977614255317,0.344340495958319,-0.0723918445102524,0.410450694992837,0.540631943125157
-0.04,0.155,-0.0450524313921543,0.1528119486636,-0.00505243139215433,-0.00218805133639979,0.00550587246702532,0.354770010375337,-0.0540430689066892,0.320346482082914,0.481046402600984
-0.04,0.17,-0.0435029135977493,0.167871504052991,-0.00350291359774927,-0.00212849594700873,0.00409888993139964,0.360275090032883,-0.0396898307580921,0.218505128525445,0.423224206288909
-0.04,0.185,-0.0417659394453118,0.18300061861872,-0.0017659394453118,-0.00199938138128036,0.00266759592748203,0.360860037769872,-0.0304681304921703,0.108969551409109,0.378184024293022
-0.04,0.2,-0.0399323425336866,0.198189478354787,6.76574663133755e-05,-0.0018105216452132,0.00181178535167206,0.356645444509773,-0.027057317943992,-0.003940814400958,0.357692629366452
-0.04,0.215,-0.0380955401445602,0.213426797075952,0.00190445985543982,-0.00157320292404764,0.002470209461,0.347868067898837,-0.0296410520997856,-0.115769254661976,0.367823013976379
-0.04,0.23,-0.0363495922682417,0.228700156951032,0.00365040773175832,-0.00129984304896755,0.00387492820062904,0.334875615631082,-0.0378948581887876,-0.222069816235201,0.403600514209904
-0.04,0.245,-0.0347872261847657,0.243996399136793,0.00521277381523427,-0.00100360086320692,0.00530850501944019,0.318116645244899,-0.0510014259235777,-0.318555010767693,0.453075832505136
-0.04,0.26,-0.0334979219689969,0.259302041174015,0.00650207803100307,-0.000697958825985473,0.0065394315688769,0.298126176924642,-0.0676923938882801,-0.401234064261034,0.504432250589647
-0.04,0.275,-0.0325661489208883,0.274603696306973,0.00743385107911174,-0.000396303693027344,0.00744440719490262,0.275507936165873,-0.0863131271024668,-0.466533543138524,0.548644170399338
-0.04,0.29,-0.0320698303163342,0.289888470679942,0.00793016968366578,-0.000111529320057924,0.00793095391494392,0.250914362517291,-0.104905204044401,-0.511393925508674,0.579214747165467
-0.04,0.305,-0.0320790954810103,0.305144317391628,0.00792090451898975,0.000144317391628096,0.00792221912777465,0.225025629569512,-0.121300189137269,-0.533337942784559,0.59144123730131
-0.04,0.32,-0.0326553559855198,0.320360331251634,0.00734464401448018,0.0003603312516339,0.00735347770176422,0.198528887845996,-0.133217869511078,-0.530509008582428,0.581896415754203
-0.04,0.335,-0.0338507202019754,0.335526973628423,0.0061492797980246,0.000526973628423022,0.00617181847103808,0.172098824884118,-0.138362450148449,-0.501680418570135,0.548131103808914
-0.04,0.35,-0.0357077385267326,0.350636222928527,0.00429226147326739,0.000636222928527469,0.00433915754146811,0.146380414976472,-0.134511106561862,-0.446238040520131,0.488518472777242
-0.02,0.05,-0.0244756166563434,0.0499390204222224,-0.00447561665634344,-6.09795777776201e-05,0.00447603205567663,0.101859146500345,-0.158443355523195,0.555943172272927,0.586988421574143
-0.02,0.065,-0.0262258341491896,0.0645621421058793,-0.00622583414918962,-0.000437857894120708,0.00624121225313316,0.120933070209236,-0.152888754424986,0.590786786426516,0.622119448496472
-0.02,0.08,-0.0273437450274887,0.0792577444979359,-0.00734374502748872,-0.00074225550206411,0.00738116076637745,0.13785851036433,-0.139510888580874,0.600119789804318,0.631360477477126
-0.02,0.095,-0.0278664046423316,0.0940277090290036,-0.00786640464233157,-0.000972290970996437,0.00792626467695704,0.152373391245337,-0.120541960604528,0.584708723675839,0.6161460579257
-0.02,0.11,-0.0278403036546442,0.108872365490424,-0.00784030365464422,-0.00112763450957645,0.00792097979950809,0.164253301045064,-0.0982699806126342,0.54594031718773,0.578523819259103
-0.02,0.125,-0.0273213370732807,0.123790319817331,-0.00732133707328073,-0.00120968018266904,0.00742059988713426,0.17332236722807,-0.0749474554880013,0.485835890473876,0.521244808519225
-0.02,0.14,-0.0263744585612512,0.138778338593443,-0.00637445856125117,-0.00122166140655661,0.00649046828367401,0.17946336693864,-0.0526927913599159,0.407038393325017,0.447956366321949
-0.02,0.155,-0.0250729981988333,0.153831304352562,-0.00507299819883333,-0.00116869564743788,0.00520587747086949,0.182626379328277,-0.0333902702698471,0.312769442535254,0.363720322533204
-0.02,0.17,-0.0234976416307063,0.168942252021023,-0.00349764163070627,-0.00105774797897709,0.00365408371057365,0.182835302330999,-0.0185953659396124,0.206755839090474,0.276627296300331
-0.02,0.185,-0.021735091019756,0.184102491540521,-0.00173509101975599,-0.000897508459479168,0.00195347441285381,0.180191639677633,-0.00945244550659981,0.0931275186462055,0.203054558230471
-0.02,0.2,-0.0198764514937414,0.199301815301525,0.000123548506258619,-0.00069818469847488,0.000709031809288691,0.174875120261178,-0.00663143638842977,-0.023708550557822,0.176599557455508
-0.02,0.215,-0.0180154082769963,0.214528782204852,0.00198459172300365,-0.000471217795147666,0.00203976727042044,0.167140927494101,-0.0102887956602363,-0.139211701758177,0.217765708853356
-0.02,0.23,-0.0162462768269582,0.229771063725128,0.00375372317304182,-0.000228936274871722,0.00376069800406564,0.157313568082569,-0.0200562071255489,-0.248859571014537,0.295095050329529
-0.02,0.245,-0.014662018986496,0.245015832148006,0.00533798101350402,1.58321480056567e-05,0.00533800449207753,0.145777674286187,-0.0350580684431686,-0.348299298285011,0.379200638893651
-0.02,0.26,-0.0133523210576473,0.260250167769188,0.0066476789423527,0.000250167769187959,0.00665238447726377,0.132966267647504,-0.053956322548711,-0.433488529226072,0.456623172460767
-0.02,0.275,-0.0124018242967436,0.27546146079335,0.00759817570325635,0.000461460793349938,0.00761217577840622,0.119347204225052,-0.0750188667986249,-0.500817849469711,0.520280658802787
-0.02,0.29,-0.0118885855770159,0.290637784928883,0.00811141442298413,0.000637784928882668,0.00813644968993878,0.105408622560508,-0.0962059369635353,-0.547208125692745,0.565513827490434
-0.02,0.305,-0.01188282731098,0.30576822311974,0.00811717268901996,0.000768223119739786,0.00815344462329108,0.0916442512708692,-0.1152677209576,-0.570178600297584,0.588890486767889
-0.02,0.32,-0.0124460135501842,0.320843130660157,0.00755398644981578,0.000843130660156871,0.0076008934076263,0.0785393744198294,-0.129846095381476,-0.567884163670974,0.587812806736404
-0.02,0.335,-0.0136302662152266,0.335854326891542,0.0063697337847734,0.000854326891541662,0.0064267708008373,0.0665581332861683,-0.137573759297388,-0.539122679315899,0.560367995814859
-0.02,0.35,-0.0154781135516036,0.350795212483337,0.00452188644839641,0.000795212483336527,0.00459127650505231,0.0561326770965851,-0.136165026737561,-0.483315309166208,0.505259472330042
0,0.05,-0.00452009864762537,0.0501328629646148,-0.00452009864762537,0.000132862964614816,0.00452205090104379,0.00334235161983363,-0.15359274096347,0.552274614550571,0.573246798904651
0,0.065,-0.00625792183847634,0.0649229950566197,-0.00625792183847634,-7.70049433803377e-05,0.00625839560093353,0.00627183292017255,-0.146908342328059,0.585187619569616,0.603381563924998
0,0.08,-0.0073635986664006,0.0797727663273424,-0.0073635986664006,-0.000227233672657562,0.00736710393993502,0.00798330702220704,-0.13257154427565,0.592524713344019,0.607229721584528
0,0.095,-0.00787428588099165,0.0946826171377828,-0.00787428588099165,-0.000317382862217164,0.00788067954029433,0.00843547182412232,-0.112840144075617,0.575081079341142,0.586110312786402
0,0.11,-0.00783657805077528,0.109651495595722,-0.00783657805077528,-0.000348504404278166,0.00784432348043439,0.0076213940657006,-0.090023529269956,0.534277220334709,0.541864058664734
0,0.125,-0.00730647417137859,0.124676718871254,-0.00730647417137859,-0.000323281128746106,0.00731362259794869,0.0055726217187144,-0.0663898407012087,0.47217252950378,0.476850998940978
0,0.14,-0.00634902924650972,0.139753891571674,-0.00634902924650972,-0.000246108428325925,0.00635379742606961,0.00236218063314107,-0.0440660021470016,0.391451088698725,0.393931413557226
0,0.155,-0.00503766918652565,0.154876893719607,-0.00503766918652565,-0.000123106280392971,0.00503917314538231,-0.00189384645436766,-0.0249366163367279,0.295377095546108,0.296434218800213
0,0.17,-0.00345316706457422,0.170037946981931,-0.00345316706457422,3.79469819305756e-05,0.00345337555868136,-0.00703639952719191,-0.0105486219663197,0.187719488023741,0.188147342092248
0,0.185,-0.00168230132729898,0.185227762546418,-0.00168230132729898,0.000227762546417903,0.00169764941415555,-0.0128653202987909,-0.00202885974929519,0.072647851381645,0.0738061230772105
0,0.2,0.00018376017165983,0.200435767784249,0.00018376017165983,0.000435767784249308,0.000472928496157719,-0.0191430516116006,-2.11815619834143e-05,-0.0453957193727463,0.049266909379843
0,0.215,0.00205128498807246,0.215650402321327,0.00205128498807246,0.000650402321327459,0.00215192780591719,-0.0256000423554372,-0.00464843719676384,-0.161841801133813,0.163919971506989
0,0.23,0.00382592727774365,0.230859468133213,0.00382592727774365,0.000859468133212832,0.00392127594114355,-0.0319416132782223,-0.0155026985370627,-0.27214714411375,0.274453661657429
0,0.245,0.00541471226127688,0.246050513562163,0.00541471226127688,0.00105051356216349,0.00551567653300224,-0.0378559268286186,-0.0316646623285286,-0.371946887286177,0.375207558697739
0,0.26,0.0067279580263664,0.261211228299988,0.0067279580263664,0.00121122829998824,0.00683611682164959,-0.0430226225329845,-0.0517506238018353,-0.457196010949376,0.462123818114003
0,0.275,0.00768104418056406,0.276329825859163,0.00768104418056406,0.00132982585916261,0.00779531118811011,-0.0471216415369171,-0.073983072845943,-0.524291632439392,0.531580367385497
0,0.29,0.00819594965195253,0.291395391708179,0.00819594965195253,0.00139539170817871,0.00831388649890018,-0.0498417739032062,-0.096279133473727,-0.570169662054479,0.580387971832363
0,0.305,0.00820250072317719,0.306398179002741,0.00820250072317719,0.00139817900274064,0.00832081261881477,-0.0508885023408113,-0.116349950515493,-0.592371754682441,0.605833860133326
0,0.32,0.00763929246490178,0.321329838834188,0.00763929246490178,0.00132983883418786,0.00775417698335672,-0.049990808636505,-0.13180380803455,-0.589081109297782,0.605715523249712
0,0.335,0.00645426984241665,0.336183577881758,0.00645426984241665,0.00118357788175841,0.00656189422353917,-0.0469066980734627,-0.140246196370134,-0.559128141131656,0.578356596198399
0,0.35,0.00460497649799946,0.35095424200945,0.00460497649799946,0.000954242009450518,0.00470280622179221,-0.0414273089901968,-0.139371077353142,-0.501969103327838,0.522604432936665
0.02,0.05,0.0155780039535095,0.0503241731914915,-0.00442199604649055,0.000324173191491473,0.00443386257040741,-0.0959033182268829,-0.150323459478866,0.528088702276068,0.557382020242601
0.02,0.065,0.0138435241624556,0.0652809523854746,-0.00615647583754445,0.00028095238547457,0.0061628831711442,-0.109176662500312,-0.144522863306605,0.559935892093375,0.588504587745863
0.02,0.08,0.0127397334275183,0.0802843511615145,-0.00726026657248172,0.000284351161514457,0.00726583280061894,-0.122711238168699,-0.131202411516334,0.5664276561286,0.594235286413974
0.02,0.095,0.0122293888592766,0.0953333582885071,-0.00777061114072336,0.000333358288507057,0.00777775836914791,-0.136325464094116,-0.112601314027923,0.548389890696678,0.576192639893706
0.02,0.11,0.0122658365558693,0.11042553461094,-0.00773416344413067,0.000425534610939998,0.00774586108096672,-0.149807431518482,-0.0910042000391178,0.507270487121423,0.53670241689449
0.02,0.125,0.0127930493518403,0.125556908810568,-0.00720695064815971,0.000556908810567608,0.00722843586596004,-0.162917700693345,-0.0686485919550026,0.445151325639494,0.478973741592661
0.02,0.14,0.0137459785456315,0.140721930359061,-0.00625402145436853,0.000721930359061401,0.00629555142898828,-0.175393524747052,-0.0476256565514913,0.364732550613382,0.407506595264962
0.02,0.155,0.0150512409631658,0.155913490533568,-0.00494875903683423,0.000913490533567624,0.00503236335726725,-0.186954402209505,-0.0297802376478713,0.269286663179271,0.329172319706581
0.02,0.17,0.0166281430235023,0.171123018417317,-0.0033718569764977,0.00112301841731705,0.003553954112758,-0.197308746655494,-0.0166170247792179,0.162582131814977,0.256202900020324
0.02,0.185,0.0183900210701533,0.186340653580475,-0.00160997892984667,0.00134065358047522,0.00209508572077404,-0.206161359286845,-0.00921992079653005,0.0487787260428133,0.212054069630815
0.02,0.2,0.0202458540939039,0.201555491085173,0.000245854093903874,0.00155549108517308,0.00157480054341565,-0.21322130720343,-0.00819111653510017,-0.0677006666616492,0.223861261171189
0.02,0.215,0.0221020836511422,0.216755888297062,0.00210208365114219,0.00175588829706239,0.00273895954481988,-0.218209765082302,-0.0136150531557831,-0.182314702559537,0.284674706869794
0.02,0.23,0.0238645588076057,0.231929817430346,0.0038645588076057,0.00192981743034598,0.004319607631708,-0.22086737484705,-0.0250504685063902,-0.290556015147081,0.365832168975186
0.02,0.245,0.0254405134059095,0.247065243582156,0.00544051340590951,0.00206524358215565,0.00581931414975306,-0.22096072371254,-0.0415513168978461,-0.388101891565129,0.448524535498107
0.02,0.26,0.0267404801830274,0.262150505691878,0.00674048018302743,0.00215050569187816,0.00707522069115769,-0.218287613174741,-0.0617148338022489,-0.47095383684349,0.522740485026052
0.02,0.275,0.0276800518017018,0.277174677873549,0.00768005180170181,0.00217467787354886,0.00798200598411992,-0.212680908503511,-0.0837527238127179,-0.53555779341065,0.582299541610451
0.02,0.29,0.0281814115377727,0.292127890590932,0.00818141153777269,0.00212789059093177,0.00845360355809142,-0.204010872884731,-0.105579672225689,-0.578898695710933,0.62281218901281
0.02,0.305,0.0281745751033128,0.307001595195204,0.00817457510331282,0.00200159519520371,0.00841605973393514,-0.192186011167956,-0.124912317408149,-0.598565458715269,0.640955101873721
0.02,0.32,0.0275983071042307,0.321788760524361,0.00759830710423073,0.00178876052436117,0.00780601915599213,-0.177152545454332,-0.139371545049694,-0.592785082662345,0.634196903668152
0.02,0.335,0.0264006985446756,0.336483996088766,0.00640069854467556,0.00148399608876626,0.00657047838831279,-0.158892725597329,-0.146581426302627,-0.560426985084858,0.600678552272893
0.02,0.35,0.0245394133891118,0.351083601962272,0.00453941338911185,0.00108360196227197,0.00466695480264032,-0.137422215901478,-0.144259170647337,-0.500980694074845,0.539146895050888
0.04,0.05,0.0358158975114012,0.0504830774663601,-0.00418410248859882,0.000483077466360088,0.00421189713473676,-0.186850494732901,-0.14843740125902,0.484738021916372,0.540296106389283
0.04,0.065,0.0340756422940088,0.0656051239035399,-0.00592435770599117,0.000605123903539895,0.00595518170731778,-0.21585701656802,-0.145471835084378,0.516430970536637,0.578325248763726
0.04,0.08,0.0329633366025722,0.0807606512641827,-0.00703666339742776,0.000760651264182732,0.00707765654114427,-0.244163521892804,-0.135073924685831,0.523267988353997,0.593020503540103
0.04,0.095,0.0324416684604911,0.0959472003175081,-0.00755833153950888,0.000947200317508057,0.00761745128652767,-0.271372837990996,-0.119420884271637,0.506106225132168,0.586558676291926
0.04,0.11,0.0324639707074187,0.111160953037746,-0.00753602929258129,0.00116095303774649,0.0076249294720998,-0.297062451808946,-0.100727583978833,0.466413129359577,0.562081744476537
0.04,0.125,0.0329742649058203,0.126396663283563,-0.0070257350941797,0.00139666328356289,0.00716321310176103,-0.32079400069231,-0.0811561666126304,0.406276210309808,0.523982239076449
0.04,0.14,0.0339076169288265,0.141647644530846,-0.00609238307117348,0.00164764453084584,0.00631124900364004,-0.342124422423997,-0.0627195810942772,0.328385605614475,0.478352695583536
0.04,0.155,0.0351908249782687,0.156905823823727,-0.00480917502173125,0.00190582382372748,0.0051730386463597,-0.360618277150374,-0.0471849035912093,0.235987202057286,0.433546783312682
0.04,0.17,0.0367434413863281,0.172161867084911,-0.00325655861367189,0.00216186708491128,0.00390881609916652,-0.37586060325396,-0.0359830941902102,0.132806181723305,0.400255055631994
0.04,0.185,0.0384791072945364,0.187405375765235,-0.00152089270546359,0.00240537576523547,0.00284586492889499,-0.387469558508554,-0.0301319859712015,0.0229432987582558,0.389316803468562
0.04,0.2,0.0403071564943003,0.202625149019712,0.000307156494300298,0.00262514901971228,0.00264305741286246,-0.395108068265355,-0.030178717601463,-0.0892513483191653,0.406186699411277
0.04,0.215,0.0421344236921339,0.217809499817369,0.00213442369213386,0.00280949981736905,0.00352832165786215,-0.398493746172171,-0.0361664979146677,-0.19932011752262,0.447028862906337
0.04,0.23,0.0438671757217547,0.232946608331465,0.00386717572175469,0.00294660833146548,0.00486184622566271,-0.39740647121567,-0.0476286506253155,-0.302846683866117,0.501914451512098
0.04,0.245,0.0454130738930602,0.248024892309039,0.00541307389306023,0.00302489230903896,0.0062009146464867,-0.391693198247871,-0.0636105580005294,-0.395602715092692,0.560333717747958
0.04,0.26,0.0466830730418957,0.263033372447404,0.00668307304189565,0.00303337244740384,0.00733926520082094,-0.381269807117534,-0.0827177059372032,-0.473683327483695,0.613667971672704
0.04,0.275,0.0475931682661881,0.277962011175161,0.00759316826618814,0.00296201117516115,0.0081504425965972,-0.36612003892409,-0.103185847031422,-0.533623410696641,0.655324215938047
0.04,0.29,0.0480659130288775,0.292802005782281,0.00806591302887749,0.00280200578228118,0.00853874635958657,-0.346291788050068,-0.122967619059811,-0.572488789754266,0.680285152640785
0.04,0.305,0.0480316507511671,0.307546021078543,0.00803165075116707,0.00254602107854279,0.00842553482700694,-0.321891201028381,-0.139828967256879,-0.587938534376266,0.684721392607869
0.04,0.32,0.0474294238246862,0.322188351983972,0.00742942382468617,0.00218835198397221,0.00774501276774736,-0.293075141208697,-0.151448485008099,-0.57825722713435,0.665744762891415
0.04,0.335,0.0462075466184677,0.336725012324719,0.00620754661846767,0.0017250123247185,0.00644277134010514,-0.260042634311788,-0.1555132564788,-0.542358335911367,0.621259117135756
0.04,0.35,0.0443238504245562,0.351153751443824,0.00432385042455624,0.00115375144382374,0.00447513406369692,-0.223025884139746,-0.149805807936423,-0.479761768799681,0.549869075815539
0.06,0.05,0.0561897821932596,0.0505799112926221,-0.00381021780674043,0.000579911292622109,0.00385409611220484,-0.260845331053374,-0.146612626622423,0.424252926336706,0.51916080225935
0.06,0.065,0.0544345940433961,0.0658648451410689,-0.0055654059566039,0.000864845141068854,0.00563220210750934,-0.304623131310112,-0.148260229465379,0.456730473467318,0.568666622714166
0.06,0.08,0.0533033608945351,0.0811700625909498,-0.00669663910546486,0.00117006259094976,0.00679808956807582,-0.346757931660911,-0.142512870986879,0.465112283876646,0.597397398157919
0.06,0.095,0.0527587209729826,0.0964916740448884,-0.00724127902701743,0.00149167404488837,0.00739332221692766,-0.38665302494581,-0.131445727676764,0.450285304446832,0.607897082518718
0.06,0.11,0.0527540415144586,0.111824504833664,-0.00724595848554144,0.00182450483366389,0.00747213036973077,-0.423692389559492,-0.117162821155269,0.413727218194997,0.603668741753746
0.06,0.125,0.0532334704949008,0.127162060807826,-0.00676652950509921,0.00216206080782555,0.00710355041370957,-0.457256315573585,-0.101710481236599,0.357513477913717,0.5892769365254
0.06,0.14,0.0541322964691679,0.142496550585257,-0.00586770353083212,0.00249655058525686,0.00637673188635731,-0.486738816299684,-0.0869855401951525,0.284298107761023,0.570358886961447
0.06,0.155,0.0553776365167118,0.15781897185635,-0.00462236348328823,0.00281897185635036,0.00541413395646357,-0.511565985510692,-0.0746438690272198,0.197266301609512,0.5533424240972
0.06,0.17,0.0568894531588402,0.173119265095237,-0.00311054684115983,0.00311926509523675,0.00440514657933328,-0.531214277453913,-0.0660155445951716,0.100058883888953,0.544573845757317
0.06,0.185,0.0585818792378068,0.188386532983882,-0.00141812076219318,0.00338653298388231,0.00367146730165014,-0.54522759445643,-0.062033020356931,-0.00332899491763638,0.548757332084848
0.06,0.2,0.0603648073752573,0.203609318330107,0.000364807375257292,0.00360931833010741,0.00362770770998595,-0.553232078139647,-0.0631780689288082,-0.108670243752265,0.567335044222371
0.06,0.215,0.0621456799755262,0.21877592789511,0.00214567997552624,0.00377592789510953,0.00434299136845108,-0.554947629855355,-0.0694519797967394,-0.211642598182548,0.597985187637116
0.06,0.23,0.0638313994462713,0.233874784990914,0.00383139944627129,0.00387478499091368,0.00544918163054764,-0.550195420646738,-0.0803716482577216,-0.30797162769501,0.635629821446027
0.06,0.245,0.0653302681741463,0.248894790674814,0.00533026817414628,0.00389479067481396,0.00660160232132583,-0.538900969838876,-0.0949919996690067,-0.393571198805067,0.674048413600018
0.06,0.26,0.0665538653325939,0.263825672175868,0.0065538653325939,0.00382567217586849,0.00758873628445412,-0.521092726121631,-0.111952936348398,-0.464672847372678,0.707105572301806
0.06,0.275,0.0674187729049806,0.278658298103242,0.00741877290498064,0.00365829810324189,0.0082717190733159,-0.496896443956254,-0.129546968915066,-0.517936622080657,0.72935178130166
0.06,0.29,0.0678480759420701,0.293384942882157,0.0078480759420701,0.00338494288215732,0.00854693713022197,-0.466525952902482,-0.14580214787332,-0.550537742131245,0.736209205167273
0.06,0.305,0.0677725800322224,0.307999487253132,0.00777258003222242,0.00299948725313232,0.00833126185754631,-0.430271141758532,-0.158574013395358,-0.560225643902383,0.723974252958503
0.06,0.32,0.06713171050835,0.322497547029845,0.00713171050834996,0.00249754702984464,0.00755639040423369,-0.388484103941361,-0.165640084680762,-0.545354338083433,0.689763464399629
0.06,0.335,0.0658740801351116,0.336876528020098,0.00587408013511159,0.00187652802009755,0.00616653669768727,-0.34156441038813,-0.164790865230512,-0.504885202055916,0.631454969789366
0.06,0.35,0.063957732999772,0.351135610191893,0.00395773299977203,0.00113561019189315,0.00411743378883209,-0.289944403469343,-0.153912309698212,-0.438365153628977,0.547652305343359
0.08,0.05,0.0766949176920101,0.0505855136164574,-0.00330508230798987,0.000585513616457423,0.00335654513713799,-0.310065888252157,-0.142523352739454,0.349232253506529,0.488281036877768
0.08,0.065,0.0749156317284468,0.0660299883846359,-0.00508436827155317,0.00102998838463586,0.0051876465563164,-0.367230763433657,-0.150294987245619,0.383437821668965,0.551791566772993
0.08,0.08,0.073755090295596,0.0814815518691135,-0.00624490970440397,0.00148155186911347,0.0064182468912494,-0.421850565865664,-0.150656136523721,0.394540093259661,0.596925690121933
0.08,0.095,0.0731759037281286,0.0969349153921889,-0.00682409627187144,0.00193491539218893,0.0070931084513561,-0.473152492893469,-0.145545497749272,0.383452125257564,0.626175860630701
0.08,0.11,0.0731315229074795,0.112383583224536,-0.00686847709252048,0.0023835832245358,0.00727031268645077,-0.520351438854442,-0.136921407055771,0.351651168682393,0.642787655135497
0.08,0.125,0.0735663003037036,0.127819852644251,-0.0064336996962964,0.00281985264425122,0.00702453277573782,-0.562670912878208,-0.126680614025782,0.30118267276372,0.650662805435371
0.08,0.14,0.0744158543255261,0.143234869947813,-0.00558414567447386,0.00323486994781308,0.00645345384216927,-0.59936575018026,-0.116572710001914,0.234639409811375,0.654132096363224
0.08,0.155,0.0756077560733806,0.158618748063319,-0.00439224392661944,0.00361874806331919,0.00569097041432318,-0.629745475034636,-0.108115450003993,0.15511406975421,0.657520671307258
0.08,0.17,0.0770625387714593,0.17396074735796,-0.00293746122854067,0.00396074735795959,0.0049311457190762,-0.653196982841869,-0.102516775420987,0.0661255917196199,0.66449494411399
0.08,0.185,0.0786950088138253,0.189249516294677,-0.00130499118617468,0.00424951629467707,0.00444537858170927,-0.669205135337939,-0.100609361512084,-0.0284783675309285,0.677328662473373
0.08,0.2,0.080415815507625,0.204473383440858,0.000415815507624984,0.00447338344085785,0.00449266757565287,-0.677369921154339,-0.102802906354186,-0.124638306786249,0.696375706617385
0.08,0.215,0.0821332165085496,0.21962068730683,0.0021332165085496,0.00462068730683007,0.00508933825362877,-0.677419034439196,-0.109058160021431,-0.218212743195108,0.720009620755113
0.08,0.23,0.083754960099249,0.234680126568339,0.00375496009924895,0.00468012656833927,0.00600027583054536,-0.669215056365854,-0.118884979813622,-0.30511343808062,0.745039906093677
0.08,0.245,0.0851901957024789,0.249641110681005,0.00519019570247886,0.00464111068100459,0.0069626173084096,-0.652756842036328,-0.131364688684968,-0.381437802778631,0.767366780409762
0.08,0.26,0.0863513216110792,0.264494090295785,0.00635132161107922,0.0044940902957854,0.00778049701458939,-0.628175168656058,-0.145194962428558,-0.443590570933079,0.782603179426987
0.08,0.275,0.0871556842597341,0.279230848210259,0.00715568425973415,0.00423084821025915,0.00831287518270665,-0.59572314900699,-0.158753643110493,-0.488387872815058,0.786524772829021
0.08,0.29,0.0875270555861275,0.293844734872361,0.00752705558612754,0.00384473487236081,0.00845213298732344,-0.55576227084153,-0.170176487601409,-0.513138510539187,0.77533995332196
0.08,0.305,0.0873968327242956,0.308330836935435,0.00739683272429559,0.00333083693543479,0.00811218891802125,-0.508745193609733,-0.177443063506319,-0.515699291693677,0.745829288071101
0.08,0.32,0.0867049251917415,0.322686072790009,0.00670492519174146,0.00268607279000943,0.00722295014935575,-0.455196550082122,-0.178464839153619,-0.494503447230901,0.695408652420336
0.08,0.335,0.0854003164157246,0.336909214566795,0.00540031641572464,0.00190921456679544,0.00572787200031642,-0.395693006678957,-0.171169940681578,-0.448563194059339,0.622161431381412
0.08,0.35,0.0834413071337644,0.351000841062368,0.00344130713376439,0.00100084106236831,0.00358389140753737,-0.330843717207405,-0.153579933782193,-0.377449170712282,0.524894431910679
0.1,0.05,0.0973257053298527,0.0504715101003504,-0.00267429467014729,0.000471510100350403,0.00271554299496632,-0.327900416043997,-0.133046661591607,0.262697226976935,0.440716334755103
0.1,0.065,0.0955131825418706,0.0660712616814859,-0.0044868174581294,0.00107126168148591,0.00461293100889172,-0.396741251603052,-0.148116898009758,0.299554036639928,0.518726030749426
0.1,0.08,0.0943130279449616,0.0816649706129976,-0.0056869720550384,0.00166497061299764,0.00592568800199044,-0.462197253349741,-0.155708322724507,0.314495847749499,0.580329130930054
0.1,0.095,0.093687848741848,0.097245993383351,-0.00631215125815202,0.00224599338335102,0.00669983132502951,-0.523348411341245,-0.157595954203779,0.308455950478255,0.627597845772514
0.1,0.11,0.0935912302440708,0.112806561382869,-0.00640876975592924,0.002806561382869,0.00699636452597525,-0.579270205029466,-0.155565513578125,0.282899492596281,0.663167876317187
0.1,0.125,0.0939678074700982,0.128337814533623,-0.00603219252990178,0.00333781453362314,0.00689408098144116,-0.629058772741658,-0.151338657633599,0.239824365927781,0.690028847429253
0.1,0.14,0.0947536341111793,0.14382988986999,-0.00524636588882067,0.00382988986999,0.00649556860141075,-0.67185776068379,-0.146494822456093,0.181738881870921,0.711258814581428
0.1,0.155,0.0958768668894343,0.159272068994577,-0.00412313311056575,0.00427206899457744,0.00593723842723816,-0.70688547876858,-0.142394463083868,0.111614927392957,0.729676881411021
0.1,0.17,0.0972587649520986,0.174652984277763,-0.00274123504790145,0.00465298427776284,0.00540042889749985,-0.733460810847368,-0.140108926109591,0.0328170482263875,0.747449097947018
0.1,0.185,0.0988149831954008,0.189960878949392,-0.00118501680459925,0.00496087894939223,0.00510044946820431,-0.751026269122036,-0.140362148906685,-0.0509901474703109,0.765735406204648
0.1,0.2,0.100457117226523,0.205183911302306,0.000457117226522696,0.00518391130230583,0.00520402657073904,-0.759166686791602,-0.143488783129766,-0.135951977422908,0.784484316901963
0.1,0.215,0.102094438287817,0.220310488810334,0.00209443828781688,0.00531048881033364,0.00570858679062971,-0.757622308260964,-0.149412215356089,-0.218145166682373,0.802442154241945
0.1,0.23,0.103635741069303,0.235329614402999,0.0036357410693034,0.00532961440299939,0.00645162016920386,-0.746295427620664,-0.157644407428234,-0.293703799237709,0.81736275677763
0.1,0.245,0.104991218130063,0.250231225302501,0.00499121813006337,0.00523122530250114,0.00723035106944341,-0.725250217672804,-0.167307684088092,-0.358942272680141,0.826335966959229
0.1,0.26,0.106074272193238,0.265006504599039,0.00607427219323771,0.00500650459903895,0.0078715863063133,-0.694705918607417,-0.177176779934855,-0.410468070541787,0.826137873525259
0.1,0.275,0.106803182992989,0.279648147662538,0.00680318299298907,0.00464814766253807,0.00823945238039846,-0.655024044130338,-0.185737844640202,-0.445278126007403,0.813534740535675
0.1,0.29,0.10710255709505,0.29415056886241,0.00710255709504953,0.00415056886241028,0.00822639284073209,-0.60669067242541,-0.191259891879762,-0.460834083432647,0.785513612448826
0.1,0.305,0.106904506359774,0.308510038800382,0.00690450635977358,0.00351003880038225,0.00774548774786602,-0.550295164924269,-0.191873480294356,-0.455113607826393,0.739443159484898
0.1,0.32,0.106149521006863,0.322724747682332,0.0061495210068627,0.00272474768233216,0.00672613251030784,-0.486506785336187,-0.185651280745112,-0.426636869093838,0.67318606757886
0.1,0.335,0.104787024276967,0.336794795754593,0.00478702427696742,0.00179479575459296,0.00511242537637278,-0.416050673584255,-0.17068556316295,-0.374469148350674,0.585202396312233
0.1,0.35,0.102775615766057,0.350722116565305,0.00277561576605723,0.000722116565305075,0.0028680124153625,-0.339684484435212,-0.145158425062863,-0.298202039638292,0.474744418870985
0.12,0.05,0.118075783886909,0.0502105790326163,-0.00192421611309107,0.000210579032616287,0.00193570431080186,-0.309214152610624,-0.114528152582445,0.167924292785674,0.370039368134676
0.12,0.065,0.116220946100847,0.0659604889763029,-0.00377905389915256,0.000960488976302909,0.00389920343740867,-0.387802547551978,-0.13769619891938,0.208310010966307,0.461243177380469
0.12,0.08,0.114970994357538,0.0816913487557742,-0.00502900564246184,0.0016913487557742,0.0053058042147795,-0.462247627856495,-0.153267573989266,0.228123294964551,0.537778931888754
0.12,0.095,0.114288560471046,0.0973952162740795,-0.00571143952895431,0.00239521627407946,0.00619335147497031,-0.531514290021026,-0.162834574715265,0.22830990382346,0.600958619486257
0.12,0.11,0.114127416350406,0.113063109771055,-0.00587258364959378,0.00306310977105528,0.00662343416899501,-0.59457117428715,-0.167992125964343,0.210310700903755,0.652664870117997
0.12,0.125,0.114432557119316,0.128685073719456,-0.00556744288068392,0.00368507371945587,0.00667654016295134,-0.650418935996697,-0.17027025521475,0.176059537087286,0.695010529163445
0.12,0.14,0.115140574629635,0.144250298370102,-0.00485942537036534,0.00425029837010171,0.00645593147152598,-0.698119981448075,-0.171064102102006,0.127959821695168,0.730079011757068
0.12,0.155,0.116180338159865,0.159747295194491,-0.00381966184013488,0.00474729519449063,0.00609316241672716,-0.736828142637964,-0.171565739438234,0.0688388066941362,0.759669500628385
0.12,0.17,0.117473981269949,0.175164126466375,-0.00252601873005068,0.00516412646637454,0.00574882360011828,-0.76581660271325,-0.172702422951993,0.0018801920821517,0.78505692353463
0.12,0.185,0.118938173717764,0.190488682695427,-0.00106182628223635,0.00548868269542746,0.0055904483527471,-0.78450235298835,-0.175085792884682,-0.0694626143527498,0.806805297069074
0.12,0.2,0.12048563692846,0.205708997049983,0.000485636928460043,0.00570899704998301,0.00572961521770868,-0.792465605544906,-0.178975983004564,-0.14156858707143,0.824674204868485
0.12,0.215,0.122026842839782,0.220813581916682,0.00202684283978207,0.00581358191668174,0.0061567707931305,-0.789462886062118,-0.184263575182495,-0.210761128620156,0.837638026633787
0.12,0.23,0.123471821326194,0.235791769782599,0.00347182132619409,0.00579176978259938,0.00675263952359722,-0.775432974855491,-0.190470969548122,-0.273423737196288,0.84400764805912
0.12,0.245,0.124731992379272,0.250634039235162,0.00473199237927152,0.00563403923516248,0.00735759131651344,-0.750495388976399,-0.196773174060722,-0.32611259860711,0.841620564122447
0.12,0.26,0.125721937181645,0.265332307203533,0.005721937181645,0.005332307203533,0.00782138512180173,-0.714941658433638,-0.202036446078415,-0.36565968692494,0.828057511212996
0.12,0.275,0.126361027351486,0.279880170828664,0.00636102735148605,0.00488017082866404,0.00801740209065862,-0.669220165676937,-0.20487183146928,-0.38926083712223,0.800851133891867
0.12,0.29,0.126574842934677,0.29427308593811,0.00657484293467675,0.00427308593810999,0.00784141715827835,-0.613915742025793,-0.203699606006473,-0.394544605545131,0.757667393340703
0.12,0.305,0.126296326517,0.308508474027924,0.00629632651700029,0.00350847402792409,0.00720785110926266,-0.54972549768346,-0.19682003002211,-0.379619382787263,0.69645753296395
0.12,0.32,0.125466640197528,0.32258575487735,0.00546664019752777,0.00258575487734974,0.00604733687956644,-0.477432487466211,-0.182485713618273,-0.343097959260867,0.615599440361564
0.12,0.335,0.124035712671288,0.336506307123051,0.00403571267128761,0.00150630712305061,0.00430766037590527,-0.397878785030224,-0.158971218529295,-0.284100366050948,0.514095484367907
0.12,0.35,0.121962482927253,0.350273363771724,0.00196248292725298,0.000273363771724211,0.00198143054166699,-0.311939389560717,-0.124636207411283,-0.202237173291304,0.392097999507298
0.14,0.05,0.138938136115107,0.0497766942001329,-0.00106186388489299,-0.000223305799867068,0.00108509003787442,-0.250489783663097,-0.0830733111590419,0.0682739357234386,0.272594528945272
0.14,0.065,0.137032002323546,0.0656708653029795,-0.00296799767645445,0.000670865302979495,0.00304287207456718,-0.336792213686675,-0.114754438699982,0.112996551629577,0.373317947771204
0.14,0.08,0.135722235435417,0.0815331614304366,-0.00427776456458331,0.00153316143043664,0.00454421100321972,-0.418289589692874,-0.138677849302297,0.138599675941676,0.461961852330316
0.14,0.095,0.134971522626377,0.0973544089532571,-0.00502847737362278,0.00235440895325706,0.00555237122464026,-0.493864825308013,-0.156242402001798,0.146032392876472,0.538183744840839
0.14,0.11,0.134733875700281,0.113124482970835,-0.0052661242997194,0.00312448297083517,0.00612327191745836,-0.562412900471721,-0.168842821300072,0.136699177489561,0.602914743805773
0.14,0.125,0.134954726431148,0.128832403793775,-0.00504527356885223,0.00383240379377514,0.00633577968549263,-0.622871074175165,-0.17780982582051,0.11245505718108,0.657446265215142
0.14,0.14,0.135571304369397,0.144466485485577,-0.00442869563060254,0.00446648548557727,0.00628989964795865,-0.674250272252527,-0.184348630210714,0.0755815021479962,0.703076534435816
0.14,0.155,0.13651331255977,0.160014537111828,-0.00348668744023009,0.00501453711182814,0.00610758313506742,-0.715666049885752,-0.189479563644856,0.0287423767429478,0.740887422477366
0.14,0.17,0.137703899452321,0.17546411341732,-0.00229610054767927,0.00546411341731962,0.00592693961183892,-0.746367386683618,-0.193984788565587,-0.0250793188742824,0.771577827035272
0.14,0.185,0.139060905953691,0.190802807318504,-0.000939094046309336,0.00580280731850352,0.00587830506213242,-0.76576156935447,-0.198364972891832,-0.0826616744058725,0.795350585538663
0.14,0.2,0.140498347059126,0.206018572444637,0.000498347059125492,0.00601857244463649,0.00603916915334193,-0.773433592878297,-0.202809240743646,-0.140637407975338,0.811862685034047
0.14,0.215,0.141928069629759,0.221100060331463,0.00192806962975852,0.00610006033146276,0.00639751424732159,-0.769158831894117,-0.207180828148554,-0.195595868578227,0.820242914371893
0.14,0.23,0.143261513990302,0.236036954559393,0.00326151399030242,0.00603695455939318,0.00686165387214457,-0.752908193979715,-0.211019687291178,-0.244187876920512,0.819169827783847
0.14,0.245,0.144411498418433,0.250820283038845,0.00441149841843336,0.00582028303884524,0.00730321935505908,-0.724845507739168,-0.213561947793091,-0.283227501206418,0.806993369846291
0.14,0.26,0.145293943810035,0.265442690694657,0.0052939438100348,0.00544269069465692,0.00759267561940524,-0.685317456672488,-0.213774812341208,-0.309785136050413,0.78187978895123
0.14,0.275,0.145829460640531,0.279898657090241,0.00582946064053116,0.00489865709024101,0.00761442398657118,-0.63483689441244,-0.210404298422509,-0.32126703332939,0.741962297595842
0.14,0.29,0.145944731331285,0.294184647599407,0.00594473133128548,0.00418464759940745,0.0072698766242897,-0.574060782661334,-0.202032359553909,-0.315477611332233,0.685488573723893
0.14,0.305,0.145573637172459,0.308299191497818,0.0055736371724594,0.00329919149781843,0.00647688936677929,-0.503764292325839,-0.187139428231827,-0.290662312517277,0.6109727857575
0.14,0.32,0.144658097397394,0.322242885573525,0.00465809739739445,0.00224288557352476,0.00516995232662144,-0.424812710482244,-0.164168320921391,-0.245530275874222,0.517401210048247
0.14,0.335,0.143148608050645,0.336018326887336,0.00314860805064476,0.001018326887336,0.00330918755981834,-0.338132781054446,-0.131585727792269,-0.179257514765108,0.404700529923214
0.14,0.35,0.141004486326428,0.349629982635374,0.00100448632642841,-0.00037001736462644,0.00107046981746649,-0.244684936317157,-0.0879380830280708,-0.0914724818933752,0.275628710339789
0.16,0.05,0.159905202665334,0.0491453400044391,-9.47973346662745e-05,-0.000854659995560947,0.000859901298215131,-0.14984351268719,-0.0348318760436841,-0.0329688987584326,0.157331820436936
0.16,0.065,0.157938926244117,0.065177181981076,-0.00206107375588305,0.000177181981076024,0.00206867553802134,-0.241825691739035,-0.0750761564283272,0.0168077879351247,0.253768992313158
0.16,0.08,0.156559536828201,0.0811645635335073,-0.00344046317179877,0.0011645635335073,0.00363221627385797,-0.328448964708283,-0.107367453106039,0.0489848721379589,0.349007717296674
0.16,0.095,0.155729810580038,0.0970971559778453,-0.00427018941996182,0.00209715597784527,0.00475737121504787,-0.408546372100628,-0.132908307617284,0.0645048711256477,0.434438187817291
0.16,0.11,0.155404053296982,0.112963770105919,-0.00459594670301816,0.00296377010591881,0.00546869813920292,-0.480971003521646,-0.152891950261978,0.0647244398306871,0.508822178478685
0.16,0.125,0.155528208397534,0.128752481256095,-0.00447179160246597,0.00375248125609534,0.00583763956691675,-0.544627060672902,-0.168450151878451,0.0514072201501222,0.572398039966527
0.16,0.14,0.156040238569084,0.144450804587053,-0.00395976143091638,0.00445080458705255,0.00595729570039132,-0.598501766937031,-0.180600164556901,0.0266995074873256,0.625729605882872
0.16,0.155,0.156870795158899,0.160045919676603,-0.00312920484110113,0.00504591967660301,0.00593744291090871,-0.641696513652297,-0.190193965209997,-0.00691165669973659,0.669328787564061
0.16,0.17,0.157944172821641,0.175524939782575,-0.00205582717835851,0.0055249397825749,0.00589503053328448,-0.673455519622183,-0.197873169315956,-0.0466571558410753,0.703476534845127
0.16,0.185,0.159179528561382,0.19087521699384,-0.000820471438617954,0.00587521699384003,0.00593222960667357,-0.693190308179856,-0.204032830389911,-0.0895591259944333,0.728127853750403
0.16,0.2,0.160492325593368,0.206084670718669,0.000492325593368204,0.00608467071866908,0.00610455585972594,-0.700498493323924,-0.208796859998351,-0.132515637841161,0.742874412746518
0.16,0.215,0.161795945619163,0.221142123788726,0.00179594561916287,0.00614212378872597,0.00639930506406936,-0.695175702131313,-0.212007026402952,-0.172392448154126,0.746956019130091
0.16,0.23,0.163003399801439,0.236037628518986,0.00300339980143863,0.00603762851898632,0.00674339443459735,-0.677219912582727,-0.213226487656722,-0.206116897848801,0.739313265391265
0.16,0.245,0.164029060800564,0.250762764720552,0.00402906080056431,0.00576276472055154,0.00703155659573877,-0.646828015938911,-0.21175769899222,-0.230768831960641,0.718671573611952
0.16,0.26,0.164790336469857,0.265310892741404,0.00479033646985745,0.00531089274140423,0.00715212592207006,-0.604384955630905,-0.206673431270645,-0.243663671266654,0.683646554467657
0.16,0.275,0.165209210467381,0.279677347526131,0.00520921046738124,0.00467734752613141,0.00700096090359616,-0.55044628844539,-0.196858672282698,-0.242423442880834,0.632864638799885
0.16,0.29,0.165213585669041,0.293859563657618,0.0052135856690409,0.00385956365761803,0.00648673316513285,-0.485715416934245,-0.181060462869603,-0.22503259097775,0.565105842493441
0.16,0.305,0.164738381326698,0.307857126236036,0.00473838132669807,0.00285712623603612,0.00553312099324124,-0.411017006724772,-0.157942309938897,-0.189876621529892,0.479515616621063
0.16,0.32,0.163726352748439,0.321671747534673,0.00372635274843888,0.0016717475346732,0.00408417000447875,-0.327268225101462,-0.126139739948927,-0.13576291659164,0.376095470012083
0.16,0.335,0.162128621207453,0.335307174222,0.0021286212074535,0.000307174222000273,0.00215067065063023,-0.235449400222998,-0.0843137814151058,-0.0619242731623084,0.257643088908671
0.16,0.35,0.159904919165751,0.348769033881638,-9.50808342489173e-05,-0.00123096611836232,0.00123463271850274,-0.136575553688558,-0.0311996414236585,0.0319932488316499,0.143700655130561
0.18,0.05,0.180969000074469,0.0482936951278721,0.000969000074469012,-0.00170630487212792,0.00196225315924537,-0.00693274830039637,0.0337519946194042,-0.132730644212968,0.137130204658596
0.18,0.065,0.178933906338429,0.0644560179152457,-0.00106609366157093,-0.000543982084754313,0.00119685930826282,-0.102648456012129,-0.0147805331581249,-0.0772902296268623,0.129340466917872
0.18,0.08,0.177475341132022,0.0805615879856062,-0.00252465886797762,0.000561587985606182,0.00258636491339394,-0.192565696849134,-0.055141422576288,-0.0379032173277618,0.203859809213272
0.18,0.095,0.176556205868089,0.0965990059777327,-0.00344379413191062,0.00159900597773271,0.00379691165815153,-0.275497145338282,-0.0883408593586957,-0.0136436454598037,0.289636172162108
0.18,0.11,0.176131154837338,0.11255610444059,-0.00386884516266195,0.00255610444059023,0.00463698531417319,-0.350282799103972,-0.115376222805105,-0.00321290408258071,0.368809577625393
0.18,0.125,0.176146715977796,0.128420099274011,-0.00385328402220403,0.00342009927401138,0.00515217204680376,-0.415820932233049,-0.137187435821282,-0.004948722631256,0.437895950496351
0.18,0.14,0.176541675749088,0.144177789157476,-0.00345832425091157,0.00417778915747552,0.0054234609677551,-0.471099559158119,-0.154611981844467,-0.0168492695367,0.496109962809826
0.18,0.155,0.177247740800796,0.159815800883541,-0.00275225919920363,0.00481580088354122,0.00554678905760057,-0.515226845592868,-0.168342295256971,-0.0366125388020139,0.543268368303298
0.18,0.17,0.178190473219759,0.175320874531842,-0.00180952678024127,0.00532087453184243,0.00562015061648883,-0.547458815641999,-0.178888318981678,-0.0616901581323453,0.579241502970189
0.18,0.185,0.179290478676214,0.190680178807963,-0.000709521323785895,0.00568017880796307,0.00572432107758987,-0.5672227675023,-0.186547862411682,-0.0893536792908441,0.603762557719577
0.18,0.2,0.180464809099291,0.205881643310827,0.000464809099291419,0.00588164331082658,0.0058999809774757,-0.574134988643242,-0.191386961947617,-0.11677041095129,0.616359429927298
0.18,0.215,0.181628525535961,0.220914291806417,0.00162852553596056,0.00591429180641739,0.00613440649066652,-0.568011704974494,-0.193231791081094,-0.141085054040634,0.616347692350821
0.18,0.23,0.18269635446861,0.235768559168029,0.00269635446861047,0.00576855916802937,0.00636762140013455,-0.548872626070284,-0.191672832108258,-0.159502898473849,0.602863302867461
0.18,0.245,0.183584363291158,0.250436574585073,0.00358436329115791,0.00543657458507313,0.0065118356415118,-0.516936946181351,-0.186081105415612,-0.169370187352292,0.574925228110106
0.18,0.26,0.184211579153818,0.264912395238927,0.00421157915381755,0.00491239523892745,0.00647062794111264,-0.47261216907101,-0.17563535402515,-0.168247493409717,0.531525432235612
0.18,0.275,0.184501479808366,0.279192177626305,0.00450147980836638,0.00419217762630503,0.00615123351171313,-0.416476583057375,-0.159358297729602,-0.153972527932762,0.471759057138365
0.18,0.29,0.184383295183346,0.293274277965077,0.00438329518334607,0.00327427796507734,0.00547121310651814,-0.349256589804774,-0.136159490634713,-0.124709670454796,0.395060365836977
0.18,0.305,0.183793072593021,0.307159277736392,0.00379307259302109,0.00215927773639185,0.00436461682611489,-0.271800331583301,-0.104881980364621,-0.078984530881998,0.30185164719306
0.18,0.32,0.182674475652595,0.320849935697876,0.00267447565259546,0.000849935697876447,0.00280628058234572,-0.185049180084286,-0.0643499035247077,-0.0157029443645755,0.196547015946849
0.18,0.335,0.180979304567355,0.334351071950836,0.000979304567355122,-0.000648928049163777,0.00117479574762344,-0.0900086187760678,-0.0134143325205291,0.065845166885152,0.11232580208674
0.18,0.35,0.178667742351464,0.34766939366411,-0.00133225764853562,-0.00233060633589027,0.0026845178961917,0.0122800823959148,0.0490049260331668,0.165995756184831,0.173513392224336
0.2,0.05,0.202121239548852,0.0472007822286545,0.00212123954885179,-0.00279921777134551,0.00351216135093897,0.177219367144026,0.125742358957942,-0.228253656326503,0.315147309918454
0.2,0.065,0.200008863017781,0.063485894373924,8.86301778074694e-06,-0.00151410562607601,0.00151413156627792,0.0795595309061203,0.0694668793815858,-0.166658682679855,0.197308188569596
0.2,0.08,0.198461864597589,0.0797023049831265,-0.00153813540241118,-0.000297695016873489,0.00156667892027113,-0.0119782120995694,0.0215932949548387,-0.119580688841349,0.1221036229506
0.2,0.095,0.197443309493583,0.0958376346546881,-0.00255669050641724,0.000837634654688113,0.00269040854896399,-0.0962119569487112,-0.0187057197835366,-0.0861197509447341,0.130473228948998
0.2,0.11,0.196908254942522,0.111878829384451,-0.00309174505747753,0.00187882938445105,0.00361785673518362,-0.171993393987341,-0.0522428084572375,-0.0650439091662253,0.191159050602877
0.2,0.125,0.19680388358198,0.127812335807521,-0.00319611641802037,0.00281233580752127,0.00425727528494525,-0.238237864969143,-0.0797783302409824,-0.05479949324129,0.257147735234237
0.2,0.14,0.197069890824196,0.143624322178747,-0.00293010917580401,0.00362432217874742,0.00466060629505339,-0.293954608818106,-0.101982861070806,-0.0535345749427835,0.315715091368772
0.2,0.155,0.197639137388637,0.15930094157434,-0.0023608626113629,0.00430094157434002,0.0049062990833843,-0.33827572438607,-0.119402039078382,-0.059135551712293,0.363572234451009
0.2,0.17,0.198438563158545,0.174828630283781,-0.00156143684145488,0.00482863028378133,0.00507481580230286,-0.370482319131154,-0.13242603255837,-0.0692759841153918,0.399491691295766
0.2,0.185,0.199390341909076,0.190194430812189,-0.000609658090924465,0.00519443081218862,0.00523008551081569,-0.390026386946679,-0.14126574569168,-0.0814759272660611,0.422747833722017
0.2,0.2,0.200413239809256,0.205386325796199,0.00041323980925595,0.0053863257961988,0.00540215445195253,-0.396547146799517,-0.145937505773657,-0.0931691696688874,0.432699409818784
0.2,0.215,0.201424125654198,0.220393566863461,0.00142412565419832,0.00539356686346126,0.00557841351905478,-0.389880892300921,-0.146257425971783,-0.101775167919293,0.428669321038017
0.2,0.23,0.202339569089249,0.235206981471146,0.00233956908924918,0.00520698147114607,0.00570843582465711,-0.370063802712837,-0.141845957302453,-0.10477205425695,0.409933401762793
0.2,0.245,0.203077456190374,0.249819241041836,0.00307745619037364,0.00481924104183629,0.00571802595508173,-0.337327620997123,-0.132142402642919,-0.0997670005167483,0.37577320155029
0.2,0.26,0.203558550288602,0.264225075689031,0.00355855028860204,0.00422507568903074,0.00552399717003442,-0.292088563806595,-0.116428445609359,-0.0845604358348608,0.32561029575991
0.2,0.275,0.20370793022259,0.278421423920673,0.00370793022258967,0.00342142392067257,0.0050452837561969,-0.234930248638916,-0.0938591235704642,-0.0572010953687164,0.259372005044278
0.2,0.29,0.20345624765514,0.292407509978405,0.00345624765514041,0.00240750997840478,0.00421209593311716,-0.166581754307206,-0.0634992080453255,-0.0160296062360878,0.178993308879021
0.2,0.305,0.202740758601385,0.306184846268939,0.00274075860138456,0.00118484626893933,0.00298590327909042,-0.0878921633894342,-0.0243626914060637,0.0402908374833882,0.0997092132675558
0.2,0.32,0.201506100285257,0.3197571630349,0.00150610028525713,-0.000242836965099857,0.00152555165788331,0.000196967809732994,0.0245469768426496,0.112757244881764,0.115398412653145
0.2,0.335,0.199704801228471,0.33313027190711,-0.000295198771529004,-0.0018697280928901,0.00189288812560454,0.0966797777492339,0.0841981162456392,0.202022723441895,0.239268815749442
0.2,0.35,0.19729752846267,0.346311873376129,-0.00270247153733,-0.00368812662387097,0.00457226753414371,0.200513598390184,0.155495412006879,0.308404433799631,0.399372591527404
