target_x,target_y,gaze_x,gaze_y,error_px_x,error_px_y,error_px_xy,error_deg_x,error_deg_y,error_deg_z,error_deg_xyz
-0.2,0.05,-0.198110594082187,0.0532484833034234,0.00188940591781314,0.00324848330342341,0.00375799128456786,-0.134858785667834,0.123059431761069,-0.275240437749694,0.330284901975346
-0.2,0.065,-0.200291100910523,0.0670953670250894,-0.000291100910523173,0.00209536702508938,0.0021154911273601,-0.0545557727213026,0.0621569542912766,-0.173847600233375,0.192517122046974
-0.2,0.08,-0.201831772179388,0.0809201643745855,-0.00183177217938793,0.000920164374585516,0.00204990043500555,0.0252072391819067,0.0110917565003637,-0.0932600927874349,0.0972413448295059
-0.2,0.095,-0.2027781535614,0.0947438893408274,-0.00277815356139982,-0.000256110659172651,0.00278993366954492,0.102675107303536,-0.0312382535430959,-0.0325642626757691,0.112153650695964
-0.2,0.11,-0.203185537024031,0.108590411824669,-0.00318553702403132,-0.00140958817533067,0.00348347311680546,0.176051302983443,-0.0659208299028406,0.00959016184666001,0.18823288811555
-0.2,0.125,-0.203118669775845,0.122486161518076,-0.00311866977584505,-0.00251383848192378,0.00400568160042336,0.243540390105999,-0.0939798663139845,0.0349823949041272,0.263378106509173
-0.2,0.14,-0.202651133809657,0.136459693766679,-0.00265113380965744,-0.00354030623332059,0.00442292648620768,0.303393491781163,-0.116325840494369,0.0457952081557432,0.328141444244199
-0.2,0.155,-0.201864390564464,0.150541123082742,-0.00186439056446402,-0.00445887691725845,0.00483296343252488,0.353954666181467,-0.133709338163178,0.0445715539173137,0.380984581127291
-0.2,0.17,-0.200846505853764,0.16476144024056,-0.000846505853763953,-0.00523855975944,0.00530651302775002,0.393705864736272,-0.146680831178349,0.0341541736802059,0.421529219869287
-0.2,0.185,-0.199690592028681,0.179151739086831,0.000309407971319325,-0.00584826091316949,0.00585643995967021,0.421308085634497,-0.155559641992787,0.0176104623360075,0.449455748129315
-0.2,0.2,-0.198493025185205,0.193742388155397,0.00150697481479528,-0.00625761184460295,0.00643651140682143,0.43563648349223,-0.160414479446925,-0.0018539530816901,0.464237619288085
-0.2,0.215,-0.19735151263126,0.208562188724777,0.00264848736874014,-0.0064378112752231,0.00696131448490626,0.435807547184675,-0.161057119262559,-0.0209885137371937,0.465090657077653
-0.2,0.23,-0.196363098060325,0.223637564171366,0.00363690193967506,-0.00636243582863417,0.00732855001977199,0.421196984309334,-0.157049808261385,-0.0365929196384816,0.451011789157697
-0.2,0.245,-0.195622197104432,0.238991824775036,0.00437780289556799,-0.00600817522496379,0.00743393083948944,0.391447597141105,-0.147725905568339,-0.0456090783184109,0.420874267451507
-0.2,0.26,-0.195218753757634,0.254644547469167,0.0047812462423661,-0.00535545253083276,0.00717921913860714,0.346467128374661,-0.132222259644193,-0.0452049929533745,0.373585576328456
-0.2,0.275,-0.195236598565296,0.270611101869555,0.0047634014347038,-0.00438889813044509,0.00647706878360595,0.28641672491041,-0.109520973878761,-0.0328464941390842,0.308396669611995
-0.2,0.29,-0.195752073911754,0.286902343233316,0.00424792608824615,-0.00309765676668435,0.00525740939012624,0.211691233703571,-0.0784976203134454,-0.00635376340824802,0.225866091291248
-0.2,0.305,-0.196832971749141,0.303524480892091,0.00316702825085913,-0.00147551910790884,0.00349388388180602,0.122892971606861,-0.0379726760121654,0.0360591805494943,0.133584726584408
-0.2,0.32,-0.198537807130472,0.320479118663233,0.00146219286952812,0.000479118663233122,0.00153868862384732,0.0208008516290019,0.0132370220232801,0.0957625911283338,0.0988856433832325
-0.2,0.335,-0.200915429177038,0.33776345296998,-0.000915429177037963,0.00276345296997969,0.00291113086196103,-0.0936631835534334,0.0762697082978617,0.173706079499039,0.21157436819755
-0.2,0.35,-0.204004951545781,0.355370605616973,-0.00400495154578068,0.00537060561697321,0.00669948069458486,-0.219468566366551,0.152175403213035,0.270429074390805,0.380073965119881
-0.18,0.05,-0.179192143985902,0.0519799431659603,0.000807856014097913,0.00197994316596029,0.00213841209310717,0.040466817323499,0.0383396041903179,-0.190509115648828,0.198497483884335
-0.18,0.065,-0.181301470605709,0.0659561145131997,-0.00130147060570868,0.000956114513199713,0.00161492436351516,0.120215925888293,-0.0159852068888807,-0.0960825619824091,0.154723201045945
-0.18,0.08,-0.18275621642912,0.0798940245551796,-0.00275621642912002,-0.000105975444820383,0.00275825303390679,0.200044762841374,-0.0605900387989514,-0.024265859210368,0.210423244038178
-0.18,0.095,-0.183601983144322,0.093813554112328,-0.00360198314432156,-0.00118644588767203,0.00379235235920273,0.278175958366797,-0.0967926056429906,0.0258625722218276,0.295668292108501
-0.18,0.11,-0.18389443351639,0.107737624651822,-0.00389443351639027,-0.00226237534817819,0.0045038821731511,0.352776424080334,-0.12590294491051,0.0557103619004563,0.37869106590739
-0.18,0.125,-0.183699017083789,0.121691933203258,-0.00369901708378914,-0.00330806679674212,0.00496246242483221,0.422001056126302,-0.14916514362704,0.0671664042980736,0.452600842375397
-0.18,0.14,-0.183090352472873,0.135704542350586,-0.00309035247287275,-0.00429545764941375,0.00529161930079043,0.484040212573005,-0.167698225459486,0.0625758404360793,0.516076698434481
-0.18,0.155,-0.18215125895348,0.149805329126246,-0.00215125895348023,-0.0051946708737543,0.00562250127359347,0.537168770466019,-0.182439924565321,0.0446942077262706,0.569064889368327
-0.18,0.17,-0.180971451759704,0.164025307431769,-0.000971451759703541,-0.00597469256823091,0.00605315370747388,0.579794263534099,-0.194097226738072,0.0166216242976279,0.611649370750912
-0.18,0.185,-0.17964593876116,0.178395849541858,0.000354061238839725,-0.00660415045814183,0.00661363460093039,0.610501473670737,-0.2031073345773,-0.018280557028188,0.643663867779311
-0.18,0.2,-0.17827317831712,0.192947842038635,0.00172682168287985,-0.00705215796136499,0.0072604989523109,0.628090970051797,-0.209612103373725,-0.0564867362664731,0.664553386037826
-0.18,0.215,-0.176953076826048,0.207710818900594,0.00304692317395163,-0.00728918109940563,0.00790037353090952,0.631609439297576,-0.213448037424946,-0.0944126172441257,0.673356895984841
-0.18,0.23,-0.175784917701527,0.222712118420724,0.00421508229847254,-0.00728788157927635,0.0084190341902413,0.620370209529948,-0.214152731032656,-0.128523487452654,0.668763002513147
-0.18,0.245,-0.174865319324504,0.237976110444919,0.00513468067549588,-0.0070238895550811,0.00870057297660839,0.593963076620686,-0.210987322168603,-0.155439166962918,0.649210004902045
-0.18,0.26,-0.174286317339006,0.253523536037677,0.00571368266099427,-0.00647646396232332,0.00863659394702676,0.552253316859424,-0.202973259178071,-0.172029901711121,0.613008761429649
-0.18,0.275,-0.174133656775062,0.269370993512034,0.00586634322493776,-0.00562900648796599,0.00813017200767219,0.495370518624619,-0.188940608535427,-0.175498322558929,0.558473486251048
-0.18,0.29,-0.174485362873811,0.285530593766469,0.00551463712618927,-0.00446940623353093,0.00709836704558662,0.423688518190856,-0.167584376255437,-0.163443832610606,0.484057603702549
-0.18,0.305,-0.175410638485747,0.302009795352926,0.0045893615142531,-0.00299020464707384,0.00547755081581992,0.337798205789505,-0.137524938984189,-0.133907257834881,0.388526020765891
-0.18,0.32,-0.176969112598223,0.318811417060963,0.00303088740177729,-0.00118858293903717,0.00325561174669562,0.238475253243526,-0.0973686958054185,-0.0853951215913774,0.271373495009767
-0.18,0.335,-0.1792104414992,0.335933814334892,0.000789558500799981,0.000933814334892258,0.00122287032764549,0.126644893190055,-0.0457654130480076,-0.0168843166822632,0.135714740408874
-0.18,0.35,-0.182174243532537,0.353371196651816,-0.00217424353253681,0.00337119665181584,0.00401152113343461,0.00334577658351294,0.0185406398188669,0.0721908815291008,0.0746088045003737
-0.16,0.05,-0.1602207291228,0.0509974267388599,-0.000220729122800273,0.0009974267388599,0.00102155834147878,0.170235920007552,-0.0238406125017534,-0.0955014719264289,0.196644888984724
-0.16,0.065,-0.16227062171451,0.0651140732782925,-0.00227062171451042,0.000114073278292451,0.00227348536024023,0.247380835615761,-0.0708450192511377,-0.00708510983226419,0.257423007590515
-0.16,0.08,-0.163652012899292,0.0791759981427327,-0.00365201289929198,-0.000824001857267262,0.00374381854226069,0.325349768444369,-0.108184630671222,0.0569055747934239,0.347555752336253
-0.16,0.095,-0.164410478736019,0.0932018153203881,-0.00441047873601866,-0.00179818467961189,0.00476296030036611,0.40237505580861,-0.137403692171624,0.0973818358645333,0.436199038411024
-0.16,0.11,-0.164601951957805,0.107213359113004,-0.00460195195780455,-0.00278664088699591,0.00537990048746429,0.476617835446686,-0.160048971606068,0.115790931997792,0.515935628730595
-0.16,0.125,-0.164292465978039,0.121235453837671,-0.00429246597803859,-0.00376454616232945,0.00570938455360367,0.546211902965358,-0.177602297638379,0.114115182166012,0.585589684743866
-0.16,0.14,-0.163557542276876,0.135295532211534,-0.00355754227687562,-0.00470446778846599,0.00589814582936633,0.609312153179278,-0.191411170999089,0.0948482185559971,0.645678041257249
-0.16,0.155,-0.162481212019333,0.149423104164607,-0.00248121201933255,-0.00557689583539299,0.00610394792275491,0.664145384715594,-0.202621828610142,0.0609474025921184,0.697040368832107
-0.16,0.17,-0.161154685544251,0.163649089146643,-0.00115468554425056,-0.00635091085335741,0.00645502651996056,0.70906083848274,-0.212119417849971,0.0157631057317947,0.7402823915317
-0.16,0.185,-0.15967470780999,0.178005036662968,0.000325292190010134,-0.00699496333703163,0.00700252290930192,0.742577667620886,-0.220479763057749,-0.0370526265648931,0.775509508080589
-0.16,0.2,-0.158141661391094,0.192522270328946,0.00185833860890638,-0.00747772967105358,0.00770518419109544,0.763426591510906,-0.227936546354359,-0.0936537210941547,0.802219896720328
-0.16,0.215,-0.156657498674075,0.20723099904051,0.00334250132592486,-0.00776900095949039,0.00845752274737538,0.770583323476166,-0.234366621724649,-0.150118271477438,0.819312703267075
-0.16,0.23,-0.155323598942943,0.222159443539592,0.00467640105705711,-0.00784055646040792,0.00912924161446553,0.763291931377999,-0.239294746269981,-0.202570545894895,0.825180673488406
-0.16,0.245,-0.154238652605913,0.23733302709411,0.00576134739408696,-0.00766697290588968,0.00959039088541228,0.741077038814152,-0.241917414379573,-0.247299737628603,0.817855568188474
-0.16,0.26,-0.153496672658183,0.252773674962537,0.00650332734181737,-0.00722632503746339,0.00972178173288722,0.703744613348291,-0.241143917668166,-0.280868729338181,0.795175617054519
-0.16,0.275,-0.153185223225164,0.268499259216469,0.00681477677483597,-0.00650074078353051,0.00941811091596933,0.651371917101577,-0.235651417645329,-0.300207110827843,0.754950011873341
-0.16,0.29,-0.153383937608606,0.284523214296199,0.00661606239139384,-0.00547678570380138,0.00858879870599952,0.58428791746747,-0.223949861168191,-0.30268414630295,0.695103970179356
-0.16,0.305,-0.154163376170086,0.300854335754281,0.00583662382991407,-0.00414566424571859,0.0071590997876933,0.503046002845645,-0.204452080819347,-0.286159130642778,0.613796860069849
-0.16,0.32,-0.15558424979176,0.31749676143935,0.00441575020824012,-0.00250323856064992,0.00507592880102719,0.408391175556293,-0.175544418712953,-0.249008388681658,0.509515538191346
-0.16,0.335,-0.157697010434372,0.334450122325295,0.00230298956562797,-0.000549877674704921,0.00236772599692831,0.301223993759567,-0.13565363965119,-0.190129846749395,0.381166235159882
-0.16,0.35,-0.160541788673375,0.351709840439438,-0.000541788673375287,0.00170984043943757,0.00179362462486827,0.182563430346372,-0.0833066558270306,-0.108927487578705,0.228330180989437
-0.14,0.05,-0.141184076166048,0.0502762071084092,-0.00118407616604774,0.000276207108409227,0.00121586460337412,0.253750171478221,-0.0670543827205919,0.00667849076909072,0.262545543895208
-0.14,0.065,-0.143186471824558,0.0645440043719943,-0.00318647182455761,-0.000455995628005662,0.00321893378332947,0.326015021639357,-0.106291125747195,0.0902072868871584,0.354572071070024
-0.14,0.08,-0.144507383893575,0.0787404159547537,-0.00450738389357452,-0.00125958404524626,0.00468007067586527,0.399961632948025,-0.135838663286254,0.147527122644918,0.447422305517278
-0.14,0.095,-0.145192283703748,0.0928826623355117,-0.00519228370374811,-0.00211733766448827,0.00560739947263157,0.473868869477948,-0.157471692242443,0.179519595498613,0.530639554827022
-0.14,0.11,-0.145297272472922,0.106991357167559,-0.00529727247292222,-0.00300864283244071,0.00609204623632949,0.545928467971541,-0.172981394176137,0.187651259264466,0.602641517115418
-0.14,0.125,-0.14488884479651,0.121090315255605,-0.00488884479650978,-0.00390968474439538,0.00625990720737286,0.614287752152253,-0.18409868384036,0.173977468941465,0.664465857592748
-0.14,0.14,-0.144043283351936,0.135206203382282,-0.0040432833519355,-0.00479379661771809,0.00627125396360921,0.677097728369963,-0.192414153219696,0.141120883956389,0.717918092323975
-0.14,0.155,-0.142845673776469,0.149368033507417,-0.00284567377646894,-0.0056319664925826,0.00631006385194763,0.732564379736384,-0.199299753432021,0.0922230982355568,0.764777579338078
-0.14,0.17,-0.141388552408597,0.163606509588395,-0.00138855240859729,-0.00639349041160545,0.00654253753789094,0.779000510753432,-0.205837696547736,0.0308698004907845,0.806334067506002
-0.14,0.185,-0.139770225288919,0.177953251631959,0.000229774711080859,-0.00704674836804051,0.00705049352743011,0.814875220887554,-0.212761962835204,-0.0390079770419367,0.843103627561136
-0.14,0.2,-0.138092821542501,0.192439931987258,0.00190717845749921,-0.00756006801274164,0.00779691977809369,0.838858092728971,-0.220417115033418,-0.113251870739312,0.874704207392529
-0.14,0.215,-0.13646016558369,0.207097368014556,0.00353983441631025,-0.00790263198544447,0.00865921589939092,0.84985546200879,-0.228737879021447,-0.187607019566596,0.899882416493317
-0.14,0.23,-0.134975567573941,0.221954620839641,0.00502443242605869,-0.00804537916035888,0.00948541232830535,0.847036695085036,-0.237251277726766,-0.257858065299491,0.916661353079921
-0.14,0.245,-0.133739638736873,0.237038150926253,0.00626036126312735,-0.00796184907374728,0.0101283347011242,0.829849163478416,-0.24510120120436,-0.319962181015777,0.922560794138406
-0.14,0.26,-0.132848236122067,0.25237107766877,0.00715176387793338,-0.00762892233122983,0.0104569681314256,0.798021482938919,-0.251093402832848,-0.370171317054706,0.914839203821405
-0.14,0.275,-0.132390630801807,0.26797258218791,0.0076093691981933,-0.00702741781209013,0.010357948672401,0.75155547352496,-0.253757272084799,-0.405136936246309,0.890718978361859
-0.14,0.29,-0.132447975385335,0.283857481266785,0.00755202461466481,-0.00614251873321456,0.00973466035197916,0.690708083329404,-0.251419541320201,-0.421992187725431,0.847572975535854
-0.14,0.305,-0.133092123544031,0.300035987033932,0.00690787645596852,-0.00496401296606755,0.00850647881665563,0.615965126336465,-0.242284457225615,-0.418408503381309,0.78306450273732
-0.14,0.32,-0.134384828516334,0.316513653336362,0.00561517148366561,-0.00348634666363792,0.00660944504856729,0.528009058399804,-0.224514910303507,-0.392625725074545,0.695241973358397
-0.14,0.335,-0.136377322205827,0.333291497150146,0.00362267779417313,-0.00170850284985349,0.0040053434794475,0.427683145844922,-0.19630950825443,-0.343456837607975,0.582594043881101
-0.14,0.35,-0.13911025379451,0.350366272986347,0.000889746205490427,0.000366272986347088,0.000962187201490556,0.315954289232626,-0.155971473738175,-0.27026999362241,0.44407327112145
-0.12,0.05,-0.122069666977329,0.0497891535754331,-0.00206966697732874,-0.000210846424566882,0.00208037919903986,0.291939485928719,-0.0953351255628811,0.112385732808694,0.327029498513815
-0.12,0.065,-0.124036613141099,0.0642181230180635,-0.00403661314109854,-0.000781876981936505,0.0041116392431452,0.356899714628244,-0.12672435615524,0.192289017822281,0.424749763222027
-0.12,0.08,-0.125310142051441,0.0785589250844679,-0.00531014205144073,-0.00144107491553215,0.00550220914893783,0.424494678329713,-0.148306455810377,0.244282168782745,0.511728497816398
-0.12,0.095,-0.125935544950593,0.0928272694978739,-0.00593554495059284,-0.00217273050212609,0.00632071607457393,0.493090020765105,-0.16208187184793,0.269197850110334,0.584703986009254
-0.12,0.11,-0.125968990671844,0.107042423535709,-0.00596899067184448,-0.00295757646429058,0.00666153947542848,0.560948750230954,-0.170085185088367,0.26849988657541,0.644739517998508
-0.12,0.125,-0.12547730949036,0.121227061421892,-0.00547730949035954,-0.00377293857810763,0.00665101381500261,0.62627136393211,-0.174299386164792,0.244292745345699,0.694464503824027
-0.12,0.14,-0.124537397190181,0.135406951363239,-0.00453739719018138,-0.00459304863676076,0.00645632008508839,0.687242054062929,-0.17656519821872,0.199303301189632,0.73702524128045
-0.12,0.155,-0.12323522639835,0.149610477396153,-0.00323522639834994,-0.0053895226038468,0.00628598788942167,0.742078964503247,-0.178491125892119,0.13683275829576,0.775417727807167
-0.12,0.17,-0.121664476950283,0.163868005307038,-0.00166447695028347,-0.00613199469296218,0.00635388404305125,0.789085922463753,-0.181370543656441,0.0606787566424998,0.81193892066462
-0.12,0.185,-0.119924823667055,0.178211114795599,7.51763329447201e-05,-0.00678888520440109,0.0067893014220589,0.826702725716887,-0.186112159497505,-0.0249698480885623,0.847768682049547
-0.12,0.2,-0.11811994602537,0.192671732327363,0.00188005397462987,-0.00732826767263729,0.00756558722303447,0.853550986499355,-0.193189510205247,-0.115660612851901,0.882759460800275
-0.12,0.215,-0.116355346570213,0.207281209084634,0.00364465342978705,-0.00771879091536627,0.00853599624053335,0.868472744639912,-0.202613786628767,-0.206820482787453,0.915472444585986
-0.12,0.23,-0.114736080903615,0.222069394835465,0.00526391909638477,-0.00793060516453488,0.0095185788082587,0.870559575068568,-0.213932382531667,-0.293905557753914,0.943420173573283
-0.12,0.245,-0.113364509825846,0.237063760347813,0.00663549017415377,-0.00793623965218655,0.0103447392266905,0.859170653753632,-0.226253339549012,-0.372548429392502,0.963420462399279
-0.12,0.26,-0.112338182392052,0.252288617909086,0.00766181760794811,-0.00771138209091372,0.0108705502533004,0.833939134753015,-0.23829361514237,-0.43869415145368,0.971963755136748
-0.12,0.275,-0.111747947752082,0.267764481746723,0.00825205224791789,-0.00723551825327724,0.0109749300998173,0.79476710648213,-0.248447123625719,-0.488717084128398,0.965529479833428
-0.12,0.29,-0.111676374950303,0.2835075988741,0.00832362504969697,-0.00649240112590017,0.0105562306884386,0.741810229893686,-0.254867038671517,-0.519512747786023,0.940825705634784
-0.12,0.305,-0.112196535612742,0.299529667298715,0.00780346438725826,-0.00547033270128545,0.00952987913385899,0.675453819830786,-0.255556050299156,-0.528561150382634,0.894952474486074
-0.12,0.32,-0.113371177806007,0.315837744430086,0.00662882219399288,-0.00416225556991363,0.00782723802556494,0.596282553691191,-0.248458179565467,-0.51396050459278,0.825500780811157
-0.12,0.335,-0.115252292792243,0.332434335354273,0.00474770720775747,-0.00256566464572723,0.0053966062303013,0.505046163306839,-0.231546301976942,-0.474432523359869,0.730601648534001
-0.12,0.35,-0.117881052845348,0.349317639762244,0.00211894715465211,-0.000682360237755655,0.00222610703657264,0.402623399471282,-0.202900564707488,-0.409302344985957,0.608938536220098
-0.1,0.05,-0.102864896902695,0.0495069192720565,-0.00286489690269526,-0.000493080727943462,0.00290701958496019,0.287551969123627,-0.112921501660974,0.217537079678253,0.377836338740234
-0.1,0.065,-0.104808469665538,0.0641062903236666,-0.00480846966553755,-0.000893709676333398,0.00489081767294251,0.342738157906209,-0.136806804701531,0.295179228697078,0.472564905283705
-0.1,0.08,-0.106047844453114,0.0786006835396756,-0.00604784445311382,-0.00139931646032437,0.00620761702146599,0.401582581365554,-0.150665032567537,0.343345123988658,0.549414878623646
-0.1,0.095,-0.106628061795031,0.0930041923462348,-0.00662806179503123,-0.00199580765376522,0.00692202653487983,0.462579245432475,-0.156707884536534,0.362800579074796,0.608411585865039
-0.1,0.11,-0.106605259192509,0.107334622166109,-0.00660525919250851,-0.00266537783389115,0.00712275845425187,0.524105396885961,-0.157202087788202,0.354984169169033,0.65224023022663
-0.1,0.125,-0.10604647573274,0.121613383787105,-0.00604647573273989,-0.0033866162128951,0.00693029856211522,0.58445754810902,-0.15437549022215,0.322023004199018,0.684928331587497
-0.1,0.14,-0.105029067344259,0.13586522001757,-0.00502906734425899,-0.00413477998243006,0.00651060088288297,0.64189411859031,-0.150316336108888,0.266718695653755,0.71117397058071
-0.1,0.155,-0.103639717812847,0.150117760199665,-0.00363971781284733,-0.00488223980033525,0.00608964787365705,0.694682917405398,-0.146871971472665,0.192500727087363,0.735676353641207
-0.1,0.17,-0.101973056224877,0.164400909613122,-0.00197305622487715,-0.00559909038687795,0.00593656163338304,0.741151090549301,-0.145554085705529,0.103346806107437,0.762351669110514
-0.1,0.185,-0.100129919215102,0.178746094369065,-0.000129919215101932,-0.00625390563093525,0.00625525496227743,0.77973474011729,-0.147457768215942,0.00367249174628434,0.793570168812083
-0.1,0.2,-0.0982153234069019,0.193185395284818,0.00178467659309811,-0.00681460471518175,0.00704442389171248,0.809025250551594,-0.153201027605632,-0.101804801600783,0.829679852141652
-0.1,0.215,-0.096336236982521,0.207750615167161,0.00366376301747897,-0.00724938483283905,0.00812260671846442,0.827809480934501,-0.1628899784952,-0.208219858901724,0.869006138005992
-0.1,0.23,-0.0945992562367558,0.222472331150401,0.00540074376324421,-0.0075276688495991,0.00926465495879074,0.835101399470147,-0.176112787583419,-0.310722380688551,0.908281748999934
-0.1,0.245,-0.0931083011558207,0.23737898636673,0.00689169884417928,-0.00762101363326956,0.0102749871901303,0.830163418402871,-0.191962941880301,-0.404638099599966,0.943277881016043
-0.1,0.26,-0.0919624426133597,0.25249607268853,0.00803755738664032,-0.00750392731147026,0.0109959653436779,0.812516534143078,-0.209089795421871,-0.485618236653204,0.969406597041505
-0.1,0.275,-0.0912539625937379,0.267845448920076,0.00874603740626209,-0.00715455107992435,0.0112995916504528,0.781939286290099,-0.225772018806586,-0.549768480921406,0.982176693440461
-0.1,0.29,-0.0910667296352637,0.283444827575863,0.00893327036473635,-0.00655517242413722,0.0110803251269828,0.738456401184276,-0.240007817790269,-0.593750764482269,0.97748900465239
-0.1,0.305,-0.0914749466464444,0.299307449599993,0.00852505335355558,-0.00569255040000699,0.0102509348226193,0.68231868023029,-0.249614795668688,-0.614853722330547,0.951804738856142
-0.1,0.32,-0.0925423005870489,0.315441951955406,0.00745769941295107,-0.00455804804459353,0.00874031363915241,0.613976164498577,-0.252332166619299,-0.611030500435927,0.902226881453153
-0.1,0.335,-0.0943215160275395,0.33185241931051,0.00567848397246046,-0.00314758068948978,0.00649249138792954,0.534046829776081,-0.245918612711133,-0.580905164396826,0.826525642162639
-0.1,0.35,-0.0968542901630561,0.348538599671877,0.0031457098369439,-0.00146140032812314,0.00346859932786767,0.443283046579576,-0.228240240970538,-0.523751082626854,0.723129037400881
-0.08,0.05,-0.0835572461642383,0.0493981766230778,-0.00355724616423833,-0.000601823376922217,0.00360779595459588,0.24523698679818,-0.123944471904829,0.31775963543876,0.420089738383709
-0.08,0.065,-0.0854894693830295,0.0641762566753602,-0.00548946938302947,-0.000823743324639803,0.00555093029789661,0.288260628671101,-0.141123497058718,0.394562257062323,0.508616854749356
-0.08,0.08,-0.0867079635524158,0.0788326102055213,-0.00670796355241585,-0.00116738979447867,0.00680878652571751,0.336006800787587,-0.147951847494518,0.440510768772546,0.57344816835943
-0.08,0.095,-0.0872574535808566,0.0933796227623883,-0.00725745358085655,-0.00162037723761171,0.00743614516200819,0.387138169506625,-0.146827720495481,0.45628891088421,0.61614736106688
-0.08,0.11,-0.0871939497516519,0.107833534915409,-0.00719394975165188,-0.00216646508459056,0.00751308751393475,0.440188844480074,-0.140227652457147,0.443288360520178,0.640264671666931
-0.08,0.125,-0.0865845732160138,0.122214381785615,-0.00658457321601377,-0.00278561821438472,0.00714956455131065,0.493594854899602,-0.130605699315166,0.403631165046282,0.65085820435336
-0.08,0.14,-0.085506983922113,0.13654576219624,-0.00550698392211303,-0.00345423780375975,0.00650066386789337,0.545731550187737,-0.12028381373618,0.340160675260306,0.654220953414733
-0.08,0.155,-0.0840483944315801,0.150854429442823,-0.00404839443158006,-0.00414557055717718,0.00579441564941477,0.594956488514538,-0.11134012209982,0.25639751421505,0.657353992310389
-0.08,0.17,-0.0823041790851834,0.165169708363846,-0.00230417908518336,-0.00483029163615367,0.00535172481980273,0.639655774759467,-0.105502905262978,0.156459624142049,0.666914543929801
-0.08,0.185,-0.0803761166633077,0.179522757450581,-0.000376116663307686,-0.00547724254941939,0.0054901411356711,0.678291319124501,-0.104058441578654,0.0449484032616802,0.687701468300931
-0.08,0.2,-0.0783703326208827,0.193945708284006,0.00162966737911735,-0.00605429171599436,0.00626978978506594,0.709446230548865,-0.107780326442139,-0.0731939361599922,0.721314617135102
-0.08,0.215,-0.0763950314798121,0.208470726415763,0.0036049685201879,-0.00652927358423738,0.00745836520756163,0.731865559368685,-0.116886402082563,-0.192847832875781,0.765825467160593
-0.08,0.23,-0.0745581277262744,0.223129045885941,0.00544187227372559,-0.00687095411405941,0.00876492922282053,0.744489916462233,-0.131027153009915,-0.308890575265516,0.816613756041296
-0.08,0.245,-0.0729648923001499,0.237950033009741,0.00703510769985011,-0.00704996699025939,0.00995965736921895,0.746480049545061,-0.149306615532271,-0.416370022479501,0.867700014420715
-0.08,0.26,-0.0717157305694503,0.25296033318933,0.00828426943054968,-0.00703966681066964,0.0108713397887833,0.737231224786876,-0.170333900280228,-0.510666730647792,0.912864532039123
-0.08,0.275,-0.0709041963748421,0.268183147579921,0.00909580362515786,-0.00681685242007862,0.0113667550560644,0.716377112206772,-0.192300738960341,-0.587634632945766,0.946314197189815
-0.08,0.29,-0.0706153270915545,0.283637675325638,0.00938467290844547,-0.00636232467436154,0.0113380448429392,0.683783705331273,-0.213078398108924,-0.643712667730307,0.962990336496227
-0.08,0.305,-0.0709243589075751,0.299338743272174,0.00907564109242487,-0.00566125672782619,0.0106965924002398,0.639534514927834,-0.230326090724924,-0.676002620840328,0.958673817636779
-0.08,0.32,-0.071895853031784,0.31529663030401,0.00810414696821601,-0.00470336969598972,0.00937010590012724,0.583908789098132,-0.241602743790596,-0.682311530748529,0.929994286697901
-0.08,0.335,-0.0735832352680343,0.331517079321028,0.00641676473196573,-0.00348292067897227,0.00730106883143912,0.517354791681599,-0.244474574554797,-0.66115989751136,0.874397533846894
-0.08,0.35,-0.0760287261113461,0.348001477993632,0.00397127388865387,-0.00199852200636769,0.00444579649878849,0.440460222130703,-0.236612199597749,-0.611759320104992,0.790094866516037
-0.06,0.05,-0.0641344604485821,0.0494298974965301,-0.00413446044858215,-0.000570102503469866,0.00417358120387668,0.171491654277762,-0.132082918485173,0.408577544022543,0.462376529013054
-0.06,0.065,-0.0660672274454727,0.0643939535058527,-0.00606722744547267,-0.000606046494147278,0.00609742086690471,0.200183561715646,-0.143804617134298,0.485969620096201,0.544905437604738
-0.06,0.08,-0.0672780711122088,0.0792196869725956,-0.00727807111220877,-0.000780313027404361,0.00731978193220978,0.234670493395803,-0.144754339466566,0.53136783402859,0.598647721621152
-0.06,0.095,-0.0678113422211976,0.0939176997612518,-0.00781134222119759,-0.0010823002387482,0.00788596481753872,0.273819901923129,-0.137482223598582,0.545362515465849,0.625542053441042
-0.06,0.11,-0.0677228321613673,0.108502579249376,-0.00772283216136729,-0.00149742075062412,0.00786666419119621,0.316362002523577,-0.124641302380719,0.529279053963429,0.629095115049843
-0.06,0.125,-0.06707961890262,0.122992885496484,-0.00707961890261996,-0.00200711450351596,0.00735863522920915,0.360913453398471,-0.108881480699012,0.485206998135829,0.614445397924121
-0.06,0.14,-0.0659595088649968,0.137410965208707,-0.00595950886499681,-0.00258903479129316,0.00649760317828828,0.4060079743634,-0.0927327231362576,0.415996463664078,0.588640755193988
-0.06,0.155,-0.0644500564632573,0.151782581923668,-0.00445005646325733,-0.00321741807633177,0.00549133695961965,0.450132906535138,-0.0784844665210501,0.325217728172436,0.560846259976643
-0.06,0.17,-0.0626471696971894,0.166136364565876,-0.00264716969718946,-0.00386363543412407,0.0046835014864455,0.491770113545954,-0.0680696076265376,0.217082483314653,0.541847126762933
-0.06,0.185,-0.0606533393980428,0.180503091027095,-0.000653339398042813,-0.00449690897290481,0.00454412177209488,0.529439104951182,-0.062961975596479,0.096328388876766,0.541803767231828
-0.06,0.2,-0.0585755587215815,0.194914837685943,0.00142444127841845,-0.00508516231405728,0.00528090036982055,0.561739922604214,-0.0640957773240581,-0.031928059693697,0.566287931003047
-0.06,0.215,-0.0565230245986867,0.209404038317763,0.00347697540131333,-0.00559596168223656,0.00658818222959852,0.587393206470743,-0.07181404261073,-0.162362177144554,0.613639235743741
-0.06,0.23,-0.0546047314449407,0.224002504784856,0.00539526855505926,-0.00599749521514378,0.00806714767665027,0.605275005867456,-0.0858507072707872,-0.289624635294905,0.676473149427822
-0.06,0.245,-0.052927076796657,0.238740466253253,0.00707292320334302,-0.00625953374674701,0.00944499896066975,0.614444322617753,-0.105347949030042,-0.408525933464619,0.745346421899864
-0.06,0.26,-0.0515915974321049,0.253645682444047,0.00840840256789506,-0.00635431755595298,0.0105393825884478,0.614161977527916,-0.128907138763099,-0.514209740532315,0.811316609461834
-0.06,0.275,-0.0506929433571043,0.268742680044683,0.00930705664289569,-0.00625731995531695,0.0112149612739981,0.603900144707186,-0.154668752557011,-0.602304307857403,0.866834828182497
-0.06,0.29,-0.0503171769989763,0.284052150539059,0.00968282300102374,-0.0059478494609406,0.0113637130586427,0.583342663051264,-0.180414214952862,-0.66904349581049,0.905800330711138
-0.06,0.305,-0.0505404586920798,0.299590533956672,0.00945954130792021,-0.0054094660433284,0.0108970291653355,0.552376928252691,-0.203681196620683,-0.711352032889161,0.923388580256414
-0.06,0.32,-0.0514281503903272,0.315369797996712,0.00857184960967275,-0.00463020200328765,0.00974245227456085,0.511078708860443,-0.221883482266071,-0.72689297430981,0.915873890735783
-0.06,0.335,-0.0530343405145934,0.33139740760025,0.00696565948540662,-0.00360259239974972,0.00784213517260252,0.45969157211297,-0.232427093290238,-0.714078497937633,0.88048966678429
-0.06,0.35,-0.0554017670003312,0.347676467581058,0.00459823299966883,-0.00232353241894159,0.00515194619742054,0.398602740195176,-0.232815690523443,-0.67204780883652,0.815320038249019
-0.04,0.05,-0.0445847361038948,0.0495676730849377,-0.00458473610389482,-0.000432326915062259,0.00460507456007434,0.0744541346533426,-0.1402245768639,0.485623431882966,0.510918973474027
-0.04,0.065,-0.0465297357377275,0.0647238283433006,-0.00652973573772753,-0.000276171656699381,0.0065355733940122,0.0870024501280838,-0.148148387616065,0.564990702951405,0.590537850345563
-0.04,0.08,-0.04774603035784,0.0797253075565407,-0.00774603035784002,-0.000274692443459318,0.00775089944735918,0.106393579743231,-0.144794540578985,0.611505181621566,0.637360046558165
-0.04,0.095,-0.0482775450520554,0.0945808705187268,-0.00827754505205541,-0.000419129481273234,0.00828814946842052,0.13172890110566,-0.132822194779967,0.625657195004165,0.653028162356767
-0.04,0.11,-0.0481797657419797,0.109303379487095,-0.00817976574197971,-0.000696620512905005,0.00820937559943902,0.161967512709762,-0.115017798559296,0.608689932196073,0.640289207515836
-0.04,0.125,-0.0475196048406512,0.123909834834428,-0.0075196048406512,-0.00109016516557195,0.00759821801791522,0.195942186039654,-0.0941859098744355,0.562634812339475,0.603179590250159
-0.04,0.14,-0.046374857987308,0.138421235577128,-0.00637485798730798,-0.00157876442287183,0.00656744329714922,0.232381965695153,-0.0730273837318478,0.490313544656826,0.547488839662725
-0.04,0.155,-0.0448332320750334,0.152862251487179,-0.00483323207503344,-0.00213774851282114,0.00528489365978173,0.26994090834784,-0.054012078860456,0.395302163932238,0.481716271652243
-0.04,0.17,-0.0429909518955029,0.167260706509317,-0.00299095189550289,-0.00273929349068339,0.00405580103916757,0.307231896178637,-0.0392547871732759,0.281854946912729,0.418778423741879
-0.04,0.185,-0.0409509823566937,0.181646887827119,-0.000950982356693681,-0.00335311217288134,0.00348535919048061,0.342863938355281,-0.0304038545519993,0.154789409972028,0.377412706559421
-0.04,0.2,-0.0388209329631757,0.196052709844626,0.0011790670368243,-0.0039472901553744,0.00411962360514177,0.375480961221212,-0.0285516947694484,0.0193371573036382,0.377061785773869
-0.04,0.215,-0.0367107370181701,0.210510775579265,0.00328926298182993,-0.00448922442073521,0.00556528407750782,0.40379984137998,-0.0341750088784093,-0.119031235264864,0.422364162695887
-0.04,0.23,-0.0347302172539798,0.225053387797358,0.00526978274602023,-0.00494661220264189,0.00722769551610872,0.426645427864318,-0.0471101014536011,-0.254796395180111,0.499167769174651
-0.04,0.245,-0.0329866594316579,0.239711567370836,0.00701334056834207,-0.00528843262916376,0.00878376147221432,0.442980501365175,-0.0665655174430045,-0.382582857215562,0.589097099387066
-0.04,0.26,-0.0315825146552964,0.254514135848504,0.00841748534470362,-0.00548586415149613,0.0100473262620943,0.451929066624152,-0.091170745872854,-0.497341528130629,0.678163660900677
-0.04,0.275,-0.0306133400332116,0.269486913488288,0.00938665996678836,-0.00551308651171248,0.0108859316651233,0.452791943116745,-0.119056439117023,-0.594510298027858,0.7567336374967
-0.04,0.29,-0.0301660670178788,0.284652073453847,0.00983393298212115,-0.0053479265461526,0.0111940411040827,0.445054285326309,-0.147958942574105,-0.670143570594629,0.817966340560516
-0.04,0.305,-0.0303176602752305,0.30002767922718,0.00968233972476945,-0.00497232077282048,0.0108844695053857,0.428385301802453,-0.17534024571513,-0.721004690014678,0.85680780350689
-0.04,0.32,-0.0311342001041119,0.315627417182712,0.00886579989588812,-0.00437258281728817,0.00988543819402932,0.402630993317096,-0.198513898317949,-0.744618791453848,0.869477508081067
-0.04,0.335,-0.0326703919977223,0.331460521523584,0.00732960800227772,-0.00353947847641581,0.00813947549612777,0.367801128066326,-0.214767936290097,-0.739287005918684,0.853206695589864
-0.04,0.35,-0.0349694804694148,0.347531875956581,0.0050305195305852,-0.00246812404341926,0.00560337068569476,0.324051903860121,-0.221477222257065,-0.704065804989264,0.806090051985432
-0.02,0.05,-0.0248969048792191,0.0497760669598406,-0.00489690487921907,-0.000223933040159385,0.00490202237883453,-0.0364538550579301,-0.150174436831023,0.544855502678122,0.566349163891054
-0.02,0.065,-0.026865553545397,0.0651292161564319,-0.00686555354539697,0.000129216156431855,0.00686676942235546,-0.0413811486420846,-0.156291653306548,0.627493351569757,0.647990634324758
-0.02,0.08,-0.0281001910611575,0.0803116658609483,-0.00810019106115753,0.000311665860948329,0.0081061847274866,-0.0384731776283434,-0.150560646985187,0.676732500406086,0.694349675136304
-0.02,0.095,-0.0286442725470613,0.0953302940167111,-0.00864427254706127,0.000330294016711141,0.0086505804432623,-0.0283748501906731,-0.135700663991137,0.692961822933532,0.706698112265519
-0.02,0.11,-0.0285528977600069,0.11019618368388,-0.00855289776000687,0.000196183683879636,0.00855514746400967,-0.0118745878862793,-0.114580996733439,0.67733074578347,0.68706070065713
-0.02,0.125,-0.0278926952762306,0.124924707350667,-0.0078926952762306,-7.52926493327033e-05,0.00789305439652334,0.0101033754085115,-0.0901108880436617,0.631790099524926,0.638267180029761
-0.02,0.14,-0.0267412946604982,0.139535435026781,-0.00674129466049821,-0.000464564973219173,0.00675728305711724,0.0365127647653365,-0.0651152411254891,0.55909964723558,0.564063969666309
-0.02,0.155,-0.0251863655664074,0.154051850281447,-0.00518636556640739,-0.000948149718553226,0.00527232165911838,0.0662050992995249,-0.0422032425287316,0.462797087341453,0.469410913166063
-0.02,0.17,-0.0233242299140297,0.168500871307085,-0.00332422991402968,-0.00149912869291535,0.00364662739517651,0.0979551212342885,-0.0236387328245824,0.34712592398597,0.361456547703684
-0.02,0.185,-0.0212580835352206,0.182912189092982,-0.00125808353522057,-0.00208781090701821,0.00243756611501253,0.130490846647273,-0.0112221121745091,0.216922920004817,0.253395845945952
-0.02,0.2,-0.0190958935519862,0.197317450039202,0.000904106448013753,-0.00268254996079798,0.00283080955938708,0.162526812436614,-0.00619347513751385,0.0774695490455998,0.180152384560325
-0.02,0.215,-0.0169480643938717,0.211749324304743,0.00305193560612828,-0.00325067569525705,0.00445883431175554,0.19279874137737,-0.00916540018981883,-0.0656845632415837,0.203886892544149
-0.02,0.23,-0.0149249848517511,0.226240511820568,0.00507501514824885,-0.00375948817943161,0.00631581587178104,0.220097655455077,-0.0200914442930598,-0.206915259792692,0.302755317181158
-0.02,0.245,-0.0131345790086925,0.240822743803559,0.00686542099130755,-0.00417725619644094,0.0080363844307369,0.243301465372534,-0.038273178985232,-0.340721734902494,0.420419472638301
-0.02,0.26,-0.0116799833369149,0.255525838068469,0.00832001666308509,-0.00447416193153094,0.0094467350054701,0.261402286442078,-0.0624049928431816,-0.461915448929538,0.534409478694312
-0.02,0.275,-0.0106574612616705,0.270376861134438,0.00934253873832955,-0.00462313886556232,0.0104238401296001,0.273528089989241,-0.090652388412101,-0.565787856632343,0.634945270188163
-0.02,0.29,-0.0101546461900664,0.285399440203083,0.00984535380993357,-0.00460055979691737,0.0108672048884608,0.278957825571773,-0.120756620030877,-0.648247088347304,0.715982254052076
-0.02,0.305,-0.0102491772725112,0.300613254553902,0.00975082272748878,-0.00438674544609763,0.0106921503670576,0.277129683060142,-0.15015661361709,-0.705916958562082,0.773094877770373
-0.02,0.32,-0.0110077620454725,0.316033720826378,0.0089922379545275,-0.00396627917362236,0.00982810835888348,0.267642704693652,-0.176118366635904,-0.736195352826482,0.802897529551552
-0.02,0.335,-0.0124856703020765,0.331671871686818,0.00751432969792348,-0.00332812831318202,0.00821836899135702,0.250252400064093,-0.195862416353614,-0.737272610352087,0.802851043723058
-0.02,0.35,-0.0147266366104718,0.347534414211824,0.00527336338952816,-0.00246558578817552,0.00582129493470903,0.224861343486932,-0.206681287053628,-0.708113553649411,0.771176737991587
0,0.05,-0.00506061288795112,0.0500189933749912,-0.00506061288795112,1.89933749911719e-05,0.00506064853057299,-0.151011053347908,-0.162450983497794,0.582758456931043,0.623543035244194
0,0.065,-0.00706399376717756,0.0655727385369922,-0.00706399376717756,0.000572738536992246,0.00708717414591172,-0.17417382600061,-0.168974140777671,0.669832098282125,0.712439724885585
0,0.08,-0.00832958173822793,0.0809401748078315,-0.00832958173822793,0.00094017480783154,0.00838247341797761,-0.188590426903642,-0.163037313037769,0.723293277759353,0.765055146157233
0,0.095,-0.00890032502075672,0.0961262778810645,-0.00890032502075672,0.00112627788106445,0.00897130354744967,-0.194643175936931,-0.147367900617128,0.743432964147482,0.782499427093454
0,0.11,-0.00883086294343954,0.111140316394994,-0.00883086294343954,0.00114031639499423,0.00890418226489701,-0.192855544977665,-0.124863110232622,0.731300025584413,0.766545856012903
0,0.125,-0.00818742711813283,0.12599598438303,-0.00818742711813283,0.00099598438302978,0.00824778441194822,-0.183892769944634,-0.0984812101378663,0.688746444699817,0.719648228781324
0,0.14,-0.00704732932410836,0.140711357259663,-0.00704732932410836,0.000711357259663203,0.0070831405289824,-0.168557213175524,-0.0711174282276154,0.618439787831695,0.64493517939296
0,0.155,-0.00549801394158961,0.155308653036791,-0.00549801394158961,0.000308653036790785,0.00550667086351035,-0.147777988354517,-0.0454713804379156,0.523837379335814,0.546181141459719
0,0.17,-0.00363568010466887,0.169813793322206,-0.00363568010466887,-0.000186206677794232,0.00364044540548821,-0.122594719406464,-0.0239147642014386,0.409119150784279,0.427762446507215
0,0.185,-0.00156350904139015,0.184255773703235,-0.00156350904139015,-0.000744226296764516,0.00173159848212701,-0.0941357505767617,-0.00836915863732155,0.279079407601754,0.294647398480311
0,0.2,0.000610437548985154,0.198665868887462,0.000610437548985154,-0.00133413111253805,0.00146715364793638,-0.0635915832252954,-0.000203852543975002,0.138981472908186,0.152839113702978
0,0.215,0.0027755554848178,0.213076712375116,0.0027755554848178,-0.00192328762488425,0.00337679486160102,-0.0321847686169965,-0.000162514158856246,-0.00561716974162278,0.0326716752854736
0,0.23,0.00482115978758966,0.227521301841165,0.00482115978758966,-0.00247869815883489,0.0054210263105876,-0.00113783377076337,-0.00832526165680857,-0.149058505368986,0.149295195104671
0,0.245,0.00663894670391468,0.242031988192155,0.00663894670391468,-0.00296801180784489,0.00727218725205329,0.0283589700771226,-0.0241095348982878,-0.285783630089556,0.288197777930991
0,0.26,0.00812533280937712,0.256639507403834,0.00812533280937712,-0.0033604925961665,0.00879283479612975,0.0551782728253456,-0.0463095322112554,-0.410524997850309,0.41679821797657
0,0.275,0.00918355886621383,0.271372109767207,0.00918355886621383,-0.00362789023279281,0.00987417545876151,0.0782828701911161,-0.0731703822534743,-0.518478731920212,0.529437723012166
0,0.29,0.00972546619705095,0.286254831725072,0.00972546619705095,-0.00374516827492832,0.0104216590885286,0.0967483308788126,-0.10249018049189,-0.605446664901691,0.621638103232516
0,0.305,0.00967288013267209,0.301308942244924,0.00967288013267209,-0.00369105775507589,0.0103531887557577,0.109779990540036,-0.13174093251277,-0.667940980936206,0.689607290070522
0,0.32,0.00895856533896003,0.316551580754726,0.00895856533896003,-0.00344841924527428,0.00959934832285995,0.116723887501695,-0.158198522653893,-0.703248020102003,0.730216566240491
0,0.335,0.00752674786568919,0.331995588532736,0.00752674786568919,-0.00300441146726399,0.00810422246105597,0.117071660439025,-0.179072068394122,-0.709451454579045,0.741013899701848
0,0.35,0.00533322584904633,0.347649521983466,0.00533322584904633,-0.00235047801653354,0.00582821112033044,0.110459844918869,-0.191624245784243,-0.685418202794432,0.720226472753937
0.02,0.05,0.0149335115472757,0.0502601117867653,-0.00506648845272434,0.000260111786765271,0.00507316108390058,-0.258762665558347,-0.176200875015465,0.596507181175071,0.673669734309734
0.02,0.065,0.012884700983785,0.0660167210072959,-0.00711529901621499,0.00101672100729591,0.00718757272636784,-0.300298092934976,-0.185432106142493,0.689021918727541,0.774160405209657
0.02,0.08,0.0115759069429408,0.081571905310654,-0.00842409305705918,0.00157190531065396,0.00856949415891363,-0.332278307333177,-0.181575857107302,0.748047258113522,0.838430623166142
0.02,0.095,0.0109647178327029,0.0969287374324341,-0.0090352821672971,0.00192873743243413,0.00923885014089684,-0.354825634511861,-0.167316068316794,0.773784163686369,0.867555306360399
0.02,0.11,0.0109970222372945,0.11209465575751,-0.00900297776270548,0.00209465575750964,0.0092434404492179,-0.368198134451047,-0.145522179173533,0.767178828664273,0.863321508673979
0.02,0.125,0.0116070925823506,0.127081643704238,-0.00839290741764945,0.00208164370423822,0.00864720390835267,-0.372798140441783,-0.119143861694469,0.72997090857815,0.828277241065499
0.02,0.14,0.0127180815753781,0.141906233218307,-0.00728191842462191,0.00190623321830691,0.00752728776023773,-0.369176529429332,-0.0910897068947471,0.664710113906659,0.765791688449864
0.02,0.155,0.0142429544075594,0.156589311746717,-0.00575704559244061,0.00158931174671748,0.0059723936392115,-0.358031791666783,-0.0640963820492108,0.574735444454069,0.680162755476996
0.02,0.17,0.0160858524907353,0.17115572476125,-0.0039141475092647,0.0011557247612495,0.00408120698422027,-0.340203205853733,-0.0405966753455978,0.464113726153264,0.576880120538604
0.02,0.185,0.0181438541540913,0.185633681023297,-0.00185614584590873,0.000633681023297444,0.00196133348530318,-0.316657786341363,-0.0225960593629823,0.337537263943435,0.46337383439547
0.02,0.2,0.020309067354712,0.200053983723275,0.000309067354711978,5.39837232746976e-05,0.000313746509346732,-0.28847112288381,-0.0115676402355937,0.200184056250595,0.351316726200375
0.02,0.215,0.0224709623889114,0.21444912564885,0.00247096238891139,-0.000550874351150227,0.0025316235261527,-0.256802736146069,-0.00837443800188338,0.0575476780658277,0.263305210296592
0.02,0.23,0.0245188323621851,0.228852298502606,0.00451883236218512,-0.00114770149739435,0.00466230250462717,-0.22286706661284,-0.0132258720009505,-0.0847529132890534,0.238804924442521
0.02,0.245,0.0263442582071606,0.24329637401777,0.00634425820716061,-0.00170362598223031,0.00656901466632972,-0.187901618084333,-0.0256723181615744,-0.221171216187211,0.29134683071689
0.02,0.26,0.0278434547280348,0.257812916564223,0.00784345472803484,-0.00218708343577698,0.00814267253583135,-0.153134052920009,-0.0446380577868399,-0.34642541842112,0.381383929860371
0.02,0.275,0.028919384878456,0.272431283126967,0.00891938487845598,-0.00256871687303314,0.00928190352157543,-0.119750122374461,-0.0684893542001572,-0.455672426293992,0.476098254331333
0.02,0.29,0.0294835492865528,0.287177857672385,0.00948354928655276,-0.0028221423276146,0.00989455377406123,-0.0888642080137363,-0.0951312873225348,-0.544653126335536,0.559996726525763
0.02,0.305,0.0294573846989682,0.302075454231173,0.00945738469896823,-0.0029245457688267,0.00989924710764614,-0.0614939844912763,-0.122124756937684,-0.609801358445535,0.624946025834382
0.02,0.32,0.0287732352077561,0.317142908119432,0.00877323520775605,-0.0028570918805679,0.00922673452661435,-0.0385402910122463,-0.146813975950943,-0.648312706897889,0.6658483710084
0.02,0.335,0.0273748901511662,0.332394859708102,0.00737489015116621,-0.00260514029189793,0.00782149350714034,-0.020772847444988,-0.166454842088124,-0.658172837429538,0.679216911014697
0.02,0.35,0.025217709823723,0.347841721398953,0.00521770982372299,-0.00215827860104748,0.00564647344138931,-0.00882195663623108,-0.178335650467956,-0.638148328247031,0.662661010485713
0.04,0.05,0.0350937062699374,0.0504632278385126,-0.00490629373006257,0.000463227838512575,0.00492811304618962,-0.349609977588859,-0.189246246690001,0.584076664073428,0.70653602422599
0.04,0.065,0.032989197837673,0.0664236179229838,-0.00701080216232697,0.00142361792298376,0.00715388250881499,-0.409029859487861,-0.203438966426979,0.682859564205532,0.821584803509964
0.04,0.08,0.0316253533133737,0.0821680340999312,-0.00837464668662632,0.00216803409993116,0.00865072707836085,-0.458201201641325,-0.203925821228167,0.748603193481093,0.901086876199208
0.04,0.095,0.0309603206055392,0.0976976649709558,-0.00903967939446082,0.00269766497095583,0.00943362071795139,-0.496999871470628,-0.193299202909833,0.781429725269222,0.946058245816297
0.04,0.11,0.0309405767684437,0.113018122285139,-0.00905942323155629,0.00301812228513887,0.00954893771141657,-0.525429764798035,-0.174347966134567,0.782184712837715,0.958283873679138
0.04,0.125,0.0315009985937627,0.128139665403921,-0.0084990014062373,0.00313966540392077,0.00906038209745045,-0.543638493888896,-0.149957484651961,0.752486885953469,0.940365047491823
0.04,0.14,0.0325653436693632,0.143077251220477,-0.00743465633063685,0.00307725122047739,0.00804634015118726,-0.551929857096794,-0.122993469287982,0.694747859158111,0.895792885677396
0.04,0.155,0.0340471654792284,0.157850386771084,-0.00595283452077155,0.00285038677108401,0.00660007148267807,-0.550771784829891,-0.0961755800695656,0.612156045201069,0.829063518478621
0.04,0.17,0.0358511591253109,0.172482774245093,-0.00414884087468907,0.00248277424509252,0.00483498175338702,-0.540798574848563,-0.071948744775027,0.508621254155687,0.745884144897311
0.04,0.185,0.0378749040964648,0.187001753173532,-0.00212509590353517,0.00200175317353221,0.00291942603382382,-0.522806493693408,-0.052361366007324,0.388679436282734,0.653563063665013
0.04,0.2,0.0400109402482792,0.201437560672154,1.09402482792453e-05,0.00143756067215392,0.00143760230076195,-0.497742239296522,-0.0389599610416411,0.25736048965947,0.56169579295008
0.04,0.215,0.0421490860832114,0.215822446026536,0.00214908608321142,0.000822446026535917,0.00230108419220543,-0.46668429214448,-0.0327090488318995,0.120025596794245,0.482982024117717
0.04,0.23,0.0441788881126811,0.230189688369619,0.00417888811268111,0.000189688369618607,0.00418319107092613,-0.43081777469644,-0.0339432572601236,-0.0178163138221531,0.432520992707583
0.04,0.245,0.0459920788419995,0.244572574582401,0.00599207884199954,-0.000427425417599048,0.00600730399899558,-0.391404015793331,-0.0423558480608577,-0.150701165076126,0.421548056815921
0.04,0.26,0.047484920363008,0.259003397191344,0.00748492036300803,-0.000996602808655545,0.00755097675792956,-0.349746495220546,-0.0570245026066291,-0.273398587304126,0.447573693397835
0.04,0.275,0.0485603208654279,0.273512529125206,0.00856032086542793,-0.00148747087479359,0.00868859384034264,-0.307155163471744,-0.076471749954455,-0.381084684681812,0.495398111447372
0.04,0.29,0.0491296308213487,0.288127623964037,0.00912963082134866,-0.00187237603596313,0.00931965401472439,-0.264911232274298,-0.0987543389920197,-0.469488140024533,0.548043596864366
0.04,0.305,0.0491140519503152,0.302872978051514,0.00911405195031523,-0.00212702194848605,0.00935896176519523,-0.224234425990972,-0.121573576311041,-0.535001928783106,0.592698412914693
0.04,0.32,0.048445621972622,0.317769076392155,0.00844562197262202,-0.00223092360784544,0.00873530484004297,-0.1862543802747,-0.142397421462054,-0.574756335979342,0.620738539476528
0.04,0.335,0.0470677680598688,0.332832329128649,0.00706776805986875,-0.00216767087135142,0.00739270872918758,-0.151987432651616,-0.158585016778112,-0.586652506052452,0.626429931479572
0.04,0.35,0.0449354490607738,0.348074991657275,0.00493544906077381,-0.0019250083427246,0.00529757629025316,-0.122319536665684,-0.167505209358145,-0.569358939691515,0.605964593895903
0.06,0.05,0.0554269444904613,0.0505926907551366,-0.00457305550953868,0.000592690755136571,0.00461130339758147,-0.414361159155436,-0.198259129114884,0.544289040100231,0.712221133802981
0.06,0.065,0.0532569336687061,0.0667564340869154,-0.00674306633129393,0.00175643408691536,0.0069680703390471,-0.490596570041006,-0.21948825823135,0.649981911907143,0.843415331204144
0.06,0.08,0.0518266557398813,0.0826902887076432,-0.0081733442601187,0.00269028870764321,0.00860472020026729,-0.556013397338697,-0.226424480361705,0.723389816740303,0.940069994820574
0.06,0.095,0.0510948346856773,0.0983935968178137,-0.00890516531432267,0.00339359681781373,0.00952987243552038,-0.610264038317016,-0.221526791451678,0.764569412215631,1.00303957871058
0.06,0.11,0.0510085897148713,0.11387016617892,-0.00899141028512868,0.00387016617891967,0.00978895526437686,-0.653119790416586,-0.207456677838024,0.774270947565385,1.0339865808834
0.06,0.125,0.0515034950568699,0.129128537202753,-0.00849650494313009,0.00412853720275291,0.00944644989840887,-0.684492612617986,-0.186984956297659,0.753988187580056,1.03538440698517
0.06,0.14,0.0525040461733598,0.144182077557927,-0.00749595382664021,0.00418207755792688,0.00858365286295047,-0.704454696272157,-0.162882660297692,0.705980150090504,1.01055510775236
0.06,0.155,0.053924556285496,0.159048879619415,-0.006075443714504,0.00404887961941544,0.00730098914535721,-0.713254256315339,-0.137801439850845,0.633259117644293,0.963721888117521
0.06,0.17,0.0556704804819776,0.173751448268586,-0.00432951951802239,0.00375144826858592,0.00572870869994392,-0.711325957829128,-0.114150744121673,0.539541366010437,0.900075861657066
0.06,0.185,0.0576401348920751,0.188316181474341,-0.00235986510792487,0.00331618147434123,0.0040701379458644,-0.699294562252151,-0.0939803246602465,0.42915979742435,0.825854179714047
0.06,0.2,0.0597267484120987,0.202772662269638,-0.000273251587901258,0.00277266226963752,0.00278609448722796,-0.677970741052261,-0.0788770497923543,0.306940891664826,0.748389329671759
0.06,0.215,0.06182075768851,0.217152796290805,0.00182075768851005,0.00215279629080536,0.00281951953885299,-0.648338539944701,-0.0698844738480069,0.178051737291989,0.675969247271774
0.06,0.23,0.0638122356237616,0.231489842207471,0.00381223562376163,0.00148984220747123,0.00409301481236508,-0.611534628171253,-0.0674520178504529,0.0478259184690036,0.617102403121173
0.06,0.245,0.065593332434321,0.245817391074591,0.00559333243432097,0.000817391074590723,0.00565274233356232,-0.568820168576416,-0.0714181327278847,-0.0784207545266629,0.578627336169217
0.06,0.26,0.0670606074491019,0.260168354327916,0.00706060744910193,0.000168354327915732,0.00706261429854708,-0.521546794270484,-0.0810287388049925,-0.195572592523964,0.562874677158668
0.06,0.275,0.0681171395736792,0.274574017781651,0.00811713957367924,-0.000425982218349275,0.00812830952344578,-0.471118685578044,-0.0949889893691183,-0.298882619132013,0.565958610184167
0.06,0.29,0.068674323514299,0.289063211587669,0.00867432351429903,-0.000936788412331191,0.00872476136981402,-0.418953045907951,-0.111543449018694,-0.38411708422054,0.579234311487435
0.06,0.305,0.0686532845852387,0.303661634436379,0.00865328458523873,-0.00133836556362141,0.00875617247974353,-0.366441330683145,-0.128577504177121,-0.447668116750502,0.592639264251798
0.06,0.32,0.0679858743455934,0.318391356109426,0.00798587434559342,-0.00160864389057352,0.0081462828474272,-0.314913395985025,-0.143731499184913,-0.486629916781866,0.597194353195796
0.06,0.335,0.0666152390146076,0.333270507738844,0.00661523901460764,-0.00172949226115648,0.00683758222632732,-0.265606358120402,-0.154518802447641,-0.49883722009629,0.585887669291775
0.06,0.35,0.0644959794301126,0.3483131551324,0.00449597943011265,-0.00168684486760007,0.00480200756385751,-0.219639431041683,-0.158439668573109,-0.482867845063178,0.55363196156702
0.08,0.05,0.0759388287088777,0.0506137772490454,-0.00406117129112232,0.000613777249045433,0.00410729044106719,-0.445187697716395,-0.199038864237239,0.476797428444553,0.682018940926473
0.08,0.065,0.0736939998648166,0.0669791323277609,-0.0063060001351834,0.00197913232776092,0.00660928154005573,-0.536674067685547,-0.229092945033024,0.5898597951667,0.829728414418051
0.08,0.08,0.0721864081491189,0.0831013780298877,-0.00781359185088107,0.00310137802988775,0.00840659046798555,-0.616897142379665,-0.244316710074077,0.671662042187002,0.944141307513768
0.08,0.095,0.0713753645673996,0.0989780657390411,-0.00862463543260039,0.00397806573904114,0.00949785993629086,-0.685316096208411,-0.247002103048019,0.722209376473117,1.02580830681942
0.08,0.11,0.0712086775252358,0.114611240033848,-0.00879132247476416,0.00461124003384844,0.00992727986434653,-0.741499283931448,-0.239644864631413,0.742164374919822,1.07614722680411
0.08,0.125,0.0716227041972484,0.130007745403144,-0.00837729580275157,0.00500774540314375,0.00975994871858999,-0.785150815984025,-0.224859184304519,0.732895730673616,1.09735883757057
0.08,0.14,0.0725428026151417,0.145179363207588,-0.00745719738485827,0.00517936320758822,0.00907940505059971,-0.816135872856727,-0.205277093199051,0.696500959022968,1.09241301003318
0.08,0.155,0.0738842084120862,0.160142752526662,-0.00611579158791381,0.00514275252666241,0.00799067020326142,-0.834502981757208,-0.183437459014157,0.635797815254376,1.06504274625489
0.08,0.17,0.0755533340490425,0.174919180420071,-0.00444666595095753,0.00491918042007089,0.00663107638959271,-0.840501377635011,-0.161671120897935,0.554280964612522,1.01972297809217
0.08,0.185,0.0774494590899842,0.189534041787437,-0.00255054091001585,0.00453404178743683,0.00520219125598894,-0.834591661244113,-0.14198991973092,0.456042907785362,0.961613861010522
0.08,0.2,0.0794667505933084,0.204016185157286,-0.000533249406691638,0.00401618515728641,0.00405143161701449,-0.817448268954489,-0.12598788567811,0.345661114972399,0.896433276118281
0.08,0.215,0.081496526249271,0.218397076445088,0.00149652624927095,0.00339707644508774,0.0037121044150895,-0.789952772689098,-0.114762458165034,0.228056407957133,0.830191296215661
0.08,0.23,0.0834296526894085,0.232709846164607,0.00342965268940851,0.00270984616460701,0.00437101633556801,-0.753177715719065,-0.108862287547127,0.10833044834256,0.768682000357859
0.08,0.245,0.0851589600025606,0.246988274992945,0.00515896000256061,0.00198827499294463,0.00552884307568854,-0.708361455507434,-0.108266002667583,-0.00840765664042973,0.716641376913976
0.08,0.26,0.0865815525320373,0.261265776717458,0.00658155253203725,0.00126577671745842,0.00670216565226687,-0.656875258844903,-0.11239358595195,-0.117214491198648,0.676654995085138
0.08,0.275,0.0876009051361864,0.275574436294902,0.00760090513618636,0.000574436294901504,0.00762258066183654,-0.600184552573661,-0.120149042086228,-0.213474115581153,0.648253785419234
0.08,0.29,0.0881286527844118,0.289944153827731,0.00812865278441177,-5.58461722693915e-05,0.0081288446217456,-0.539806700437431,-0.129990288336597,-0.293038641053921,0.627825085477741
0.08,0.305,0.0880860063467118,0.304401934421022,0.0080860063467118,-0.000598065578978457,0.00810809355371671,-0.477267882468585,-0.140020001189579,-0.352339956258514,0.609538498573978
0.08,0.32,0.0874047562875238,0.318971350116887,0.00740475628752382,-0.00102864988311324,0.00747586357952394,-0.414061598537061,-0.148089783840448,-0.388467813287496,0.586760464221206
0.08,0.335,0.0860278551357402,0.333672185586272,0.00602785513574022,-0.00132781441372798,0.00617236815612724,-0.351611007321517,-0.151909580441307,-0.399212572023408,0.553244861633403
0.08,0.35,0.083909596083445,0.348520265439993,0.00390959608344504,-0.00147973456000716,0.00418025787527138,-0.291236831626981,-0.149154705375165,-0.383073790469065,0.503798751971299
0.1,0.05,0.0966335123095425,0.0504930525978097,-0.00336648769045755,0.000493052597809684,0.00340240212705805,-0.435946846656438,-0.186854960646267,0.382014422205439,0.609018013154421
0.1,0.065,0.0943050551913437,0.0670570169120155,-0.00569494480865626,0.00205701691201554,0.00605505697330412,-0.540737790739951,-0.227159482016509,0.502734407415202,0.772495768745968
0.1,0.08,0.0927098036754606,0.0833653975422633,-0.00729019632453939,0.00336539754226328,0.00802949955276164,-0.633943648670651,-0.2521596535605,0.593448338957361,0.904249381079996
0.1,0.095,0.0918076619404283,0.099414027051898,-0.0081923380595717,0.00441402705189803,0.00930580666558223,-0.714865309590753,-0.26395595350551,0.654123703963686,1.00429517563292
0.1,0.11,0.0915471683609326,0.115203244506692,-0.0084528316390674,0.00520324450669241,0.00992593149859718,-0.782903226316749,-0.264849789937723,0.685344332781515,1.07369151199547
0.1,0.125,0.0918655408677305,0.130738238374333,-0.00813445913226954,0.00573823837433285,0.00995473781750325,-0.83758747612134,-0.257266557701422,0.688356880167928,1.11427698043011
0.1,0.14,0.0926891157702018,0.146029222963459,-0.00731088422979821,0.00602922296345904,0.00947631562183394,-0.878607344020119,-0.243664448399931,0.665093544405879,1.12858931130279
0.1,0.155,0.0939342037562131,0.161091420671362,-0.00606579624378695,0.00609142067136242,0.00859646961645543,-0.905838543880425,-0.226433261936321,0.618166176639965,1.11981464007967
0.1,0.17,0.0955083613116626,0.175944833770266,-0.00449163868833744,0.005944833770266,0.0074508970374489,-0.91936602738601,-0.207788986598889,0.550828513081327,1.09172261376265
0.1,0.185,0.0973120472319391,0.190613803854753,-0.0026879527680609,0.00561380385475296,0.00622413719345625,-0.919500343591744,-0.189671043488231,0.466905441843639,1.04856443047206
0.1,0.2,0.099240605072124,0.20512637302795,-0.000759394927876023,0.00512637302795016,0.00518231425891741,-0.906785752388313,-0.173649614551289,0.370690857277185,0.994912645881772
0.1,0.215,0.101186486442365,0.219513476663066,0.00118648644236543,0.00451347666306573,0.00466682136640732,-0.881998764668792,-0.160850221939626,0.266818430999208,0.935417620756263
0.1,0.23,0.10304161022417,0.233808011239752,0.00304161022416952,0.00380801123975205,0.00487363748732408,-0.846136451878689,-0.151901646641156,0.160112214776185,0.874455127333879
0.1,0.245,0.10469974141373,0.248043830624018,0.00469974141373047,0.00304383062401792,0.00559932801536422,-0.800394667748561,-0.146911439599299,0.0554260046510961,0.815657938725351
0.1,0.26,0.106058771999133,0.26225472901302,0.00605877199913303,0.00225472901302004,0.0064647135326813,-0.746137160177581,-0.145470897413622,-0.0425184512653519,0.761379532832511
0.1,0.275,0.107022795096747,0.276473467978289,0.00702279509674739,0.00147346797828923,0.00717570615716271,-0.684857315597599,-0.146688758232829,-0.129284231069991,0.712227547153575
0.1,0.29,0.107503881289901,0.29073089919766,0.00750388128990126,0.000730899197659673,0.00753939308234222,-0.618134857294319,-0.149250370880998,-0.200853785958017,0.666868531778622
0.1,0.305,0.107423490503918,0.305055224035787,0.00742349050391811,5.52240357868383e-05,0.00742369590944368,-0.547590163444747,-0.151497038084191,-0.253737923117859,0.622248406114805
0.1,0.32,0.106713480708961,0.319471418116313,0.00671348070896108,-0.000528581883686874,0.00673425734861347,-0.474838924126649,-0.151518870901824,-0.285054389285702,0.574185280322153
0.1,0.335,0.105316703263468,0.334000834812864,0.00531670326346756,-0.000999165187136053,0.0054097749179565,-0.401449646138693,-0.147253937186918,-0.292573982583264,0.51811862059194
0.1,0.35,0.103187200684905,0.348660987865287,0.00318720068490452,-0.00133901213471338,0.00345705101246215,-0.328906081520244,-0.136586726744306,-0.274734797499084,0.449794833647774
0.12,0.05,0.117513650783942,0.0501987005590495,-0.00248634921605778,0.000198700559049525,0.00249427631515791,-0.382351498105428,-0.15681203410688,0.260999076088218,0.488778731849784
0.12,0.065,0.115093268935557,0.0669570837208872,-0.0049067310644425,0.00195708372088721,0.00528263063532998,-0.498247372186637,-0.208388139622044,0.389509855301882,0.665882105704035
0.12,0.08,0.113400568952866,0.083448199383447,-0.00659943104713367,0.00344819938344698,0.0074459767078521,-0.602353515747396,-0.244258444437622,0.489452145807295,0.813674674262228
0.12,0.095,0.112396050408781,0.0996662479210161,-0.00760394959121907,0.00466624792101605,0.0089215424140777,-0.693849554559212,-0.26631696186543,0.560768247054288,0.931038146021125
0.12,0.11,0.112029016634483,0.115609935786961,-0.00797098336551694,0.00560993578696128,0.00974720243696501,-0.772005666786556,-0.276652352014646,0.603972594190511,1.018498641903
0.12,0.125,0.112237616457066,0.131282850776009,-0.00776238354293438,0.0062828507760086,0.00998643140171755,-0.836214835261102,-0.277479578706735,0.62019514629909,1.0774629454174
0.12,0.14,0.112949270697523,0.146693674636211,-0.0070507293024767,0.00669367463621073,0.0097220401064928,-0.886025227424227,-0.271058544804838,0.611203331527629,1.11000967904278
0.12,0.155,0.114081506683897,0.16185620420093,-0.00591849331610267,0.00685620420092981,0.00905737816244853,-0.921170794475754,-0.259603364874344,0.579398172059099,1.11879021808269
0.12,0.17,0.11554319929258,0.176789163241606,-0.00445680070742039,0.00678916324160556,0.00812131824686306,-0.94159796581901,-0.245187272187473,0.527781580957947,1.10693949113759
0.12,0.185,0.117236189312988,0.191515801261131,-0.00276381068701161,0.00651580126113088,0.0070777337890171,-0.947486271044838,-0.229649174905067,0.459893735285947,1.07796358968371
0.12,0.2,0.119057221905404,0.206063291146872,-0.000942778094596142,0.00606329114687215,0.00613614944956432,-0.939260911451398,-0.214508386586162,0.379721734753006,1.03558809336094
0.12,0.215,0.12090012269446,0.220461953275619,0.000900122694460232,0.00546195327561855,0.00553562593119536,-0.917595718545736,-0.200893910325849,0.291583217668936,0.983557214614226
0.12,0.23,0.122658109627608,0.234744347450858,0.00265810962760802,0.00474434745085839,0.00543823312545986,-0.883405573046169,-0.189493798661281,0.199990915465901,0.925380077017454
0.12,0.245,0.124226127519929,0.248944284272904,0.00422612751992929,0.00394428427290411,0.00578078993219632,-0.837828148651972,-0.18052859347353,0.109505975291931,0.864032572428428
0.12,0.26,0.125503090662686,0.263095812953129,0.00550309066268613,0.00309581295312933,0.00631411630258001,-0.782195694396385,-0.173750833586763,0.0245889923529361,0.801644907904441
0.12,0.275,0.12639392715934,0.277232242516175,0.0063939271593402,0.00223224251617543,0.0067723859289005,-0.717998383534977,-0.168470357775872,-0.0505420885260397,0.739233402528234
0.12,0.29,0.126811335602518,0.291385248187941,0.00681133560251784,0.00138524818794145,0.00695077011793097,-0.64684141642649,-0.163602922634369,-0.112038773089499,0.676555791812738
0.12,0.305,0.126677188120255,0.305584105226513,0.00667718812025486,0.000584105226513143,0.00670268752881354,-0.570398499364462,-0.157737784897162,-0.15652662610421,0.612159951573405
0.12,0.32,0.125923540895469,0.319855079897068,0.00592354089546906,-0.000144920102932156,0.00592531337369833,-0.490364479511645,-0.149218588929586,-0.181182935538277,0.543647848862621
0.12,0.335,0.124493240926066,0.334220993648773,0.00449324092606601,-0.000779006351227018,0.00456027026775021,-0.408409797514012,-0.136231273303842,-0.183785105129717,0.468119329215768
0.12,0.35,0.122340143137883,0.348700963030966,0.00234014313788267,-0.00129903696903405,0.00267652142765503,-0.326139065834108,-0.116892773259984,-0.162729841454154,0.382769064721834
0.14,0.05,0.138580383349847,0.0497008150648807,-0.001419616650153,-0.000299184935119323,0.00145080083360673,-0.281990248450474,-0.104195649640918,0.115319170570541,0.321984498959579
0.14,0.065,0.136060295366801,0.0666483295507038,-0.00393970463319895,0.00164832955070376,0.00427062792860401,-0.406667604655602,-0.167653328017655,0.251618760816168,0.50675423421151
0.14,0.08,0.134260930330875,0.0833177190546119,-0.00573906966912469,0.00331771905461192,0.00662904068417158,-0.519459569566183,-0.215081461036803,0.360923957481783,0.668108853530209
0.14,0.095,0.133143382406867,0.099701651003566,-0.00685661759313261,0.00470165100356595,0.00831376731559095,-0.619461253867434,-0.248161433345769,0.443162649566163,0.80107423470773
0.14,0.11,0.132657749652149,0.11579728544103,-0.00734225034785108,0.0057972854410297,0.00935506059068001,-0.705850212027109,-0.268760421175778,0.49878898822643,0.905132133201199
0.14,0.125,0.132743174416402,0.131606678563645,-0.00725682558359755,0.00660667856364461,0.00981375153517131,-0.777919701138599,-0.278871507253438,0.528823123386163,0.981124760858125
0.14,0.14,0.133328258497326,0.147137027850393,-0.0066717415026739,0.007137027850393,0.0097698158230228,-0.835112497082104,-0.280542115050148,0.53487178470695,1.03064699559103
0.14,0.155,0.134331875609735,0.162400729151965,-0.00566812439026468,0.00740072915196538,0.00932193252948462,-0.877053396992661,-0.275793870709001,0.519125827677493,1.05584472960698
0.14,0.17,0.135664379840854,0.177415226677901,-0.00433562015914566,0.00741522667790057,0.00858971413081009,-0.90357829483239,-0.266538155568705,0.484332046729703,1.05929496218978
0.14,0.185,0.137229181981354,0.192202650398084,-0.0027708180186465,0.00720265039808426,0.00771722782153537,-0.91475764305899,-0.254492507059152,0.433738202483246,1.04389029744157
0.14,0.2,0.138924638583925,0.206789250732706,-0.00107536141607523,0.00678925073270636,0.00687388737809525,-0.910912247055591,-0.241103500272475,0.371012203506521,1.01270369508955
0.14,0.215,0.140646174185849,0.22120465588459,0.000646174185848575,0.0062046558845904,0.00623821254243869,-0.892619706821912,-0.22748167509322,0.30013851281544,0.968825755498343
0.14,0.23,0.142288538274717,0.235480990970697,0.00228853827471679,0.00548099097069693,0.00593958495651885,-0.860710405978262,-0.214353410063888,0.225296882293381,0.915175545674108
0.14,0.245,0.143748087631902,0.249651908556644,0.00374808763190188,0.00465190855664432,0.00597397808129528,-0.816252689256571,-0.202033412513259,0.150730168944808,0.854294479126587
0.14,0.26,0.144924982854264,0.263751586111333,0.00492498285426353,0.00375158611133292,0.0061911109233752,-0.760527705812106,-0.190419826801172,0.0806090355822998,0.788143205938996
0.14,0.275,0.145725195730965,0.27781374649082,0.00572519573096522,0.00281374649081967,0.00637926606064227,-0.694995208323039,-0.179012054520159,0.0189016258089443,0.717932915073554
0.14,0.29,0.146062240059,0.291870753134888,0.00606224005899975,0.00187075313488799,0.00634432595510622,-0.621252293396808,-0.16694947656451,-0.0307442056130985,0.644031142970246
0.14,0.305,0.145858561072134,0.305952822889392,0.00585856107213423,0.00095282288939158,0.00593553782689278,-0.540987563477428,-0.153067610086664,-0.0650997720246343,0.56598394173149
0.14,0.32,0.145046544473495,0.320087387610187,0.00504654447349526,8.73876101874504e-05,0.00504730103296601,-0.455933428061369,-0.135967015156639,-0.0814309829162641,0.482695248643421
0.14,0.335,0.143569132905713,0.334298622410915,0.00356913290571259,-0.000701377589085228,0.00363739470240877,-0.36781923175655,-0.114089607490553,-0.0775478437158447,0.39283800528375
0.14,0.35,0.14138006220364,0.348607145366366,0.00138006220363984,-0.00139285463363426,0.0019607691644739,-0.278327622910096,-0.0857969587417784,-0.051827656431587,0.295827118751306
0.16,0.05,0.159833344667072,0.048971648218982,-0.000166655332927701,-0.00102835178101796,0.00104176839341384,-0.134217961858589,-0.0247663616900086,-0.0530946317238045,0.146447552217754
0.16,0.065,0.157206279337194,0.0661020145985521,-0.00279372066280578,0.00110201459855214,0.00300321682820438,-0.265348333606766,-0.10032718236024,0.0908778977856435,0.297882986838872
0.16,0.08,0.155291612036895,0.0829442523440303,-0.00470838796310455,0.00294425234403028,0.00555315577635236,-0.384596869796556,-0.159614125915854,0.209521143235303,0.466145609730703
0.16,0.095,0.154051028584414,0.09948960557756,-0.0059489714155857,0.00448960557756001,0.00745297384575538,-0.491008720584508,-0.204097494988266,0.302757343822059,0.611891263955131
0.16,0.11,0.153435446922428,0.115733785314267,-0.00656455307757181,0.00573378531426749,0.00871605708668588,-0.583704388991813,-0.235422781706825,0.370988793495432,0.730598807314726
0.16,0.125,0.153385058297602,0.131677397000862,-0.00661494170239846,0.00667739700086151,0.00939920658530519,-0.661912974954329,-0.255358838050797,0.415133622438252,0.822000265446703
0.16,0.14,0.153829732052806,0.147326214264677,-0.00617026794719448,0.00732621426467744,0.00957839349745764,-0.725006245045859,-0.265735735342266,0.43664461629145,0.887087243007625
0.16,0.155,0.154689805664548,0.162691268710964,-0.00531019433545193,0.00769126871096415,0.00934632431838966,-0.772531740734893,-0.268374922690469,0.437507696533665,0.927503185961634
0.16,0.17,0.155877258738241,0.177788735720108,-0.00412274126175936,0.00778873572010758,0.00881257054604914,-0.80424289499248,-0.265015272777185,0.420217693359433,0.945326880401904
0.16,0.185,0.157297243954249,0.192639609280483,-0.00270275604575139,0.00763960928048252,0.00810361155296084,-0.820124027145678,-0.257239369744489,0.387730439776607,0.942937153269169
0.16,0.2,0.158849921985304,0.20726917381882,-0.00115007801469563,0.00726917381882036,0.0073595901684883,-0.820408187240778,-0.246404823407888,0.343391915524003,0.92288750833674
0.16,0.215,0.160432523953673,0.221706296183515,0.000432523953672676,0.00670629618351476,0.0067202295698529,-0.805586135065151,-0.233585379435327,0.290846985596939,0.887771866802899
0.16,0.23,0.161941546800536,0.235982574631872,0.00194154680053574,0.00598257463187218,0.00628973792813271,-0.776405259102321,-0.219526090238101,0.233932032607838,0.840079561466032
0.16,0.245,0.163274976267111,0.250131392280753,0.00327497626711137,0.00513139228075282,0.00608741786713483,-0.733857926981643,-0.204615834306156,0.176557229255367,0.782046703840558
0.16,0.26,0.16433443026786,0.264186928755587,0.00433443026786008,0.00418692875558713,0.00602641337374926,-0.679159537374462,-0.188879116475591,0.122585156550007,0.715518533669646
0.16,0.275,0.165027122627767,0.27818318496392,0.00502712262776681,0.00318318496392,0.00595017885690266,-0.61371732641909,-0.171987504514141,0.0757128046617383,0.641845304898611
0.16,0.29,0.165267562267142,0.292153072282959,0.0052675622671422,0.00215307228295919,0.00569060036321893,-0.539091676288655,-0.153289452855339,0.0393636479855302,0.561844745545924
0.16,0.305,0.16497892432296,0.306127609388429,0.00497892432296043,0.00112760938842932,0.00510501619455227,-0.456952192977734,-0.131855827490711,0.0165955222751458,0.475886519240339
0.16,0.32,0.164094054392079,0.320135258934817,0.00409405439207913,0.00013525893481714,0.00409628811788799,-0.36903111470633,-0.106537347744619,0.0100285684311025,0.384233386839624
0.16,0.335,0.16255609276332,0.334201423723684,0.00255609276331997,-0.000798576276316132,0.00267793470491565,-0.277076655527811,-0.0760295047230931,0.0217957700642304,0.288144389519204
0.16,0.35,0.160318729256726,0.348348109151503,0.000318729256726102,-0.00165189084849715,0.00168235897312132,-0.182808697394552,-0.0389403435400933,0.0535167927400552,0.194420815689438
0.18,0.05,0.181270705252393,0.0479858108199149,0.00127070525239259,-0.00201418918008511,0.00238152259943719,0.0600516255672583,0.0850187590386327,-0.242088689444914,0.263517443613295
0.18,0.065,0.178529891716851,0.0652918740682797,-0.00147010828314903,0.00029187406827974,0.00149880246727764,-0.0752982953652988,-0.00252322645941349,-0.0906516221897822,0.117872479671884
0.18,0.08,0.176491865109094,0.0823006781034032,-0.00350813489090626,0.00230067810340318,0.00419525090409057,-0.198858375517218,-0.0736254220739924,0.0371702989298149,0.215283631372779
0.18,0.095,0.17511889866612,0.09900216148375,-0.00488110133388039,0.00400216148375004,0.00631208735472041,-0.309654779691148,-0.129554858489426,0.14130039114107,0.364193342966606
0.18,0.11,0.174362751371517,0.115390692500267,-0.00563724862848261,0.00539069250026719,0.00779988062291764,-0.406782928893547,-0.171742141268879,0.22209659609699,0.494263216617224
0.18,0.125,0.174164711841345,0.131465516379195,-0.00583528815865453,0.00646551637919451,0.00870939090546327,-0.489439898281839,-0.201737089759043,0.280383216577265,0.59905532694419
0.18,0.14,0.174455993663284,0.147231053591474,-0.00554400633671616,0.00723105359147419,0.00911175846389273,-0.556957772199616,-0.221155397473841,0.317467753456829,0.678161347657567
0.18,0.155,0.175158502757492,0.162697018888414,-0.00484149724250754,0.00769701888841373,0.00909308502752536,-0.608836290598058,-0.23161848327621,0.335139945503043,0.732567296809459
0.18,0.17,0.176185975380906,0.17787834028267,-0.00381402461909439,0.00787834028267026,0.00875300116557761,-0.644772883569467,-0.234689517498469,0.335650970898231,0.763859579694175
0.18,0.185,0.17744546085901,0.192794869752706,-0.00255453914098976,0.00779486975270638,0.00820278395939485,-0.664688086325312,-0.231809253321176,0.321671946534673,0.773968818550455
0.18,0.2,0.17883909832022,0.207470891898171,-0.00116090167977967,0.00747089189817146,0.00756055014296441,-0.668744397038108,-0.224235668857955,0.296232286841041,0.765024814364378
0.18,0.215,0.180266114310024,0.221934451537929,0.000266114310023564,0.00693445153792949,0.00693955581848665,-0.657356907800743,-0.212991446426969,0.262640023461624,0.739236648870367
0.18,0.23,0.181624950722723,0.236216534791749,0.00162495072272326,0.00621653479174938,0.00642540035081935,-0.631194495563249,-0.198822938705574,0.224387662410876,0.698779598793616
0.18,0.245,0.182815422150511,0.250350148801802,0.00281542215051095,0.0053501488018019,0.0060457170035497,-0.591170967732847,-0.182173507011267,0.185048416199748,0.645691589272491
0.18,0.26,0.183740799784133,0.264369351802934,0.00374079978413334,0.00436935180293424,0.00575194038588516,-0.538426270960123,-0.163173037130926,0.148168496381677,0.581794724113946
0.18,0.275,0.184309725486275,0.278308287062601,0.00430972548627548,0.00330828706260078,0.00543309277075443,-0.474298594754963,-0.141644156654261,0.117161501104075,0.508675477095128
0.18,0.29,0.184437873996704,0.292200271153646,0.00443787399670365,0.00220027115364613,0.00495337448212687,-0.400288865081098,-0.117124350430469,0.0952107196088733,0.427802782075813
0.18,0.305,0.184049301320071,0.306076979846676,0.0040493013200707,0.0010769798466756,0.00419007479299257,-0.318019644298263,-0.0889019540531703,0.085184434513873,0.341023141155113
0.18,0.32,0.183077440843702,0.319967764610085,0.00307744084370173,-3.22353899152028e-05,0.00307760966772049,-0.229190776366542,-0.0560630361009827,0.089568141185723,0.252376763761662
0.18,0.335,0.18146573324687,0.333899120791954,0.00146573324686955,-0.00110087920804564,0.00183311455770935,-0.135534218398306,-0.0175455588961001,0.110416158217922,0.175696110309718
0.18,0.35,0.17916789901769,0.347894316188879,-0.000832100982310457,-0.00210568381112108,0.00226413258383414,-0.0387703822072532,0.0278030289910554,0.149323578440285,0.156759999249189
0.2,0.05,0.202889238259716,0.0467204233950638,0.00288923825971626,-0.00327957660493622,0.00437073454113302,0.298615342070181,0.227865262382821,-0.449410212908144,0.585718556495836
0.2,0.065,0.200028392332296,0.0641942767553995,2.83923322957624e-05,-0.000805723244600487,0.000806223338425978,0.161107399613672,0.128748890890856,-0.290789053599322,0.356497622466382
0.2,0.08,0.197859524836771,0.0813626246058489,-0.00214047516322868,0.00136262460584891,0.00253739625223648,0.035220199213409,0.0461628401151094,-0.15405692778893,0.164636040674145
0.2,0.095,0.196345491649845,0.0982142234448664,-0.00365450835015457,0.00321422344486644,0.00486689466034335,-0.0780799875353061,-0.020969159686555,-0.039284585816051,0.0898858745929654
0.2,0.11,0.195438910542713,0.114742211782786,-0.00456108945728698,0.00474221178278633,0.00657967397597874,-0.177890931127062,-0.0738749289163011,0.0538480634058851,0.200005857544589
0.2,0.125,0.195082209450616,0.130944572660507,-0.00491779054938421,0.00594457266050663,0.00771508963030602,-0.263405358935977,-0.11389624695082,0.126079729303167,0.313450285329033
0.2,0.14,0.195208013198946,0.146824452427492,-0.00479198680105415,0.00682445242749152,0.00833884215203599,-0.333942853538909,-0.142443529294636,0.178582516860943,0.404599041092339
0.2,0.155,0.195739888041383,0.162390305404018,-0.00426011195861653,0.0073903054040183,0.00853025016424546,-0.388981213055882,-0.160944562690594,0.212961254415434,0.47176613874758
0.2,0.17,0.196593442464869,0.177655843196482,-0.00340655753513084,0.00765584319648216,0.00837953276079752,-0.428185525849344,-0.170789753527981,0.231235638988377,0.51573607697754
0.2,0.185,0.197677759402376,0.192639779421535,-0.00232224059762383,0.00763977942153488,0.00798492523465061,-0.451433112451865,-0.173276882224698,0.235804452103994,0.53798011015793
0.2,0.2,0.198897111447928,0.207365374472985,-0.0011028885520723,0.00736537447298474,0.00744748979761553,-0.458832541905575,-0.169558678816381,0.22939228701518,0.540278105554831
0.2,0.215,0.200152889389569,0.22185979929135,0.000152889389569106,0.00685979929135022,0.00686150285892616,-0.450735146254798,-0.160596572471013,0.21498050301048,0.524568365377053
0.2,0.23,0.20134565776947,0.236153350320225,0.00134565776946986,0.00615335032022479,0.00629877091153069,-0.427737855134762,-0.147123693874073,0.195725371060989,0.49286405101627
0.2,0.245,0.202377241250963,0.250278558421295,0.00237724125096261,0.00527855842129538,0.00578916703613798,-0.390676705750344,-0.129619620588442,0.174867432119773,0.447223846361903
0.2,0.26,0.2031527435299,0.264269241260367,0.00315274352989998,0.00426924126036665,0.00530718500756693,-0.340611010149719,-0.108298504906268,0.155636839749986,0.389830525395257
0.2,0.275,0.203582406442385,0.278159550979039,0.00358240644238519,0.00315955097903908,0.00477665136969297,-0.278798819084069,-0.0831112007817759,0.141159801049987,0.323361438935278
0.2,0.29,0.203583230342005,0.291983066499819,0.00358323034200536,0.00198306649981855,0.00409537451603275,-0.206664933376485,-0.0537609272190766,0.13437110762765,0.252302059858567
0.2,0.305,0.203080295601353,0.305771973538225,0.00308029560135298,0.000771973538225446,0.00317555729525304,-0.125763209668536,-0.0197309910563158,0.137937205481828,0.187702959698209
0.2,0.32,0.202007747365022,0.319556365739709,0.00200774736502193,-0.000443634260291259,0.00205617626643649,-0.037735244876275,0.019677738765508,0.154193325860695,0.159958621106737
0.2,0.335,0.200309428901743,0.333363689189938,0.000309428901742959,-0.00163631081006183,0.00166531057534594,0.0557323379972086,0.0653024861217412,0.18509704278441,0.204037906862385
0.2,0.35,0.197939170595448,0.347218340810237,-0.0020608294045521,-0.00278165918976314,0.00346188470094836,0.152949834570558,0.118070496826083,0.232199340600675,0.302077869534581
