target_x,target_y,gaze_x,gaze_y,error_px_x,error_px_y,error_px_xy,error_deg_x,error_deg_y,error_deg_z,error_deg_xyz
-0.2,0.05,-0.197865425732281,0.052875104040311,0.00213457426771946,0.00287510404031104,0.00358087008239937,-0.158491967568508,0.122149418543831,-0.239990286453553,0.312467220381941
-0.2,0.065,-0.19995840252066,0.0664085286172911,4.1597479340183e-05,0.00140852861729111,0.00140914272379184,-0.072662602940378,0.0659645882198778,-0.162495381618979,0.18983140619691
-0.2,0.08,-0.201510969698376,0.0800537441527632,-0.00151096969837564,5.37441527631716e-05,0.00151192521751758,0.00731263240321465,0.0190612306850785,-0.100004289597741,0.102066967232866
-0.2,0.095,-0.202559658910628,0.0938227083091032,-0.00255965891062837,-0.00117729169089677,0.00281742248592819,0.0804920504576142,-0.0194477539595077,-0.0519210747626723,0.0977393761064718
-0.2,0.11,-0.203148028017591,0.107726931046941,-0.003148028017591,-0.00227306895305902,0.0038829013462743,0.145968276887805,-0.0504700707954365,-0.0173325156016716,0.155416848544711
-0.2,0.125,-0.203326434401314,0.121777217527076,-0.00332643440131354,-0.00322278247292397,0.00463157561678832,0.202893086405724,-0.0748979056108305,0.00499014605266593,0.21633367267459
-0.2,0.14,-0.203151590264381,0.135983406571097,-0.00315159026438128,-0.00401659342890283,0.00510544258293522,0.250502456668495,-0.0935702950698997,0.0165775043764793,0.267921304429058
-0.2,0.155,-0.202685897137668,0.150354115676156,-0.00268589713766833,-0.00464588432384412,0.00536640331923305,0.28814063138655,-0.107236019601929,0.0192358666253305,0.308050051956439
-0.2,0.17,-0.20199656955487,0.164896504513609,-0.0019965695548702,-0.00510349548639054,0.00548014198420472,0.315281913073381,-0.116519207080553,0.0150090049160825,0.336459515947534
-0.2,0.185,-0.201154571297301,0.179616068898571,-0.00115457129730068,-0.00538393110142914,0.00550633716598308,0.331548939634825,-0.121889819599948,0.00612890312059189,0.353298438209987
-0.2,0.2,-0.200233400456767,0.194516476396057,-0.000233400456766605,-0.00548352360394282,0.00548848857958335,0.336726339546957,-0.123640985651799,-0.00504257038036383,0.358744434164063
-0.2,0.215,-0.199307770415647,0.20959945285276,0.000692229584353474,-0.00540054714724005,0.00544473059820381,0.330768901571774,-0.121874739670075,-0.0160784369826125,0.352874521824011
-0.2,0.23,-0.198452241609179,0.224864726518331,0.0015477583908214,-0.00513527348166949,0.00536344942811023,0.313803721948136,-0.116497173811928,-0.024554681113688,0.335630186214117
-0.2,0.245,-0.197739862606325,0.240310033089576,0.00226013739367516,-0.0046899669104236,0.00520615123283574,0.286126172254291,-0.107223344131982,-0.0281182072668372,0.306848318554833
-0.2,0.26,-0.197240878268925,0.25593118139598,0.00275912173107533,-0.00406881860402032,0.00491609983211427,0.248189930179268,-0.0935915754968619,-0.0245512716894392,0.266384153453519
-0.2,0.275,-0.197021557583702,0.271722175845611,0.00297844241629845,-0.00327782415438897,0.00442891074806228,0.200591689394705,-0.0749861489398706,-0.0118292662947494,0.214475951198463
-0.2,0.29,-0.197143184791777,0.287675388544448,0.00285681520822331,-0.00232461145555223,0.00368309809171853,0.144051477930681,-0.0506668008733599,0.0118307369345939,0.153159829290231
-0.2,0.305,-0.1976612458041,0.303781771444821,0.00233875419590043,-0.00121822855517913,0.00263701573781722,0.0793897407147452,-0.0198030684758815,0.0479325652097589,0.0948283992836268
-0.2,0.32,-0.198624828686254,0.320031097217433,0.00137517131374584,3.10972174327323e-05,0.00137552287479399,0.00750246274209178,0.0184886898934414,0.0976757181288911,0.0996928634399097
-0.2,0.335,-0.200076243732143,0.336412216836894,-7.62437321432108e-05,0.00141221683689395,0.00141427348879129,-0.0706643807945781,0.0651077834753593,0.161942582375939,0.188302708654324
-0.2,0.35,-0.202050856394214,0.352913322066081,-0.00205085639421368,0.00291332206608068,0.00356278787053057,-0.154139842867723,0.120933205127067,0.241297570469317,0.310819377930917
-0.18,0.05,-0.178988139944944,0.0518707339506107,0.00101186005505571,0.00187073395061071,0.00212685361155509,0.00653210912539234,0.0321482018324843,-0.126307571878441,0.130498219933409
-0.18,0.065,-0.180996440365511,0.0655260850933866,-0.000996440365511386,0.000526085093386586,0.00112679143034727,0.0906919490491441,-0.016357201089586,-0.0547234087684405,0.107178554143813
-0.18,0.08,-0.182455682245582,0.0792832386305169,-0.0024556822455821,-0.000716761369483121,0.00255814818805527,0.169169977493917,-0.0557553707403372,0.00042684567982666,0.178121729164908
-0.18,0.095,-0.183402789409424,0.0931532706394295,-0.00340278940942401,-0.00184672936057054,0.00387161272547778,0.241027060740557,-0.0871003070461595,0.0397625759164783,0.259348577754618
-0.18,0.11,-0.183881902608313,0.107146855447709,-0.00388190260831285,-0.00285314455229144,0.00481763445029782,0.30535558243839,-0.111469643770406,0.0642571571123644,0.331356004126232
-0.18,0.125,-0.183944153787124,0.121274025191028,-0.00394415378712402,-0.00372597480897199,0.00542579370908798,0.361304886821343,-0.129922280929606,0.0752376355285757,0.391257353918632
-0.18,0.14,-0.183647213957801,0.13554392463775,-0.00364721395780143,-0.00445607536225004,0.00575836585222174,0.408107104446959,-0.143454016174231,0.0743707299369983,0.438933265065057
-0.18,0.155,-0.183054611340228,0.149964571674299,-0.00305461134022818,-0.00503542832570086,0.00588949818432107,0.44510208092902,-0.15295359889159,0.0636344995152737,0.474932949909529
-0.18,0.17,-0.182234829841677,0.164542634759639,-0.00223482984167744,-0.00545736524036117,0.00589722814447214,0.471760044243519,-0.159161848909954,0.0452759293801438,0.499941525657283
-0.18,0.185,-0.181260212117009,0.179283238758666,-0.0012602121170094,-0.00571676124133444,0.00585401517509828,0.487700672440349,-0.162636482165862,0.0217556718452657,0.514565506168675
-0.18,0.2,-0.1802057049684,0.194189809777365,-0.000205704968400097,-0.00581019022263482,0.00581383048920638,0.492707365499467,-0.163725041784256,-0.00431784959496992,0.519217609521887
-0.18,0.215,-0.179147496381675,0.209263967904573,0.00085250361832501,-0.00573603209542725,0.00579903669750665,0.486735785172356,-0.16254785264482,-0.0302619129794107,0.514053581764158
-0.18,0.23,-0.178161601598811,0.224505474210606,0.00183839840118915,-0.00549452578939363,0.00579392115339919,0.469916077494477,-0.15899223488103,-0.0533968612043185,0.498951349033213
-0.18,0.245,-0.177322459557625,0.239912235213253,0.00267754044237514,-0.00508776478674691,0.00574931068440525,0.442548610127812,-0.152718397919171,-0.0711233367281611,0.473531399973262
-0.18,0.26,-0.176701600110268,0.255480364557703,0.00329839988973178,-0.00451963544229669,0.00559522531841632,0.405093488846222,-0.143176575250048,-0.0809953794563169,0.437220133946544
-0.18,0.275,-0.176366436937294,0.271204298206995,0.00363356306270606,-0.00379570179300487,0.00525453448290923,0.358154525836707,-0.129634148146587,-0.0807857268604971,0.389366914191654
-0.18,0.29,-0.176379231539656,0.287076956385871,0.00362076846034391,-0.00292304361412879,0.00465340178939239,0.302458669295918,-0.111210829136243,-0.0685403014899978,0.329464971085137
-0.18,0.305,-0.176796261346962,0.303089943085995,0.00320373865303838,-0.00191005691400536,0.00372991404347498,0.238832146249329,-0.0869195017868758,-0.0426197284971048,0.257705931424425
-0.18,0.32,-0.177667211043317,0.31923377236795,0.0023327889566829,-0.000766227632049782,0.00245540406054448,0.168174686533515,-0.0557100749053565,-0.00172670366215109,0.177170381705081
-0.18,0.335,-0.179034792251124,0.335498110049463,0.000965207748875679,0.000498110049463013,0.00108615819283643,0.0914332023910754,-0.0165137164357323,0.0550809830719497,0.108012274683204
-0.18,0.35,-0.180934583875554,0.351872019587159,-0.000934583875553757,0.00187201958715885,0.00209234422482331,0.00957619080674773,0.0317149457583926,0.128391064010313,0.132596434267321
-0.16,0.05,-0.160003974046677,0.0510856945181785,-3.97404667723533e-06,0.00108569451817846,0.00108570179140026,0.135750733336774,-0.0356120483317921,-0.0149094304182107,0.141133910788313
-0.16,0.065,-0.161935265054394,0.0648699789080687,-0.00193526505439412,-0.000130021091931318,0.00193962788057557,0.21662046325927,-0.0760555866735714,0.0510166050648315,0.235184287361095
-0.16,0.08,-0.16330957000469,0.0787457041120743,-0.00330957000468959,-0.00125429588792568,0.00353928125336322,0.292072206542906,-0.107575104941648,0.0990820356306737,0.326643713860971
-0.16,0.095,-0.164164169504542,0.0927229785345267,-0.00416416950454174,-0.00227702146547328,0.00474606515092044,0.361191888557237,-0.13139881125293,0.129925064967051,0.405717190015069
-0.16,0.11,-0.164543737844381,0.106811555131735,-0.0045437378443811,-0.00318844486826532,0.00555083185445465,0.423093692348671,-0.148782387404088,0.144575312717877,0.471219422300266
-0.16,0.125,-0.164500118365482,0.121020610049357,-0.0045001183654816,-0.00397938995064294,0.00600721313777219,0.476945450412883,-0.160959998098036,0.144455211345959,0.523692945404472
-0.16,0.14,-0.164091864576969,0.135358516404642,-0.00409186457696864,-0.00464148359535753,0.00618762682150627,0.521994569611746,-0.169092713332514,0.131365917124774,0.56420763281422
-0.16,0.155,-0.163383543148982,0.149832622871168,-0.00338354314898197,-0.00516737712883188,0.00617658082053474,0.557593175202126,-0.17421719885056,0.107456867804258,0.593979729987786
-0.16,0.17,-0.162444808941653,0.164449047603388,-0.00244480894165344,-0.00555095239661242,0.00606548953264663,0.583221059722019,-0.177197816106209,0.0751791715869969,0.614167233033024
-0.16,0.185,-0.161349277083793,0.179212498177924,-0.00134927708379335,-0.00578750182207564,0.00594270359258972,0.598505038157782,-0.178685295965459,0.0372241750946773,0.62572058156654
-0.16,0.2,-0.160173231338769,0.19412612748932,-0.000173231338768939,-0.00587387251068032,0.00587642641138793,0.603233454364301,-0.179084874365937,-0.00355028866002022,0.629268287406245
-0.16,0.215,-0.158994220041065,0.20919143397757,0.00100577995893467,-0.00580856602242961,0.00589500064145191,0.597364851502718,-0.17853620739721,-0.0442024559037902,0.625042138348052
-0.16,0.23,-0.157889599500487,0.22440821215609,0.00211040049951343,-0.00559178784390978,0.00597677852690257,0.581030190625639,-0.176906562864912,-0.0817937174891454,0.612850558869921
-0.16,0.245,-0.156935088782251,0.239774556465701,0.00306491121774906,-0.00522544353429889,0.00605796507936701,0.554528440947761,-0.173797798301958,-0.11347556401546,0.592104121090576
-0.16,0.26,-0.156203398802899,0.255286918230804,0.0037966011971009,-0.00471308176919556,0.0060520509261697,0.518315824964173,-0.168566590884371,-0.136571731221077,0.561889987515254
-0.16,0.275,-0.155762992851856,0.270940212253762,0.00423700714814411,-0.00405978774623787,0.00586805812155328,0.472989431729878,-0.160356401004803,-0.148651304665211,0.521087574079976
-0.16,0.29,-0.155677025547375,0.286727966713513,0.00432297445262544,-0.00327203328648724,0.00542165195728505,0.419266265840443,-0.148138836802812,-0.147589315019321,0.468522300151152
-0.16,0.305,-0.156002494244117,0.302642507757729,0.00399750575588295,-0.00235749224227073,0.00464088590041643,0.357959047167275,-0.130761524715849,-0.131612382889388,0.403182025764449
-0.16,0.32,-0.156789622256309,0.31867516871656,0.00321037774369129,-0.00132483128344031,0.00347299628372541,0.289950191526646,-0.106999322680055,-0.0993281305511375,0.324632604754763
-0.16,0.335,-0.158081478657915,0.334816513278806,0.00191852134208509,-0.000183486721194462,0.00192727567226141,0.216165394604969,-0.0756057433014452,-0.0497382377168143,0.234345204977099
-0.16,0.35,-0.159913826012823,0.351056562200172,8.61739871774181e-05,0.0010565622001716,0.0010600705820357,0.137548117274048,-0.0353617468643517,0.0177639344322955,0.143127585480079
-0.14,0.05,-0.140909017451177,0.050500459381389,-0.000909017451176941,0.000500459381388957,0.00103767640378128,0.228121968563367,-0.0837558807065597,0.0918858899532306,0.259803411293216
-0.14,0.065,-0.142771317288144,0.0644201931970211,-0.00277131728814362,-0.000579806802978949,0.00283132044112713,0.303958064315232,-0.116001219222703,0.152513118141928,0.359315268338878
-0.14,0.08,-0.144069486887752,0.0784206672290686,-0.00406948688775224,-0.00157933277093136,0.00436520509608944,0.374732672895766,-0.1395070601996,0.193888553687988,0.444387845469329
-0.14,0.095,-0.14484112667689,0.0925109410317343,-0.00484112667689007,-0.00248905896826571,0.00544352110762884,0.439582255857494,-0.155678305351448,0.216664515678098,0.514211611631114
-0.14,0.11,-0.14513139167251,0.106699765107197,-0.00513139167250959,-0.00330023489280296,0.00610104342259379,0.497667984060859,-0.165951896393343,0.221921950226724,0.56961871345249
-0.14,0.125,-0.144992768014858,0.120995380955582,-0.00499276801485836,-0.00400461904441776,0.00640036765671364,0.548200283521387,-0.171741003297952,0.211173779843972,0.612059188956032
-0.14,0.14,-0.144484608031522,0.135405316301329,-0.00448460803152217,-0.00459468369867083,0.00642050056360286,0.590464034262396,-0.174375963472089,0.186350932509023,0.643261819768522
-0.14,0.155,-0.143672419440576,0.149936184320795,-0.00367241944057571,-0.00506381567920544,0.00625530924739019,0.623843116616945,-0.175045279458453,0.149769939919116,0.665024122822565
-0.14,0.17,-0.142626918933371,0.164593496469181,-0.0026269189333713,-0.00540650353081931,0.00601090538199249,0.647842888545795,-0.174740349768077,0.10408220529614,0.679023637307491
-0.14,0.185,-0.141422875871939,0.179381498711515,-0.00142287587193895,-0.00561850128848498,0.00579587202029629,0.662109183718003,-0.174207659191543,0.0522063889339258,0.686635295690313
-0.14,0.2,-0.140137786666041,0.19430304026623,-0.000137786666040973,-0.00569695973377032,0.00569862574429477,0.666442557662743,-0.173911846983133,-0.00275329162050885,0.688770140800078
-0.14,0.215,-0.138850433027871,0.209359482575571,0.00114956697212894,-0.00564051742442853,0.00575646949429002,0.660806780303023,-0.174012406260832,-0.057598852062759,0.685761737107952
-0.14,0.23,-0.137639386233971,0.224550653995317,0.00236061376602909,-0.00544934600468286,0.00593867571358456,0.645330947383156,-0.174355796061428,-0.109135537345324,0.677324060876058
-0.14,0.245,-0.136581523751501,0.23987485300826,0.00341847624849927,-0.00512514699174008,0.00616060967344109,0.620305036119815,-0.174483573495369,-0.154268665327241,0.66259080065174
-0.14,0.26,-0.13575062349769,0.255328899767472,0.00424937650231041,-0.00467110023252759,0.00631477458352293,0.586169196777451,-0.173655906626038,-0.190094972596459,0.640227353883488
-0.14,0.275,-0.135216094851287,0.270908232793007,0.00478390514871281,-0.0040917672069927,0.00629510185367177,0.543497513609717,-0.170888658839755,-0.213983613519064,0.60859259794615
-0.14,0.29,-0.135041894926379,0.28660704500775,0.00495810507362132,-0.00339295499224979,0.00600790724799428,0.492977326063796,-0.165001272305339,-0.223642873896839,0.56592473237572
-0.14,0.305,-0.135285665017048,0.302418451216614,0.00471433498295193,-0.00258154878338632,0.00537488125008244,0.435385443825803,-0.154672022311786,-0.217169868872012,0.510537359753274
-0.14,0.32,-0.135998106780069,0.318334677799053,0.00400189321993125,-0.00166532220094748,0.00433456426607107,0.371562701975512,-0.138496918176773,-0.19308184963615,0.441046254977506
-0.14,0.335,-0.137222602544762,0.334347264850086,0.00277739745523781,-0.000652735149914263,0.00285306848853914,0.302388277736761,-0.115048587185511,-0.150329087982015,0.356754949257491
-0.14,0.35,-0.138995070207402,0.350447271248525,0.00100492979259764,0.0004472712485247,0.0010999706622484,0.228755054293995,-0.0829318523594578,-0.088290509090741,0.258847242515046
-0.12,0.05,-0.12169976356962,0.0500938606285373,-0.00169976356961971,9.38606285373067e-05,0.00170235308035547,0.283769526739878,-0.115377129740774,0.191609066637724,0.361319101958558
-0.12,0.065,-0.123501414906896,0.0641549807189066,-0.00350141490689565,-0.000845019281093443,0.00360193891337024,0.352767326028669,-0.139577532483018,0.247401887979917,0.452918796547631
-0.12,0.08,-0.124732632797823,0.0782858384542374,-0.00473263279782307,-0.00171416154576259,0.0050335040482751,0.417150792130994,-0.155216623313725,0.282622973988687,0.527242534865115
-0.12,0.095,-0.125431299103857,0.0924943696972494,-0.00543129910385681,-0.00250563030275058,0.00598140394636726,0.47613442386689,-0.163872587089831,0.297934324059612,0.585086361661789
-0.12,0.11,-0.125642993532982,0.10678824756022,-0.00564299353298153,-0.00321175243978035,0.00649297541560927,0.528953790950783,-0.16716074993262,0.294462466417818,0.628050095906873
-0.12,0.125,-0.125420771340624,0.121174706020692,-0.00542077134062442,-0.00382529397930777,0.00663457880769106,0.574888334557956,-0.166670985506804,0.273803915796668,0.658216654114032
-0.12,0.14,-0.124824693054614,0.135660358942614,-0.00482469305461428,-0.00433964105738566,0.00648923320417679,0.613284887827106,-0.163901156530002,0.238011504599991,0.677965177561953
-0.12,0.155,-0.123921101388765,0.150251022326576,-0.00392110138876491,-0.00474897767342415,0.00615855705856941,0.64358067393461,-0.160190359209508,0.189560219697301,0.68977957244266
-0.12,0.17,-0.122781655638359,0.164951548347591,-0.0027816556383588,-0.00504845165240871,0.00576406732933625,0.665324421870248,-0.156656192104688,0.131292542799156,0.696018274198288
-0.12,0.185,-0.121482149949193,0.179765679939171,-0.00148214994919277,-0.00523432006082916,0.00544011718358077,0.678194238032875,-0.154140358065904,0.0663448312311962,0.698651815395802
-0.12,0.2,-0.120101157218698,0.194695934085986,-0.00010115721869812,-0.00530406591401363,0.00530503044318277,0.68201099983853,-0.153166570678736,-0.00194217234518247,0.699005604130701
-0.12,0.215,-0.118718553553104,0.209743520724606,0.00128144644689621,-0.00525647927539356,0.0054104232153229,0.676746297671356,-0.153913974094461,-0.0701242293302076,0.697566112210013
-0.12,0.23,-0.117413987458025,0.224908302212679,0.00258601254197534,-0.0050916977873206,0.00571076590525818,0.662524317906238,-0.156208157101809,-0.134760386426199,0.693906122820399
-0.12,0.245,-0.116265362310449,0.240188795883554,0.00373463768955105,-0.00481120411644551,0.00609058320050859,0.639617500683105,-0.159530470008251,-0.192519592676845,0.686753200239375
-0.12,0.26,-0.115347399499367,0.255582219517649,0.00465260050063313,-0.00441778048235057,0.00641587685423663,0.608436265071176,-0.163044895166075,-0.240281109687983,0.674179933187981
-0.12,0.275,-0.11473034315815,0.271084576915664,0.00526965684185002,-0.00391542308433589,0.00656504540427612,0.569513523942842,-0.165640355477882,-0.275223250314034,0.653861498174296
-0.12,0.29,-0.114478856346604,0.286690778358692,0.00552114365339607,-0.00330922164130847,0.00643692279841385,0.52348505611378,-0.165985227166491,-0.294896034312757,0.623341963228547
-0.12,0.305,-0.114651144378783,0.302394788898521,0.0053488556212169,-0.00260521110147906,0.00594956984494621,0.471067035953342,-0.162590073888976,-0.297274749411418,0.580271349597346
-0.12,0.32,-0.115298325024332,0.318189796230683,0.00470167497566829,-0.0018102037693174,0.00503811326423655,0.413032117384717,-0.153874295379205,-0.280792959729721,0.522608274481573
-0.12,0.335,-0.11646404960923,0.334068389427149,0.00353595039076957,-0.000931610572850641,0.00365661639024803,0.350185437682979,-0.138232483877336,-0.244355041001688,0.44883011995314
-0.12,0.35,-0.118184364648937,0.35002274006222,0.00181563535106299,2.27400622197366e-05,0.00181577775029308,0.283341757908462,-0.114096742912423,-0.187329672653845,0.358320308159278
-0.1,0.05,-0.102373150003446,0.0498432173808092,-0.00237315000344607,-0.000156782619190776,0.00237832330193697,0.304139442629496,-0.133877432008061,0.281733282500772,0.435658724553254
-0.1,0.065,-0.104122788781789,0.0640509971485466,-0.00412278878178918,-0.00094900285145337,0.00423060205541875,0.364511022711352,-0.150506373622157,0.333255927603002,0.516315573509071
-0.1,0.08,-0.105296584165899,0.078317249760356,-0.00529658416589854,-0.00168275023964401,0.00555746814614975,0.420800747200728,-0.158738672294924,0.362996033991262,0.577962099205722
-0.1,0.095,-0.105932659784087,0.0926487202753284,-0.00593265978408741,-0.0023512797246716,0.00638161174448743,0.472329347912236,-0.160315667811024,0.371621452213519,0.622014814865775
-0.1,0.11,-0.106076961072665,0.107051937046914,-0.00607696107266453,-0.00294806295308643,0.00675429722873081,0.518435093819505,-0.157021178475705,0.360297949454331,0.650576480357502
-0.1,0.125,-0.105783034054295,0.121533060873898,-0.00578303405429455,-0.00346693912610191,0.00674263670808584,0.558493886614227,-0.150612443567528,0.330696815316522,0.666306923755632
-0.1,0.14,-0.105111550466604,0.136097729944219,-0.00511155046660414,-0.00390227005578132,0.00643083662993304,0.59194007385141,-0.142746369551088,0.284981634155866,0.672301491001396
-0.1,0.155,-0.104129574007864,0.150750907279859,-0.00412957400786411,-0.00424909272014073,0.00592521480039161,0.618286858899552,-0.13490529354968,0.225772594851103,0.671905139454977
-0.1,0.17,-0.102909578053801,0.165496738107635,-0.00290957805380054,-0.004503261892365,0.00536143750522045,0.637145072600393,-0.128327021713512,0.156088221549165,0.668423719115374
-0.1,0.185,-0.101528241767605,0.180338424689599,-0.00152824176760547,-0.00466157531040075,0.00490569131466623,0.648239062990011,-0.123944027005609,0.0792661386071917,0.664728577352101
-0.1,0.2,-0.100065067466803,0.195278125719298,-6.50674668034312e-05,-0.00472187428070173,0.00472232257453773,0.65141857428901,-0.122336327647632,-0.00113376773864657,0.662811074651815
-0.1,0.215,-0.0986008756408635,0.210316886277706,0.00139912435913653,-0.00468311372229376,0.00488764801394958,0.646665722335072,-0.123701709753317,-0.0814388593344303,0.66341229586949
-0.1,0.23,-0.0972162436222881,0.225454602637455,0.00278375637771191,-0.00454539736254539,0.00533009725557483,0.634096513545813,-0.127845674268987,-0.157979817451793,0.665871998234725
-0.1,0.245,-0.0959899583687384,0.240690024145578,0.00401004163126156,-0.00430997585442196,0.00588696235338321,0.61395676279176,-0.134191918095892,-0.227206537175657,0.668265104964323
-0.1,0.26,-0.094997552606679,0.256020792038854,0.00500244739332105,-0.00397920796114641,0.006392071332596,0.586612688332714,-0.141812489201128,-0.285797126852685,0.667765133343676
-0.1,0.275,-0.0943099868327241,0.271443512764195,0.00569001316727594,-0.00355648723580519,0.00671005598353835,0.552536860753051,-0.149475192925286,-0.330753946132346,0.661092154928841
-0.1,0.29,-0.0939925282134053,0.286953861295144,0.00600747178659466,-0.00304613870485633,0.00673562753393882,0.512290495068151,-0.155704555071867,-0.359481820818734,0.644916297300339
-0.1,0.305,-0.0941038627286226,0.302546708334768,0.00589613727137736,-0.00245329166523224,0.00638616275376875,0.466503287227779,-0.158851806572276,-0.369845153286189,0.616156075699516
-0.1,0.32,-0.09469546044198,0.318216264269327,0.00530453955802004,-0.00178373573067346,0.00559641430556036,0.415852072324793,-0.157169008070891,-0.360202407276069,0.572174394826045
-0.1,0.335,-0.0958111975588853,0.333956232337408,0.00418880244111469,-0.00104376766259251,0.0043168873999865,0.361039543689781,-0.148882573759575,-0.32941816030106,0.510914500567601
-0.1,0.35,-0.0974872241824067,0.349759963703606,0.00251277581759332,-0.00024003629639352,0.002524214676502,0.302774126193003,-0.13226200996023,-0.276854425640667,0.431062246351974
-0.08,0.05,-0.0829265942407071,0.0497244934497421,-0.00292659424070707,-0.000275506550257931,0.00293953358697852,0.292089510317624,-0.142757574071223,0.359788098644234,0.484917401747487
-0.08,0.065,-0.0846331144385858,0.0640834656738605,-0.00463311443858577,-0.000916534326139501,0.00472290001715301,0.3421535931054,-0.152620783720257,0.407695949677094,0.55369717195631
-0.08,0.08,-0.0857593204874802,0.0784894257939022,-0.00575932048748021,-0.00151057420609779,0.00595412520103812,0.388745077135396,-0.154232161855286,0.432757711977634,0.601824610729511
-0.08,0.095,-0.0863435369915218,0.0929478699616694,-0.00634353699152179,-0.00205213003833063,0.00666721075540771,0.431318172406742,-0.149478936997459,0.435644144084525,0.631006468415428
-0.08,0.11,-0.0864320135540569,0.107464123316516,-0.00643201355405693,-0.0025358766834836,0.00691386063740135,0.46934135245343,-0.140295999724326,0.417553546226814,0.643676622367455
-0.08,0.125,-0.0860787044700723,0.122043216387575,-0.00607870447007226,-0.00295678361242521,0.00675967583284752,0.502313788986713,-0.128591005706557,0.380221414538092,0.642983244133217
-0.08,0.14,-0.0853447900203501,0.136689757815194,-0.00534479002035007,-0.00331024218480636,0.00628685006053948,0.529782419681431,-0.116164082364321,0.325907728068509,0.632758581758455
-0.08,0.155,-0.0842979337909192,0.151407808927035,-0.00429793379091915,-0.00359219107296516,0.00560143477832379,0.551358711409107,-0.104626760990337,0.257359987770097,0.617398606603016
-0.08,0.17,-0.0830112864118369,0.166200766276183,-0.00301128641183689,-0.00379923372381663,0.00484788848286541,0.566734079750806,-0.095325388991367,0.177751781336354,0.601559196497366
-0.08,0.185,-0.0815622631164397,0.181071258420095,-0.00156226311643972,-0.00392874157990536,0.00422796362882478,0.575692914603108,-0.0892744427879607,0.0905985419683067,0.589579020192912
-0.08,0.2,-0.0800311388641235,0.196021062802911,-3.11388641234533e-05,-0.00397893719708867,0.00397905904043088,0.578122258647442,-0.0871047781995831,-0.000345886856409594,0.58465004392631
-0.08,0.215,-0.0784995187153685,0.211051047735404,0.00150048128463149,-0.00394895226459635,0.00422441334075987,0.574017385871218,-0.0890309092216057,-0.0912065310921409,0.588000108719187
-0.08,0.23,-0.0770487509676717,0.226161143067715,0.00295124903232833,-0.00383885693228547,0.00484217857966589,0.563482818794366,-0.0948399768322584,-0.178111743152484,0.598526991035068
-0.08,0.245,-0.0757583551305294,0.241350341381589,0.0042416448694706,-0.00364965861841077,0.005595673259729,0.546728671960867,-0.103903312465618,-0.257317473748996,0.613126421478766
-0.08,0.26,-0.0747045355618375,0.256616729643365,0.00529546443816253,-0.00338327035663499,0.00628398455774114,0.5240625744132,-0.115209631119926,-0.32532401141935,0.627498596903421
-0.08,0.275,-0.0739588445668219,0.271957549278758,0.00604115543317814,-0.00304245072124243,0.00676402730324223,0.495877759908916,-0.127417140749494,-0.378978575253907,0.636992009657686
-0.08,0.29,-0.0735870470071299,0.287369280966545,0.00641295299287012,-0.00263071903345524,0.00693156899422818,0.462638179126562,-0.138920440151869,-0.415558484635892,0.637201704703362
-0.08,0.305,-0.0736482232751417,0.302847749088231,0.00635177672485829,-0.00215225091176893,0.00670650814878068,0.424861661559239,-0.147927152300581,-0.43283138733824,0.624288987180338
-0.08,0.32,-0.0741941306600899,0.318388239912964,0.00580586933991015,-0.0016117600870357,0.00602543686136284,0.383102211195642,-0.152538875130518,-0.429090969805541,0.595111465995466
-0.08,0.335,-0.0752688264150545,0.333985627313038,0.00473117358494546,-0.00101437268696222,0.00483869356737339,0.337932477997643,-0.150831216868004,-0.403168466376194,0.547261824808373
-0.08,0.35,-0.0769085408470398,0.349634499933926,0.00309145915296022,-0.000365500066073998,0.00311299052242721,0.289927312435678,-0.140928327494753,-0.354421917974028,0.479097978865737
-0.06,0.05,-0.0633580240753004,0.0497124821068575,-0.00335802407530045,-0.000287517893142492,0.00337031040546335,0.251890052984817,-0.145375755197282,0.423486680389669,0.513736747443007
-0.06,0.065,-0.0650305387201973,0.0642263708578667,-0.00503053872019732,-0.000773629142133275,0.00508967797261893,0.290167399010138,-0.149600139781427,0.468514588146239,0.571039350470906
-0.06,0.08,-0.066119246311452,0.0787755864333968,-0.00611924631145197,-0.00122441356660316,0.00624054196382818,0.325646724997633,-0.145692390647193,0.489816161252184,0.605966464995802
-0.06,0.095,-0.0666626306773522,0.093364328129552,-0.00666263067735223,-0.00163567187044802,0.00686047155890687,0.357940180272768,-0.135661329548635,0.488063176922024,0.620269772855123
-0.06,0.11,-0.0667071817983875,0.107996669526922,-0.00670718179838753,-0.00200333047307782,0.0069999729043035,0.386671250181222,-0.121568028833538,0.464479609960536,0.616472558765957
-0.06,0.125,-0.0663071761976464,0.122676463565368,-0.00630717619764644,-0.00232353643463201,0.00672155437017512,0.411486650844027,-0.105446007307078,0.420853082477362,0.597963783799885
-0.06,0.14,-0.0655241951767356,0.137407244596967,-0.00552419517673555,-0.00259275540303336,0.00610238583921297,0.4320686889883,-0.0892154147202548,0.359522658479578,0.56912384184727
-0.06,0.155,-0.0644263750488902,0.152192131686648,-0.00442637504889025,-0.00280786831335172,0.00524184323864829,0.448147386855765,-0.0745961737590529,0.283340884185313,0.535429558819935
-0.06,0.17,-0.0630873997918597,0.167033737892779,-0.00308739979185973,-0.00296626210722067,0.00428144232280533,0.459511601707766,-0.0630257598002952,0.195609741192549,0.50337655804482
-0.06,0.185,-0.0615852639054354,0.181934090397798,-0.00158526390543544,-0.00306590960220246,0.00345150160636696,0.466018354066312,-0.0555875017360908,0.0999922281017593,0.47985713319755
-0.06,0.2,-0.0600008499358743,0.196894566044894,-8.49935874333574e-07,-0.00310543395510562,0.00310543407141642,0.467599656807279,-0.0529548862719286,0.000403387790534517,0.470590125986724
-0.06,0.215,-0.0584163793588977,0.211915846192389,0.00158362064110231,-0.00308415380761137,0.00346696683628918,0.464266289496673,-0.0553563274835912,-0.0991135139878609,0.477945942360664
-0.06,0.23,-0.0569138055360336,0.226997893666553,0.00308619446396641,-0.0030021063334473,0.00430548936901966,0.456108184775242,-0.0625633075276703,-0.19451851550898,0.499787835382933
-0.06,0.245,-0.0555732221425164,0.242139953301335,0.0044267778574836,-0.00286004669866466,0.00527031586511186,0.443291360669403,-0.0739028752836088,-0.281906294193231,0.530511107176049
-0.06,0.26,-0.0544713590766383,0.25734057597774,0.00552864092336169,-0.00265942402226038,0.00613501479946424,0.426051608155628,-0.0882934452523068,-0.357629422601165,0.563220262041356
-0.06,0.275,-0.0536802307402095,0.272597664649481,0.00631976925979054,-0.00240233535051923,0.00676096876441149,0.404685398067626,-0.104300930496919,-0.41840646491288,0.591367931134786
-0.06,0.29,-0.053265989491253,0.287908539462982,0.00673401050874703,-0.0020914605370175,0.00705131935951117,0.379538666402607,-0.12021070471294,-0.461409283508045,0.609427798254851
-0.06,0.305,-0.0532880215406931,0.3032700180465,0.00671197845930693,-0.00172998195349991,0.00693134131302417,0.350994261716357,-0.134109891796629,-0.484325839105764,0.612990650352642
-0.06,0.32,-0.0537983053935996,0.318678506409975,0.00620169460640041,-0.00132149359002495,0.00634092747944123,0.319458873261965,-0.143974103365062,-0.485396870247489,0.598661754580078
-0.06,0.335,-0.0548410359122379,0.334130095594669,0.00515896408776212,-0.000869904405331051,0.00523179167525176,0.285350215352421,-0.147752968516331,-0.463426874325049,0.563935032008086
-0.06,0.35,-0.056452501747873,0.349620659443386,0.00354749825212697,-0.000379340556614399,0.00356772239765602,0.249085133319742,-0.143449526828894,-0.417771568103021,0.507105444829485
-0.04,0.05,-0.0436659020383413,0.0497810150465698,-0.00366590203834133,-0.000218984953430174,0.00367243681559587,0.189121530025224,-0.144694147606015,0.470856285927826,0.527646623325017
-0.04,0.065,-0.0453137008947242,0.0644526786745831,-0.00531370089472422,-0.000547321325416905,0.00534181409559047,0.214427269588877,-0.14469120581287,0.513804454446697,0.575249855363093
-0.04,0.08,-0.0463752082352481,0.0791478774787378,-0.00637520823524815,-0.000852122521262183,0.00643190429297716,0.237660975377657,-0.13664664459385,0.532360905902558,0.598804177121496
-0.04,0.095,-0.0468890245543163,0.0938694770810986,-0.00688902455431634,-0.00113052291890145,0.00698117048782902,0.258612575861101,-0.122660268067735,0.52719761524697,0.59988883861657
-0.04,0.11,-0.0469018146028529,0.108620262283936,-0.00690181460285294,-0.00137973771606367,0.00703837488183762,0.277080751075221,-0.104887687546362,0.499557369136496,0.580806011793041
-0.04,0.125,-0.0464680882096867,0.123402871919042,-0.00646808820968668,-0.00159712808095772,0.00666235567913268,0.292879561899479,-0.0854568236656799,0.451266610502349,0.544724788549494
-0.04,0.14,-0.0456497162492894,0.138219731429516,-0.00564971624928942,-0.00178026857048361,0.00592356732725616,0.30584529947515,-0.0663779204100917,0.384723653397317,0.495944755704458
-0.04,0.155,-0.044515175706709,0.15307298614006,-0.00451517570670902,-0.00192701385994035,0.00490919485036574,0.315843146426477,-0.0494523035519726,0.302859996583536,0.440372065040997
-0.04,0.17,-0.0431385342903276,0.167964438497168,-0.00313853429032756,-0.00203556150283199,0.00374084323694185,0.322773198744572,-0.0361858883712,0.209074320427593,0.386270103585479
-0.04,0.185,-0.0415982026565888,0.182895492645581,-0.00159820265658878,-0.00210450735441886,0.00264257505784235,0.326575396965683,-0.0277136751344093,0.107140915060528,0.344817447697331
-0.04,0.2,-0.0399754992365251,0.197867109559708,2.45007634748773e-05,-0.0021328904402925,0.00213303115722719,0.327232960426594,-0.0247410567740509,0.00109650890124956,0.328169204879464
-0.04,0.215,-0.0383530870719493,0.212879775405243,0.00164691292805074,-0.00212022459475683,0.00268471125538528,0.324774015268986,-0.027506686257021,-0.104888518015454,0.342398494292619
-0.04,0.23,-0.0368133522815733,0.227933485155583,0.00318664771842675,-0.00206651484441714,0.00379805309119696,0.31927124622936,-0.0357699971952233,-0.206647035465069,0.381991045867071
-0.04,0.245,-0.0354367984513753,0.243027742460495,0.0045632015486247,-0.00197225753950453,0.00497117774531382,0.310839559164748,-0.0488244268824436,-0.300151865262918,0.434852970694791
-0.04,0.26,-0.0343005298783405,0.25816157578535,0.00569947012165953,-0.00183842421465005,0.00598863617701905,0.299631909730712,-0.0655352118527711,-0.381643987440255,0.489619992764323
-0.04,0.275,-0.0334768892943331,0.273333569743272,0.00652311070566693,-0.00166643025672772,0.00673260447961441,0.285833601393583,-0.0843985933816088,-0.44774480891392,0.537867556878619
-0.04,0.29,-0.0330323034145433,0.288541909653106,0.00696769658545673,-0.00145809034689365,0.00711862508962861,0.269655465513105,-0.103617636986163,-0.495546597863378,0.57360253087618
-0.04,0.305,-0.0330263738937078,0.303784436605504,0.00697362610629221,-0.00121556339449647,0.00707877499546355,0.251326403060662,-0.121188818717905,-0.522677214561766,0.59249159447441
-0.04,0.32,-0.0335112338218182,0.319058709861749,0.00648876617818175,-0.000941290138250978,0.00655668465304562,0.231085776855995,-0.134993144947929,-0.527337500867039,0.591364295315853
-0.04,0.335,-0.0345311726278865,0.334362073256713,0.00546882737211346,-0.000637926743287442,0.00550590804098459,0.209176104989421,-0.142885827910819,-0.508311835196188,0.567938874860451
-0.04,0.35,-0.0361225167969603,0.349691722333172,0.00387748320303966,-0.000308277666827866,0.00388971864145975,0.185836433979923,-0.142779329948364,-0.464954204713761,0.520677823096758
-0.02,0.05,-0.0238492432817139,0.0499031917640202,-0.00384924328171388,-9.6808235979795e-05,0.00385046044991673,0.110465313141295,-0.143040291193205,0.50035974279018,0.532000954804495
-0.02,0.065,-0.0254817477636643,0.0647345786446779,-0.00548174776366434,-0.000265421355322149,0.00548816973501184,0.121988664831019,-0.140444636218825,0.542077795930616,0.573111686877318
-0.02,0.08,-0.0265265065828544,0.0795776251364798,-0.00652650658285439,-0.000422374863520231,0.00654015968470002,0.132201554846036,-0.129865789317472,0.558978365746081,0.588899177086232
-0.02,0.095,-0.0270221937055104,0.094433838239812,-0.00702219370551038,-0.000566161760187978,0.00704498002668629,0.141085287957794,-0.11345892970186,0.551733715493878,0.580681467072654
-0.02,0.11,-0.0270155816661845,0.109304688685941,-0.00701558166618454,-0.000695311314058561,0.00704995347065231,0.148627581731682,-0.0934372004405059,0.521598644496871,0.55035274437688
-0.02,0.125,-0.026561322532403,0.124191576284011,-0.00656132253240298,-0.000808423715989437,0.00661093807857805,0.154823429051121,-0.0719859553512448,0.470424203737756,0.500452590873389
-0.02,0.14,-0.0257214624007461,0.139095793855726,-0.00572146240074611,-0.000904206144273889,0.00579247104045365,0.159675879353789,-0.0511702245935634,0.400646173867313,0.434319051178607
-0.02,0.155,-0.0245646832684402,0.154018491326823,-0.00456468326844016,-0.000981508673177395,0.00466901409472064,0.163196658242791,-0.032840792624353,0.315245921455905,0.356499744657094
-0.02,0.17,-0.0231652827690196,0.168960641753496,-0.00316528276901955,-0.00103935824650359,0.00333155827990853,0.165406537636967,-0.0185450941717229,0.217683171210232,0.274024359081522
-0.02,0.185,-0.021601919994448,0.183923011128238,-0.00160191999444801,-0.00107698887176172,0.00193029860345774,0.16633538039071,-0.00944938449728347,0.111802456511874,0.200640424783522
-0.02,0.2,-0.0199561727091439,0.198906133713604,4.3827290856141e-05,-0.00109386628639646,0.00109474393532852,0.166021799724766,-0.00627821991065822,0.00171731945824702,0.166149398312582
-0.02,0.215,-0.0183109658232703,0.213910294405206,0.00168903417672967,-0.00108970559479421,0.00201004844058213,0.16451240738113,-0.00927617133925331,-0.108321589648863,0.197190224658514
-0.02,0.23,-0.016748941256787,0.228935519248841,0.00325105874321303,-0.00106448075115914,0.00342089202130237,0.161860662062358,-0.0181949797313354,-0.214066781331475,0.268988198580197
-0.02,0.245,-0.0153508440326554,0.243981574684139,0.00464915596734464,-0.00101842531586122,0.00475939505953049,0.158125369052278,-0.0323072398465364,-0.311413993833975,0.350751264932657
-0.02,0.26,-0.0141939980883884,0.259047975553008,0.00580600191161158,-0.000952024446992494,0.0058835370947508,0.153368920893793,-0.050445436413094,-0.396533502855321,0.42814301325288
-0.02,0.275,-0.0133509378399844,0.274134001346637,0.00664906216001555,-0.000865998653363398,0.00670522044942431,0.147655394970844,-0.0710630475975992,-0.465985009068354,0.493959120096983
-0.02,0.29,-0.0128882491778389,0.289238719592032,0.00711175082216112,-0.000761280407968079,0.00715238055587546,0.141048640008606,-0.0923127386767845,-0.516810035153529,0.543609409203923
-0.02,0.305,-0.012865657631236,0.304361014974323,0.00713434236876398,-0.000638985025677385,0.00716290045287387,0.133610480263294,-0.11213558573803,-0.546597876149837,0.573757909935307
-0.02,0.32,-0.0133353838660118,0.319499622441691,0.00666461613398825,-0.000500377558308923,0.0066833738421755,0.125399151869586,-0.128354877121001,-0.55352344246522,0.581885756252696
-0.02,0.335,-0.0143417692500164,0.334653162492066,0.00565823074998356,-0.00034683750793385,0.00566885098383873,0.116468060507019,-0.138768318146743,-0.536357560726977,0.56613028162232
-0.02,0.35,-0.0159211586440845,0.349820176912258,0.00407884135591555,-0.000179823087742115,0.00408280334446959,0.106864911236073,-0.141233294625264,-0.494452192890387,0.525216008372691
0,0.05,-0.00390762652254756,0.0500516247536661,-0.00390762652254756,5.16247536661296e-05,0.00390796752224327,0.0233973280412259,-0.141911298425234,0.510995074136128,0.530852364848351
0,0.065,-0.00553434245084811,0.0650437431650835,-0.00553434245084811,4.37431650835429e-05,0.00553451532003941,0.0207595865042501,-0.138498296861021,0.552364872405417,0.569844160814715
0,0.08,-0.00657290157168741,0.080035609031861,-0.00657290157168741,3.56090318609503e-05,0.0065729980278592,0.0175914071790405,-0.127126625251329,0.568747057663586,0.583049556734497
0,0.095,-0.00706200765461124,0.095027358188826,-0.00706200765461124,2.73581888260432e-05,0.00706206064716833,0.0140716268003881,-0.109968068200431,0.560814870271196,0.57167037406174
0,0.11,-0.00704847312667267,0.110019134458496,-0.00704847312667267,1.91344584958286e-05,0.0070484990987393,0.010383235926458,-0.0892528924567811,0.52982837376406,0.537395676559006
0,0.125,-0.0065869998583734,0.12501108587541,-0.0065869998583734,1.10858754103216e-05,0.00658700918709279,0.00670824328427402,-0.0671834205383424,0.477648438789776,0.482398194711626
0,0.14,-0.00573969300169971,0.140003360377628,-0.00573969300169971,3.36037762757591e-06,0.00573969398538794,0.00322213746799315,-0.0458407421610851,0.406725277041539,0.409313961794468
0,0.155,-0.00457530168807209,0.154996101157049,-0.00457530168807209,-3.89884295148857e-06,0.00457530334927114,8.82046017043155e-05,-0.0270900060914803,0.320059111149804,0.321203955530421
0,0.17,-0.00316819711481455,0.169989441899073,-0.00316819711481455,-1.05581009269273e-05,0.00316821470734141,-0.00254800123439281,-0.012490556542686,0.221132497953623,0.221499772161135
0,0.185,-0.00159711628515328,0.184983502212052,-0.00159711628515328,-1.64977879482109e-05,0.00159720149176896,-0.00456371711923726,-0.00321743504353789,0.113816082007593,0.113952991218695
0,0.2,5.62831645891104e-05,0.199978383513496,5.62831645891104e-05,-2.16164865044222e-05,6.02915176866594e-05,-0.00586325048949174,-3.44254549446221e-07,0.00225187897666058,0.00628081726866784
0,0.215,0.00170899705354613,0.2149741656483,0.00170899705354613,-2.58343516996162e-05,0.00170919230713138,-0.00638120882858992,-0.00308504690289949,-0.109279702092299,0.10950933421823
0,0.23,0.00327830737900887,0.229970904448203,0.00327830737900887,-2.90955517974478e-05,0.00327843649052386,-0.00608447594041626,-0.012220440331472,-0.216501287991114,0.216931380686909
0,0.245,0.0046833986236663,0.244968630391244,0.0046833986236663,-3.1369608756493e-05,0.00468350367999353,-0.00497281584105704,-0.0266724020371752,-0.315279771068299,0.316445468477939
0,0.26,0.00584688406752773,0.259967348406988,0.00584688406752773,-3.2651593012023e-05,0.00584697523730312,-0.00307808846360814,-0.0452632144740769,-0.401758694923805,0.404312948709736
0,0.275,0.00669617589782688,0.27496703883021,0.00669617589782688,-3.29611697897914e-05,0.0066962570211538,-0.000462157540630278,-0.066433246428824,-0.472474060555764,0.477123299822123
0,0.29,0.007164645377229,0.289967659349946,0.007164645377229,-3.2340650054169e-05,0.00716471836844232,0.00278633921687479,-0.0883198593003131,-0.524447426335809,0.531841419204883
0,0.305,0.00719253527908764,0.304969147820836,0.00719253527908764,-3.08521791640148e-05,0.00719260144856362,0.00655611755036924,-0.108847415002561,-0.555252315564849,0.565860830053316
0,0.32,0.00672760447856011,0.319971425677324,0.00672760447856011,-2.85743226755841e-05,0.00672766516050393,0.0107179931899027,-0.125821868970337,-0.563052262318342,0.577041318001476
0,0.335,0.00572550195712279,0.33497440170563,0.00572550195712279,-2.55982943705158e-05,0.00572555918087409,0.015129949259286,-0.137023716917433,-0.546611079019522,0.56372923438078
0,0.35,0.00414988319678086,0.349977975956979,0.00414988319678086,-2.2024043020874e-05,0.00414994163879387,0.0196422438047886,-0.140293904991828,-0.505277835796027,0.524762626181213
0.02,0.05,0.0161588021840692,0.0501986953686208,-0.00384119781593079,0.000198695368620827,0.00384633338526743,-0.0641921355055201,-0.14184561833917,0.502361915107356,0.525937492217252
0.02,0.065,0.0145283332716087,0.0653515984066526,-0.00547166672839128,0.000351598406652609,0.00548295159801222,-0.0809084473428977,-0.139435274651981,0.544279591968102,0.567654192862535
0.02,0.08,0.0134853860958092,0.0804923477337052,-0.00651461390419081,0.000492347733705184,0.00653319222214997,-0.0973745676620173,-0.129056070084069,0.561301167489102,0.584122616823808
0.02,0.095,0.0129912710404177,0.0956197081172898,-0.00700872895958227,0.000619708117289841,0.00703607275257455,-0.113216010320137,-0.112856638767916,0.55410172364964,0.576702708462054
0.02,0.11,0.0129992041049469,0.110732496367961,-0.00700079589505315,0.000732496367961022,0.0070390122952918,-0.128056520514433,-0.0930429096337917,0.523939821387784,0.547330494313195
0.02,0.125,0.0134545266033581,0.12582960842879,-0.0065454733966419,0.000829608428790346,0.00659783844385923,-0.141529137323709,-0.0717926331615902,0.47267112215673,0.498602283877881
0.02,0.14,0.01429519117577,0.140910046822489,-0.00570480882423002,0.000910046822489269,0.00577693940942222,-0.153287968098983,-0.0511631866053023,0.402736758976182,0.433950077823644
0.02,0.155,0.0154525202127613,0.155972947250143,-0.00454747978723867,0.000972947250142547,0.00465039769986441,-0.163020082234511,-0.0329980318760739,0.317124087312911,0.358095687617542
0.02,0.17,0.0168522261786218,0.171017603068701,-0.00314777382137823,0.00101760306870083,0.00330817110137663,-0.170456849182142,-0.0188380037096114,0.219299358350741,0.278393191131698
0.02,0.185,0.0184156655817491,0.186043486365069,-0.00158433441825094,0.00104348636506887,0.0018970976102824,-0.175384012895426,-0.00984385240967373,0.113114085574776,0.208928930822004
0.02,0.2,0.0200612812848719,0.201050264424425,6.12812848719002e-05,0.00105026442442455,0.00105205073883695,-0.177649837025333,-0.00673604376232709,0.00268917749605678,0.177797907533986
0.02,0.215,0.0217061733148285,0.216037810632068,0.00170617331482849,0.0010378106320684,0.00199701734801354,-0.177170758761986,-0.00975670862935927,-0.107717018308083,0.207575707355054
0.02,0.23,0.0232677280829322,0.231006209135918,0.00326772808293224,0.00100620913591817,0.00341913785173825,-0.173934157198647,-0.0186569283444567,-0.213849032077055,0.276283782452442
0.02,0.245,0.0246652312153954,0.245955752946047,0.00466523121539542,0.000955752946046995,0.00476212620443613,-0.167998058607504,-0.0327104305417589,-0.311594390296652,0.355506384612522
0.02,0.26,0.0258213905983078,0.260886935601212,0.00582139059830779,0.000886935601212058,0.0058885688633796,-0.159487831518168,-0.0507525201614996,-0.39711499201501,0.430944751789073
0.02,0.275,0.0266637036882774,0.275800436845389,0.00666370368827739,0.000800436845388552,0.00671160532127875,-0.148590146255301,-0.0712409728186407,-0.466962080215426,0.495186246230746
0.02,0.29,0.0271256154200778,0.290697103202183,0.00712561542007775,0.000697103202182942,0.00715963323008543,-0.135544670196488,-0.0923339371160251,-0.518168752794608,0.543506195935866
0.02,0.305,0.0271474290976723,0.305577924476396,0.0071474290976723,0.000577924476396013,0.00717075584625988,-0.12063409482901,-0.111978813995291,-0.548316046875283,0.572490221421941
0.02,0.32,0.0266769501245574,0.320444007517052,0.00667695012455743,0.000444007517051676,0.00669169676846059,-0.104173167623606,-0.128005693548196,-0.555570938123967,0.579568320249836
0.02,0.335,0.0256698598648862,0.335296548483486,0.00566985986488622,0.000296548483486175,0.0056776096986765,-0.086497399729426,-0.138219204450594,-0.538696807259904,0.562834919125281
0.02,0.35,0.024089832482549,0.350136804938824,0.00408983248254896,0.00013680493882437,0.00409211990618546,-0.0679520619320922,-0.140483456224119,-0.497038821514279,0.520963092845782
0.04,0.05,0.0363493328923189,0.050316814713488,-0.00365066710768108,0.000316814713487962,0.00366438833828881,-0.144418026744774,-0.142379292297284,0.474686828699566,0.516195522040176
0.04,0.065,0.0347055831359362,0.0656296007215092,-0.00529441686406384,0.000629600721509221,0.00533172082905778,-0.174672603725323,-0.142735685396892,0.518044434301625,0.565027979503296
0.04,0.08,0.033647680154641,0.0809183902389201,-0.00635231984535903,0.000918390238920097,0.00641836490460661,-0.203913702077353,-0.135078511862282,0.536854611731903,0.589951651704553
0.04,0.095,0.033136992554587,0.0961805896907841,-0.00686300744541302,0.00118058969078411,0.00696381096913035,-0.231581020456168,-0.121494799808606,0.531794867432226,0.592621015003292
0.04,0.11,0.0331268330050475,0.11141370149421,-0.0068731669949525,0.0014137014942103,0.00701704898481098,-0.257115192938769,-0.104126095739249,0.504115386625247,0.575400357922184
0.04,0.125,0.033562678725629,0.126615381613657,-0.00643732127437095,0.0016153816136571,0.00663690914109951,-0.279974410815243,-0.0850855111342461,0.455651693913357,0.54152180380151
0.04,0.14,0.0343826565118521,0.141783498337577,-0.00561734348814791,0.00178349833757693,0.00589367577866117,-0.299652019391529,-0.066368396246178,0.388812663783625,0.495351302231774
0.04,0.155,0.0355182982602511,0.156916189710159,-0.00448170173974892,0.00191618971015919,0.00487415977265707,-0.315694188271553,-0.0497618342178783,0.306541626251864,0.44284060962162
0.04,0.17,0.0368955564556254,0.172011916839072,-0.00310444354437461,0.00201191683907176,0.00369937549966878,-0.327716630336438,-0.0367589076680843,0.212250170695737,0.392173612722216
0.04,0.185,0.0384360515299522,0.187069510251658,-0.00156394847004776,0.00206951025165814,0.00259399450629389,-0.335419310046204,-0.0284839141034618,0.109726408292634,0.354058936478511
0.04,0.2,0.0400585060948476,0.202088206674008,5.8506094847588e-05,0.00208820667400844,0.00208902610718672,-0.338598147444338,-0.0256342904285585,0.0030216639196752,0.339581051162192
0.04,0.215,0.0416803066752218,0.21706767403925,0.00168030667522181,0.00206767403924968,0.00266433977851588,-0.337152891309724,-0.02844393618197,-0.103678422975162,0.353879560183692
0.04,0.23,0.0432191234145424,0.232008023167692,0.00321912341454239,0.00200802316769214,0.00379406280918535,-0.331090602832392,-0.0366709856186343,-0.206190900319319,0.391766555259193
0.04,0.245,0.0445945135785897,0.246909805385865,0.00459451357858968,0.00190980538586508,0.00497563178257035,-0.320524512563768,-0.0496110549361925,-0.300472313954179,0.442133239431028
0.04,0.26,0.0457294360230215,0.261773996190094,0.00572943602302149,0.00177399619009394,0.00599779122880783,-0.305668369612228,-0.0661348357154698,-0.382747046994863,0.494270963875476
0.04,0.275,0.046551611234035,0.276601965948553,0.00655161123403503,0.00160196594855255,0.00674462042388271,-0.28682673994709,-0.0847468963723245,-0.449619762120391,0.540010837235868
0.04,0.29,0.0469946736216458,0.29139543941619,0.00699467362164582,0.00139543941619,0.00713251079477659,-0.264381990305915,-0.103660939462223,-0.498166057616293,0.573424443773327
0.04,0.305,0.0469990787012664,0.306156446383151,0.00699907870126643,0.00115644638315116,0.00709397426719499,-0.238778886731418,-0.120885723725517,-0.525997467254484,0.59017381345428
0.04,0.32,0.0465127450540091,0.320887266188121,0.00651274505400909,0.000887266188120711,0.00657290570654274,-0.21050783465845,-0.134315478462557,-0.531299154189104,0.587057069195254
0.04,0.335,0.0454914282927227,0.335590368938299,0.00549142829272267,0.000590368938299446,0.00552307162523028,-0.180087775854416,-0.141818890396854,-0.512840788746138,0.56174051565436
0.04,0.35,0.043898839614606,0.350268356204859,0.00389883961460596,0.000268356204859016,0.0039080641490522,-0.148049663301025,-0.141321524561783,-0.469962940226849,0.512598667469831
0.06,0.05,0.0566627023135015,0.050378683778594,-0.00333729768649854,0.000378683778594013,0.00335871363061496,-0.209818976926078,-0.142092485259231,0.428804578849409,0.498085541522962
0.06,0.065,0.0549962068434168,0.065849512251536,-0.00500379315658317,0.000849512251536011,0.00507539328716291,-0.252649443081485,-0.146828786193442,0.474471695806691,0.557239868701792
0.06,0.08,0.0539128590288743,0.0812846066346661,-0.0060871409711257,0.00128460663466609,0.00622121366038695,-0.293737907710744,-0.143473578352594,0.496182665242905,0.594194435990535
0.06,0.095,0.0533741296852122,0.0966800400785671,-0.00662587031478784,0.00168004007856706,0.00683554621767554,-0.332355275210868,-0.134017273841806,0.494617307082913,0.610794951024976
0.06,0.11,0.0533334958280742,0.11203202564658,-0.00666650417192577,0.00203202564658009,0.00696931891239473,-0.367776543507164,-0.120500718215134,0.471010390928502,0.609618161917629
0.06,0.125,0.053736662205947,0.127337003568774,-0.00626333779405304,0.00233700356877381,0.00668513171170731,-0.399302355524748,-0.104936167328703,0.427162825234433,0.594075089048053
0.06,0.14,0.054522044511883,0.142591730525753,-0.00547795548811697,0.00259173052575273,0.00606012074532425,-0.42628171497458,-0.0892224138279078,0.365429160324091,0.568522526203081
0.06,0.155,0.0556215200042075,0.157793367068119,-0.00437847999579248,0.00279336706811883,0.00519364868380657,-0.448134697168578,-0.0750589763488034,0.288679329744608,0.538327450549921
0.06,0.17,0.0569614349873997,0.172939558944221,-0.00303856501260032,0.00293955894422149,0.00422775166280511,-0.464373835289692,-0.0638649567835381,0.200234323880237,0.509722757642739
0.06,0.185,0.0584638413235766,0.188028508026193,-0.00153615867642343,0.00302850802619278,0.00339582749029822,-0.474622824016508,-0.056708361629787,0.103777526371477,0.489135861921949
0.06,0.2,0.0600479174960836,0.203059028814145,4.79174960835854e-05,0.00305902881414494,0.00305940408775956,-0.478631276120311,-0.0542512799067941,0.00324553439075431,0.48170841819395
0.06,0.215,0.0616315156155723,0.218030587155691,0.0016315156155723,0.00303058715569143,0.00344184568394607,-0.476284488059278,-0.056715298321637,-0.0972958365326725,0.489419528516887
0.06,0.23,0.0631327657477611,0.232943318788077,0.00313276574776108,0.00294331878807672,0.00429852843640594,-0.46760751644062,-0.0638699989637242,-0.193783241184523,0.510186074484733
0.06,0.245,0.0644716643603975,0.24779802650207,0.00447166436039753,0.00279802650207026,0.00527491558779256,-0.452763286649451,-0.0750454942247014,-0.282287309814863,0.538808578915235
0.06,0.26,0.065571575067526,0.26259615610552,0.00557157506752599,0.00259615610551969,0.0061467450945443,-0.432044906787253,-0.0891679423964714,-0.359136111455726,0.568854223956668
0.06,0.275,0.0663605769972296,0.277339752653719,0.0063605769972296,0.00233975265371927,0.0067772695252788,-0.405862790294732,-0.10481511145329,-0.421023514569729,0.594116802207846
0.06,0.29,0.0667726082028661,0.292031399551126,0.00677260820286613,0.00203139955112572,0.007070700531478,-0.374727554095986,-0.12028754751735,-0.465096822655792,0.609268730718954
0.06,0.305,0.0667483669831543,0.30667414411225,0.00674836698315429,0.00167414411224995,0.00695292855190588,-0.339229893266048,-0.133689924300339,-0.489019968599834,0.609995049688552
0.06,0.32,0.0662359511868156,0.321271413706859,0.00623595118681561,0.00127141370685932,0.00636424229726813,-0.300018759298596,-0.143016779759622,-0.491010637233526,0.592924648249693
0.06,0.335,0.065191232470537,0.3358269267662,0.00519123247053704,0.000826926766199609,0.00525668169474008,-0.257779150519431,-0.146237065773142,-0.469851714161232,0.555516354945375
0.06,0.35,0.0635779778005796,0.35034460289288,0.00357797780057956,0.000344602892879964,0.00359453422507303,-0.213210697438182,-0.141372650263148,-0.424879205925926,0.495952521082561
0.08,0.05,0.0770971111611693,0.0503575470332849,-0.00290288883883072,0.000357547033284944,0.00292482537797025,-0.253734235832241,-0.138739766134339,0.366097912501598,0.466539032971484
0.08,0.065,0.0753985165505166,0.0659836694786084,-0.00460148344948341,0.000983669478608395,0.00470544956183949,-0.307819755185247,-0.149237960324011,0.414903665083208,0.537747286804671
0.08,0.08,0.0742793711186601,0.0815624711874095,-0.00572062888133987,0.00156247118740949,0.00593016955992867,-0.359485758437613,-0.151535954290514,0.44056375947193,0.588466333972327
0.08,0.095,0.0737012915995248,0.0970887289060752,-0.00629870840047525,0.0020887289060752,0.00663600150371378,-0.407857226473832,-0.147497756412037,0.443759227536596,0.620507147879869
0.08,0.11,0.0736179859687682,0.112557403237611,-0.00638201403123179,0.00255740323761106,0.0068753483122372,-0.452066892783818,-0.139032812951818,0.425702222815531,0.636334144330105
0.08,0.125,0.0739754762281305,0.127963754490668,-0.00602452377186953,0.00296375449066816,0.00671406935909786,-0.491280889892762,-0.128022090062967,0.388145354517796,0.639067773115039
0.08,0.14,0.0747125789770886,0.143303461253103,-0.00528742102291135,0.00330346125310305,0.00623455510235318,-0.524725659676481,-0.116238953854344,0.333368610907471,0.632445416098071
0.08,0.155,0.0757616491750111,0.158572736574103,-0.00423835082498893,0.00357273657410345,0.0055432900288205,-0.551714745001087,-0.105269401224474,0.264142023712714,0.620681547029665
0.08,0.17,0.0770495765454835,0.173768436122727,-0.00295042345451651,0.00376843612272693,0.00478603273829529,-0.571673916079916,-0.0964368041044611,0.183663875375542,0.608150487067834
0.08,0.185,0.0784990071637175,0.188888152617051,-0.00150099283628253,0.00388815261705094,0.00416781840631901,-0.584163046940119,-0.090736481084223,0.0954761377510761,0.59883097079433
0.08,0.2,0.0800297464669801,0.203930291203559,2.97464669800629e-05,0.00393029120355937,0.00393040377023455,-0.58889327514139,-0.0887850240221436,0.00336075968727769,0.595560709139504
0.08,0.215,0.0815602860968315,0.218894121290902,0.00156028609683148,0.00389412129090194,0.00419507727368894,-0.585738242939103,-0.0907883723626629,-0.0887778544162231,0.599346811775684
0.08,0.23,0.0830093872178262,0.23377980166171,0.0030093872178262,0.00377980166170977,0.00483149169808659,-0.574738618623638,-0.0965312230038328,-0.177037530829899,0.609088284103303
0.08,0.245,0.0842976484437273,0.24858837727046,0.00429764844372726,0.00358837727046041,0.00559877072052681,-0.556099590609343,-0.105388641820841,-0.257642841479065,0.621881942930245
0.08,0.26,0.0853489878429324,0.263321747894085,0.00534898784293238,0.00332174789408507,0.0062964815584338,-0.530181550109966,-0.11635891274786,-0.327062131005043,0.633723602535739
0.08,0.275,0.0860919754674841,0.277982610557442,0.00609197546748409,0.00298261055744187,0.00678292936965967,-0.497484678680634,-0.128114951426715,-0.382110462860848,0.640247700165649
0.08,0.29,0.0864609646427711,0.29257437920533,0.00646096464277113,0.00257437920533038,0.0069549617114673,-0.458628570697792,-0.139070229731818,-0.420033224413249,0.637269794439552
0.08,0.305,0.0863969853833722,0.307101086306062,0.00639698538337219,0.00210108630606198,0.00673320025400987,-0.414328304451894,-0.147454252322213,-0.438566864065271,0.621092080191203
0.08,0.32,0.0858483800909627,0.321567271810045,0.00584838009096267,0.0015672718100449,0.00605474116828539,-0.365368512411808,-0.151392271535478,-0.435975168232508,0.588635001207244
0.08,0.335,0.0847711782922133,0.335977865218703,0.0047711782922133,0.000977865218703133,0.00487035549852746,-0.312576987094356,-0.14898410711035,-0.411061363284678,0.53747018496734
0.08,0.35,0.0831292221760414,0.350338066316522,0.00312922217604142,0.000338066316521612,0.00314743073972977,-0.256799211883057,-0.138377567206902,-0.363157955891008,0.465810135534862
0.1,0.05,0.0976502478392976,0.0502274339642113,-0.00234975216070243,0.000227433964211321,0.00236073323880582,-0.270605307882303,-0.129446643338654,0.288403375370705,0.416126103729537
0.1,0.065,0.0959103589424586,0.0660052387333965,-0.00408964105754139,0.00100523873339653,0.00421137375337893,-0.33435053822123,-0.14679876512809,0.341119366799595,0.499704077479583
0.1,0.08,0.0947452547330713,0.081724331422344,-0.00525474526692873,0.00172433142234396,0.00553043096642501,-0.395064150027198,-0.155815054533721,0.371689029986977,0.56436630312335
0.1,0.095,0.0941167410902141,0.0973782402583322,-0.00588325890978592,0.00237824025833216,0.00634576726061768,-0.45175219582198,-0.158209795113545,0.380792381079834,0.611650861287398
0.1,0.11,0.093978822015238,0.112960721324894,-0.00602117798476198,0.00296072132489406,0.00670972839151219,-0.50343258672337,-0.155737254256039,0.369611688070482,0.643673534615873
0.1,0.125,0.0942779238293154,0.128465901562406,-0.00572207617068464,0.003465901562406,0.00668989008455336,-0.549163867843246,-0.150123757074822,0.339838714611568,0.663033448606907
0.1,0.14,0.0949533722707616,0.143888425090074,-0.00504662772923836,0.00388842509007431,0.0063708948444184,-0.588075263297187,-0.142995278559787,0.293661075667311,0.672697696245293
0.1,0.155,0.0959381275099478,0.159223596550501,-0.00406187249005223,0.00422359655050086,0.00585982729667401,-0.619396458370429,-0.135804688570047,0.23372611132119,0.675816599711281
0.1,0.17,0.0971597665599169,0.174467514571621,-0.00284023344008307,0.00446751457162109,0.00529392221720464,-0.642485419529007,-0.129763304006872,0.163082194846604,0.675445864074216
0.1,0.185,0.0985416860784492,0.189617188337029,-0.00145831392155077,0.00461718833702879,0.00484201483200779,-0.656852521242787,-0.125781513086148,0.0850991087134577,0.674183451486636
0.1,0.2,0.100004482697082,0.204670630705423,4.48269708236415e-06,0.00467063070542267,0.00467063285658488,-0.662179383172752,-0.124422871290344,0.00337085916230142,0.673779771732113
0.1,0.215,0.101467454582662,0.219626922405672,0.00146745458266236,0.00462692240567192,0.00485405334749069,-0.65833112494705,-0.125875224777399,-0.0783941486624416,0.674829866876933
0.1,0.23,0.10285015843724,0.234486243351521,0.00285015843723983,0.0044862433515212,0.0053150524481361,-0.645361169849548,-0.12994115820252,-0.156489486497414,0.676660938207733
0.1,0.245,0.104073951717243,0.249249869117087,0.00407395171724254,0.0042498691170873,0.00588714447816561,-0.623508280924353,-0.136048534924223,-0.227326918877146,0.677461921654034
0.1,0.26,0.105063451184048,0.263920132776734,0.00506345118404757,0.0039201327767337,0.00640359109253976,-0.593186070404306,-0.143280270050736,-0.28754577714153,0.674601201545733
0.1,0.275,0.10574784559627,0.27850035441468,0.00574784559627027,0.00350035441468,0.00672980014762201,-0.554965768212815,-0.150420956963356,-0.334109441678916,0.66501695618084
0.1,0.29,0.106062011823451,0.292994742561147,0.00606201182345109,0.00299474256114723,0.00676139559227291,-0.509553488645361,-0.156016735444742,-0.364384090576762,0.645574282450714
0.1,0.305,0.105947398335972,0.307408273260952,0.00594739833597249,0.00240827326095167,0.00641648868666837,-0.457763536530625,-0.158443969394586,-0.37619642288989,0.613334564181646
0.1,0.32,0.105352656355146,0.321746553449801,0.00535265635514573,0.00174655344980112,0.0056303977665254,-0.400489456388569,-0.155981969089321,-0.367868814429796,0.565731600878883
0.1,0.335,0.104234015154798,0.336015675661735,0.00423401515479849,0.00101567566173477,0.00435413382671039,-0.338674507487919,-0.146885128515587,-0.338232068823965,0.500677731228139
0.1,0.35,0.102555412641801,0.350222070916242,0.00255541264180126,0.000222070916241768,0.00256504371536201,-0.273283104180214,-0.129450388974051,-0.286617418091322,0.416642973698284
0.12,0.05,0.11831931789036,0.0499633835343613,-0.00168068210964045,-3.66164656386836e-05,0.0016810809377366,-0.256179846846796,-0.110947353931473,0.197894213461467,0.342198622267102
0.12,0.065,0.116529142368859,0.0658884532300948,-0.00347085763114069,0.000888453230094843,0.00358276455236923,-0.327809887125153,-0.135921852444939,0.255219040455263,0.437117555627618
0.12,0.08,0.115308162206239,0.0817436573382069,-0.00469183779376067,0.00174365733820692,0.00500536540085175,-0.395873557746013,-0.152403099058033,0.291550646949134,0.514729190914123
0.12,0.095,0.114618414962766,0.0975213334808794,-0.00538158503723379,0.00252133348087935,0.00594294371795509,-0.459287207140278,-0.161939431361359,0.307564717083695,0.57599302718112
0.12,0.11,0.114414263738984,0.11321409117462,-0.00558573626101605,0.00321409117461985,0.00644444191970094,-0.516983449948784,-0.166113699612391,0.304406468712544,0.622521292187308
0.12,0.125,0.114642622866649,0.128814980260045,-0.00535737713335084,0.00381498026004495,0.0065768962386131,-0.567942052715632,-0.166481908492901,0.283695724495539,0.65632490085302
0.12,0.14,0.115243430711,0.144317663109016,-0.00475656928899967,0.00431766310901593,0.00642395253127014,-0.611222009693112,-0.164508115951622,0.247512791384039,0.67964936816847
0.12,0.155,0.116150374145152,0.15971658324291,-0.00384962585484809,0.00471658324290991,0.00608816694166754,-0.645993190629127,-0.161499271756097,0.198363817587597,0.694797335136453
0.12,0.17,0.117291854228948,0.175007122256875,-0.0027081457710521,0.00500712225687489,0.0056925676818602,-0.67156578297136,-0.158544107701981,0.139125656986361,0.703916909726525
0.12,0.185,0.118592166619647,0.190185736891442,-0.0014078333803525,0.00518573689144231,0.00537344041877273,-0.68741573041568,-0.156460262672298,0.0729717994538609,0.70876758513137
0.12,0.2,0.119972854929881,0.205250068574663,-2.71450701188752e-05,0.00525006857466281,0.00525013874992783,-0.69320451700282,-0.155753486921068,0.00328246579646979,0.710499046083856
0.12,0.215,0.121354182269476,0.220199019031936,0.00135418226947575,0.00519901903193593,0.00537248625064732,-0.688791966830033,-0.156592022056072,-0.0664566713661029,0.709491618218101
0.12,0.23,0.122656656980538,0.235032787353985,0.00265665698053809,0.00503278735398488,0.00569093795983332,-0.67424117406757,-0.158798151832653,-0.132761652916651,0.705301319944489
0.12,0.245,0.123802544368285,0.249752866232048,0.00380254436828548,0.00475286623204818,0.0060867956342006,-0.64981523985406,-0.161857587994498,-0.192257257383805,0.696725598330726
0.12,0.26,0.12471729738271,0.264361997539724,0.00471729738271041,0.00436199753972444,0.0064249449128758,-0.615966073583524,-0.164945942109896,-0.24177787119866,0.681970232044509
0.12,0.275,0.125330845743713,0.278864089979366,0.00533084574371268,0.00386408997936633,0.00658400392708713,-0.573316075822852,-0.166970213344979,-0.278456764787297,0.658872771217484
0.12,0.29,0.125578693974896,0.293264103695092,0.0055786939748958,0.0032641036950925,0.00646345104397451,-0.522633983944375,-0.1666221417129,-0.299799369309435,0.625134191869312
0.12,0.305,0.12540279303274,0.307567908517725,0.00540279303273974,0.00256790851772531,0.00598200022651515,-0.464806481649527,-0.162439552240578,-0.303737540809945,0.578524857510834
0.12,0.32,0.124752165958025,0.321782123619013,0.00475216595802455,0.00178212361901259,0.00507533702191785,-0.400807345798581,-0.152871504771267,-0.288663327241094,0.517053726644012
0.12,0.335,0.123583283736392,0.335913946775676,0.00358328373639188,0.000913946775675856,0.0036980023045232,-0.331665891078886,-0.136343158744649,-0.253442282268581,0.439119180326801
0.12,0.35,0.121860201737825,0.349970981263479,0.00186020173782525,-2.90187365205585e-05,0.00186042806699892,-0.258436332735869,-0.111316710970335,-0.197407712048468,0.343730864714682
0.14,0.05,0.139101078495132,0.0495416471742269,-0.000898921504867589,-0.000458352825773056,0.00100903279669571,-0.207609006400165,-0.0798360187540788,0.0969529691419343,0.242642237969978
0.14,0.065,0.137251868381734,0.0656088269016384,-0.00274813161826648,0.000608826901638437,0.00281476421525402,-0.285265779148496,-0.112869498043632,0.1594990181494,0.345769269855127
0.14,0.08,0.135965387647848,0.0815952657101752,-0.00403461235215183,0.00159526571017515,0.00433854463134779,-0.358907737485559,-0.137236895421677,0.202321372680891,0.434262098406227
0.14,0.095,0.135203947158405,0.097492177401612,-0.00479605284159473,0.00249217740161195,0.00540491175325502,-0.42739113021072,-0.154311513475721,0.226087169672241,0.507535529827934
0.14,0.11,0.134922329761017,0.113291091683324,-0.00507767023898259,0.00329109168332375,0.00605095195187437,-0.489592972736676,-0.165496056201296,0.231897750725986,0.566453355449391
0.14,0.125,0.135068017478815,0.128984046060211,-0.00493198252118528,0.00398404606021102,0.0063401162922426,-0.544443045180595,-0.172168109769351,0.221291617155014,0.61239990010965
0.14,0.14,0.135581659190805,0.144563781822877,-0.00441834080919462,0.0045637818228767,0.00635215239371777,-0.590956932600943,-0.175622591771166,0.196229989085156,0.646980716297745
0.14,0.155,0.136397782896696,0.16002393575736,-0.00360221710330445,0.00502393575735977,0.00618190088511755,-0.628268464815224,-0.177014389463184,0.159063895364599,0.671834691216957
0.14,0.17,0.137445742127032,0.175359218481516,-0.00255425787296772,0.0053592184815156,0.00593678835855179,-0.655659769459994,-0.177304750897374,0.112482923926041,0.688465554050607
0.14,0.185,0.138650870665419,0.190565570137088,-0.00134912933458122,0.00556557013708842,0.0057267548325625,-0.672587140316568,-0.177215029214928,0.0594471064787366,0.69808209739454
0.14,0.2,0.13993580503735,0.20564028484814,-6.41949626495608e-05,0.00564028484813983,0.00564065015413874,-0.678701088003557,-0.177191073031198,0.00310473819846703,0.701461067002349
0.14,0.215,0.141221921693384,0.220582096684997,0.00122192169338413,0.00558209668499654,0.00571427125934813,-0.67385925323202,-0.177380903819259,-0.0532998747382616,0.698854212194595
0.14,0.23,0.142430827022226,0.235391221979668,0.00243082702222584,0.00539122197966818,0.00591389841357126,-0.658131316438862,-0.17762737775513,-0.106523875836529,0.68995753759701
0.14,0.245,0.143485834203672,0.25006935536973,0.00348583420367195,0.00506935536972974,0.00615218692499643,-0.631795588365975,-0.177476395061324,-0.153423194487682,0.673949144860052
0.14,0.26,0.1443133620021,0.264619619768282,0.00431336200209974,0.00461961976828157,0.00632028310795139,-0.595327540548152,-0.176200017324546,-0.191044438584135,0.649587425973802
0.14,0.275,0.144844196873486,0.279046473306966,0.00484419687348565,0.00404647330696639,0.00631190855233817,-0.549381086688894,-0.172832727329675,-0.216706514492893,0.615350374289704
0.14,0.29,0.145014570232978,0.29335557873126,0.00501457023297758,0.00335557873125986,0.00603372382887619,-0.494763888325943,-0.166218141084034,-0.228068043367196,0.569594136212781
0.14,0.305,0.144767016351497,0.307553642746961,0.00476701635149679,0.00255364274696057,0.00540791421664047,-0.432408279524995,-0.155062850652326,-0.223177835024384,0.510716634642694
0.14,0.32,0.144050991559937,0.321648234064486,0.00405099155993666,0.00164823406448555,0.00437346637691529,-0.363339580530773,-0.137993793910532,-0.200507021429683,0.437335034252276
0.14,0.335,0.142823250550063,0.335647589390943,0.00282325055006327,0.000647589390942949,0.00289656964143699,-0.288643572698808,-0.113615604740349,-0.158962779276353,0.348558686004878
0.14,0.35,0.141047989336208,0.349560416428763,0.00104798933620848,-0.000439583571236912,0.00113644857556692,-0.209434774156561,-0.0805647586135671,-0.0978847690664979,0.244816511209273
0.16,0.05,0.159991877220355,0.0489398667584534,-8.12277964540309e-06,-0.00106013324154658,0.00106016435960714,-0.123442658392804,-0.0328050020890155,-0.0119540749334516,0.128285481858935
0.16,0.065,0.158075167004399,0.0651433412211527,-0.00192483299560076,0.000143341221152726,0.00193016288603707,-0.205274355949247,-0.0740166498527557,0.0563291085043498,0.225364282020938
0.16,0.08,0.1567138977632,0.0812555154099253,-0.00328610223680001,0.0012555154099253,0.00351778152466322,-0.282734728041582,-0.106381294757208,0.106237151546083,0.320222587592603
0.16,0.095,0.155870694169656,0.0972665536653599,-0.00412930583034415,0.00226655366535994,0.00471045986698441,-0.354648285016771,-0.131094762727449,0.13842382740175,0.402645086998153
0.16,0.11,0.155500816656264,0.11316698010538,-0.00449918334373554,0.00316698010538019,0.00550203723619,-0.419864660113382,-0.149377807895966,0.153940371917671,0.471485900999073
0.16,0.125,0.155552390032042,0.128947891827504,-0.00444760996795833,0.00394789182750449,0.00594702314681548,-0.477290803541049,-0.162428427939623,0.154236491586974,0.527238430162873
0.16,0.14,0.15596686524911,0.144601176335231,-0.0040331347508899,0.00460117633523122,0.00611857823245952,-0.52592402438421,-0.17137179744233,0.141145800966811,0.570867064617575
0.16,0.155,0.156679717894606,0.160119724007362,-0.00332028210539372,0.00511972400736199,0.00610211825278374,-0.564884267832009,-0.177210588054473,0.116854856644453,0.603453604132695
0.16,0.17,0.157621373038398,0.175497625543075,-0.00237862696160179,0.00549762554307481,0.00599013796454869,-0.593443885934199,-0.180778708339576,0.0838560019179791,0.626013030830482
0.16,0.185,0.158718331319487,0.190730344273412,-0.00128166868051266,0.00573034427341185,0.00587192643843833,-0.611053171995896,-0.182701507361409,0.044885388953419,0.639362776400792
0.16,0.2,0.159894457054117,0.205814853858939,-0.000105542945883483,0.00581485385893915,0.00581581161268531,-0.617360085070318,-0.183365208953937,0.00284869230674783,0.644025431599688
0.16,0.215,0.161072377244367,0.220749733477541,0.00107237724436722,0.00574973347754087,0.00584888262978416,-0.612222907919388,-0.182897787955203,-0.0392619793868965,0.640167365728342
0.16,0.23,0.16217493186925,0.23553521480112,0.00217493186925037,0.00553521480111968,0.0059471784511998,-0.595715013736028,-0.181162705296757,-0.0784557086563324,0.627579110017939
0.16,0.245,0.163126611943821,0.25017317790691,0.00312661194382113,0.00517317790690963,0.00604462338808489,-0.568121443129171,-0.177765969519024,-0.111830289044799,0.605699714599488
0.16,0.26,0.163854922837492,0.264667096338819,0.00385492283749234,0.00466709633881868,0.00605328161568869,-0.529927541965544,-0.172075989083425,-0.136654997601833,0.573681691914959
0.16,0.275,0.164291616227632,0.279021934586263,0.00429161622763166,0.00402193458626321,0.00588166028103049,-0.481800439960144,-0.163254738990946,-0.150444395728542,0.530489679770651
0.16,0.29,0.164373744118076,0.293244004007395,0.0043737441180761,0.00324400400739505,0.00544547515010403,-0.424564585268646,-0.150297984988359,-0.151019696539748,0.475029275592074
0.16,0.305,0.164044501266208,0.307340785367888,0.00404450126620817,0.00234078536788768,0.00467303612556939,-0.359172876399453,-0.132081772707708,-0.136555243510798,0.406323487234401
0.16,0.32,0.16325383696023,0.321320727575525,0.00325383696023032,0.00132072757552465,0.00351166289562539,-0.28667509537575,-0.107412132667566,-0.105608797888829,0.323841742117656
0.16,0.335,0.161958831533378,0.335193032783904,0.00195883153337784,0.000193032783904312,0.00196831974836844,-0.20818536934693,-0.0750749817369426,-0.0571354719978232,0.228564941175333
0.16,0.35,0.16012384632256,0.348967437806753,0.000123846322559573,-0.00103256219324671,0.00103996278516781,-0.124850268356748,-0.0338834827895202,0.00951380876979422,0.129715841978477
0.18,0.05,0.180987694184051,0.0481372248928813,0.000987694184051313,-0.00186277510711869,0.00210842853825066,-0.00353743978543264,0.0331503645016916,-0.126390521377202,0.130713547318773
0.18,0.065,0.178995334961311,0.0644706021862956,-0.00100466503868879,-0.000529397813704424,0.00113561167884034,-0.0877748008425528,-0.0160736039383841,-0.0519575878564462,0.103258753761558
0.18,0.08,0.17755036512274,0.0807024707606405,-0.00244963487726033,0.000702470760640506,0.0025483673599866,-0.167378440313055,-0.056269406983626,0.00549230149578631,0.176669121658352
0.18,0.095,0.176615762319677,0.0968220260473952,-0.00338423768032281,0.00182202604739518,0.003843545706025,-0.241166970420365,-0.0884587308744347,0.0465944892214274,0.261070141989722
0.18,0.11,0.176147319247058,0.112818866835823,-0.00385268075294166,0.00281886683582266,0.00477379924401813,-0.307988108553908,-0.113684520730131,0.0723447161329769,0.336176928772636
0.18,0.125,0.176093873539787,0.128683227461604,-0.00390612646021281,0.00368322746160377,0.00536879767332377,-0.366750276640227,-0.132969896171065,0.0840984294068577,0.399073863318402
0.18,0.14,0.176397762840087,0.144406214222291,-0.00360223715991267,0.00440621422229082,0.00569129478493019,-0.416454830467799,-0.147275251553108,0.0835563181249861,0.449563477985898
0.18,0.155,0.176995508107935,0.159980036072908,-0.00300449189206516,0.00498003607290848,0.00581616117529036,-0.456227378458964,-0.157455882492309,0.0727354547396862,0.488085712563496
0.18,0.17,0.177818714858379,0.175398218796133,-0.00218128514162074,0.00539821879613289,0.00582226511247795,-0.48534654190927,-0.164222678008954,0.0539263182524292,0.515208880052267
0.18,0.185,0.178795168014421,0.190655791771765,-0.00120483198557943,0.00565579177176506,0.0057826983908069,-0.503268530875888,-0.168108408049157,0.029636958825184,0.531432051223628
0.18,0.2,0.179850082608665,0.205749437178428,-0.000149917391334631,0.00574943717842769,0.00575139140494812,-0.509646071204811,-0.169441893474239,0.00252651918931616,0.537083018417956
0.18,0.215,0.180907461260844,0.220677593172119,0.000907461260844459,0.00567759317211941,0.00574965652609183,-0.504340512192015,-0.168331877596611,-0.0246688305448375,0.532264560047094
0.18,0.23,0.181891501296804,0.235440504926872,0.0018915012968039,0.0054405049268722,0.0057599367197159,-0.487426353827722,-0.164661761698227,-0.0492138646637741,0.516838235765074
0.18,0.245,0.182727990611099,0.250040220473944,0.00272799061109935,0.00504022047394354,0.00573112163543977,-0.459187919292333,-0.158095586665622,-0.068452184726471,0.490443605348258
0.18,0.26,0.1833456323318,0.264480531555225,0.00334563233179988,0.00448053155522538,0.00559181712120086,-0.420108407022777,-0.148094819237706,-0.079880013121213,0.452553897782247
0.18,0.275,0.183677243861133,0.278766862967697,0.00367724386113313,0.00376686296769702,0.00526415986000126,-0.370852046141569,-0.133944728636104,-0.081212257043774,0.40257735643417
0.18,0.29,0.183660785397145,0.292906116835476,0.00366078539714473,0.00290611683547637,0.00467406298474756,-0.312240490728032,-0.114788493970167,-0.0704378192827902,0.340047567551942
0.18,0.305,0.183240185265315,0.306906480545982,0.00324018526531503,0.00190648054598203,0.00375945057498733,-0.245224888120347,-0.0896667319030763,-0.0458619952825225,0.265101521218331
0.18,0.32,0.182365943281769,0.320777208618248,0.0023659432817689,0.000777208618247649,0.00249032946591928,-0.170855226735937,-0.0575599092690019,-0.00613474642313103,0.180394882558097
0.18,0.335,0.180995507155266,0.334528389432646,0.000995507155265529,-0.000471610567353786,0.00110156753012452,-0.0902485932053285,-0.0174311111761231,0.049735375871787,0.104509630429802
0.18,0.35,0.17909342972008,0.34817070752336,-0.000906570279919666,-0.00182929247663949,0.00204161226424692,-0.00455787624151445,0.031733151740294,0.122380995647965,0.126510401761872
0.2,0.05,0.202084186734442,0.0471145658205418,0.002084186734442,-0.00288543417945825,0.00355943320600484,0.151100784914467,0.120574200549339,-0.244044504843808,0.311331887014682
0.2,0.065,0.200008376102518,0.0635709656955994,8.37610251847032e-06,-0.00142903430440056,0.00142905885191863,0.0660850608358103,0.0637442073449629,-0.163155626754406,0.187217384245829
0.2,0.08,0.198471203257155,0.0799160310985775,-0.00152879674284503,-8.39689014225375e-05,0.00153110099514686,-0.0141275193214086,0.0161158902704599,-0.0978462545030692,0.100165866420135
0.2,0.095,0.197436036453245,0.0961380738690213,-0.00256396354675498,0.00113807386902132,0.00280519539434199,-0.0883721109793405,-0.0231663112727938,-0.0475044432027889,0.102970786903278
0.2,0.11,0.196859251873694,0.112225852289301,-0.00314074812630567,0.002225852289301,0.00384950869679224,-0.155516389980657,-0.0549764103890732,-0.0111943007412048,0.165327204614292
0.2,0.125,0.196690464570439,0.128168819855975,-0.00330953542956137,0.00316881985597484,0.00458196944982639,-0.214490916189385,-0.0801719786914422,0.0123419135800859,0.229317012721846
0.2,0.14,0.196872976093855,0.143957378103899,-0.00312702390614544,0.00395737810389862,0.00504372084544946,-0.264319908024365,-0.099557911321341,0.0246696396289662,0.283523449888914
0.2,0.155,0.197344441339917,0.159583122942436,-0.00265555866008298,0.00458312294243646,0.00529688660466024,-0.30415098737597,-0.113850800370212,0.0276353725360847,0.325935312853601
0.2,0.17,0.198037744415189,0.175039073068347,-0.00196225558481127,0.005039073068347,0.00540765238974022,-0.333282373972475,-0.123646011777569,0.0233278463184851,0.356244402473449
0.2,0.185,0.198882060025125,0.190319868973267,-0.00111793997487522,0.00531986897326686,0.0054360643557772,-0.351186039946156,-0.129389535887816,0.0140281821670562,0.374527136549758
0.2,0.2,0.199804064199786,0.205421931865635,-0.000195935800213695,0.00542193186563522,0.00542547103884962,-0.357525488538151,-0.131356472568765,0.00215094173416561,0.380899145083121
0.2,0.215,0.200729247434407,0.220343573572553,0.000729247434406836,0.00534357357255288,0.00539310488919644,-0.35216709717898,-0.129637624932655,-0.00982128686857349,0.375399174139176
0.2,0.23,0.201583275699013,0.235085051020668,0.00158327569901289,0.0050850510206677,0.00532583381470717,-0.335184337914334,-0.124135140649364,-0.0194066297157601,0.35795964519133
0.2,0.245,0.202293341230577,0.249648562059965,0.00229334123057653,0.00464856205996467,0.00518348755426356,-0.306854626555258,-0.114567507348157,-0.0241925910720024,0.328437288416318
0.2,0.26,0.202789445833958,0.264038182826043,0.0027894458339576,0.0040381828260434,0.00490794545580279,-0.267649016062949,-0.100483544752832,-0.0219012395785666,0.286727700849202
0.2,0.275,0.203005564612024,0.278259750301717,0.00300556461202375,0.0032597503017171,0.00443389114284442,-0.218215389091142,-0.081284409645102,-0.0104478058507261,0.233097282003951
0.2,0.29,0.20288064699367,0.292320696807388,0.0028806469936703,0.00232069680738778,0.00369915676525902,-0.15935618201076,-0.0562521048446613,0.0120099094837884,0.169419452494699
0.2,0.305,0.20235942346988,0.306229845597628,0.00235942346988,0.00122984559762773,0.00266071405908731,-0.0920019492538464,-0.0245826099805545,0.0470332078515273,0.106211059927382
0.2,0.32,0.201392999569085,0.319997178383002,0.00139299956908476,-2.82161699816097e-06,0.00139300242677204,-0.0171822380065184,0.014578442919691,0.0958763443003213,0.0984887612065593
0.2,0.335,0.19993923171798,0.333633586286092,-6.0768282020035e-05,-0.00136641371390755,0.00136776431509756,0.0640047178109497,0.062099635325073,0.15947283636922,0.182714483393689
0.2,0.35,0.19796289181021,0.347150615587233,-0.00203710818978992,-0.00284938441276661,0.00350268487144169,0.150422055627099,0.118829100402897,0.238433750837075,0.305937944438766
