target_x,target_y,gaze_x,gaze_y,error_px_x,error_px_y,error_px_xy,error_deg_x,error_deg_y,error_deg_z,error_deg_xyz
-0.2,0.05,-0.200873737025602,0.0505202710022823,-0.000873737025601867,0.000520271002282344,0.0010169062423466,0.0777899835612586,-0.0138881741708107,-0.0531153048303418,0.0952123973912288
-0.2,0.065,-0.199816811895889,0.0664455816213813,0.000183188104111248,0.00144558162138132,0.00145714244518624,-0.0976244432152605,0.078063619040608,-0.175206565290949,0.215225127531066
-0.2,0.08,-0.19957101081997,0.0817895514173365,0.000428989180030065,0.00178955141733654,0.00184025161102336,-0.199707306809033,0.120660105284681,-0.224739507382413,0.323959866616817
-0.2,0.095,-0.199763030623542,0.0967105778655637,0.000236969376457785,0.00171057786556371,0.00172691375567377,-0.24739196993698,0.132336690565682,-0.228437935417877,0.361801204753084
-0.2,0.11,-0.200118925214786,0.111349485171585,-0.000118925214785862,0.00134948517158519,0.00135471525976501,-0.257204425251226,0.126105381354999,-0.206231596990613,0.352971031675552
-0.2,0.125,-0.20045245100979,0.125829184597223,-0.000452451009789814,0.000829184597222712,0.000944594628680057,-0.243175093326632,0.110953321949334,-0.172129677558841,0.317920824875721
-0.2,0.14,-0.200653213298399,0.140253984993145,-0.00065321329839868,0.000253984993144871,0.000700853757889393,-0.216844445841511,0.092907559773636,-0.135162989870652,0.27188692668626
-0.2,0.155,-0.200674100796452,0.154709080296361,-0.000674100796451929,-0.00029091970363869,0.000734197628532228,-0.187344905415869,0.0758609409025934,-0.100341484077932,0.225657871985721
-0.2,0.17,-0.200518144138771,0.169260477485449,-0.000518144138771208,-0.00073952251455088,0.000902976687445813,-0.161538391064976,0.0622130652747272,-0.0695835059717478,0.18656637514561
-0.2,0.185,-0.200225258646677,0.183955359219357,-0.000225258646677336,-0.00104464078064335,0.00106865140176115,-0.144180016705236,0.0533541256236171,-0.0425850010768319,0.159524414102003
-0.2,0.2,-0.199859323546255,0.198822669444081,0.000140676453744645,-0.00117733055591916,0.00118570531859273,-0.138071950341152,0.0500048605892505,-0.0176146283863994,0.147900766849466
-0.2,0.215,-0.199495803543779,0.213873627072309,0.00050419645622083,-0.00112637292769137,0.00123407051609771,-0.144172209255113,0.0524186787675848,0.00775776391693377,0.153601890732488
-0.2,0.23,-0.199209807212169,0.22910193288318,0.000790192787830615,-0.000898067116820181,0.00119621452434471,-0.161632596392598,0.0604486992450732,0.0359722848852481,0.176275838517274
-0.2,0.245,-0.199064281359275,0.244483606357637,0.000935718640725135,-0.000516393642363208,0.00106875243554045,-0.187756171584858,0.0734806643624451,0.0687910587523618,0.21303532583294
-0.2,0.26,-0.199098072558388,0.259976598753701,0.000901927441611758,-2.34012462990013e-05,0.000902230972789494,-0.217883324687516,0.0902312244148348,0.106572318204194,0.258790629471713
-0.2,0.275,-0.199313836162612,0.275520487019912,0.000686163837388232,0.000520487019912183,0.00086123605918262,-0.245231587754528,0.108409249950384,0.147478924205804,0.306008746253852
-0.2,0.29,-0.199666115798506,0.291036591247965,0.000333884201494147,0.00103659124796533,0.00108903630580698,-0.260723526691534,0.124234354383335,0.18661257429395,0.343853951458445
-0.2,0.305,-0.200050170440809,0.306428753069366,-5.01704408087944e-05,0.001428753069366,0.00142963366159087,-0.252837547970464,0.131799313681556,0.215085524427497,0.357155541209551
-0.2,0.32,-0.200292136301349,0.32158479415162,-0.000292136301349277,0.0015847941516204,0.00161149499582724,-0.207509549617724,0.122247895009796,0.219058392283195,0.325563550515757
-0.2,0.335,-0.200140812690948,0.33637841251119,-0.000140812690948483,0.00137841251119007,0.00138558625315693,-0.108103898126693,0.0827125690431902,0.178783493047497,0.224702968317044
-0.2,0.35,-0.199260801813386,0.350671045567944,0.000739198186613943,0.000671045567943798,0.000998356706468363,0.0645319083977922,-0.00508596769105667,0.0677023808602635,0.0936688240461228
-0.18,0.05,-0.178681047941455,0.0520344347552055,0.0013189520585446,0.00203443475520546,0.00242457404628667,-0.00554962172818943,0.0367256384822046,-0.128624524957742,0.133879973854371
-0.18,0.065,-0.178572428764895,0.0673275059411614,0.00142757123510459,0.00232750594116143,0.00273042918557501,-0.109909227647339,0.0854215499614517,-0.203807994794229,0.246808979688591
-0.18,0.08,-0.179030384282551,0.0821644087478507,0.000969615717448996,0.00216440874785065,0.00237167026951399,-0.152960578932683,0.0969418484711246,-0.218334294467882,0.283662985224748
-0.18,0.095,-0.179715490270174,0.096684930948862,0.000284509729825966,0.00168493094886199,0.0017087826335724,-0.15238097100906,0.087049292587945,-0.19817313198332,0.264707866409871
-0.18,0.11,-0.180385535428124,0.111013651635834,-0.000385535428124487,0.0010136516358337,0.00108449398576823,-0.123461630770096,0.0665145746836971,-0.162164894150801,0.214393258857061
-0.18,0.125,-0.180884816426555,0.125258923942227,-0.000884816426555343,0.000258923942227374,0.00092192283655452,-0.0790478071751032,0.0424277206577207,-0.122995536787158,0.152238572657385
-0.18,0.14,-0.181132357074304,0.139511915353936,-0.00113235707430373,-0.000488084646064174,0.00123306900271205,-0.0295696658770561,0.0192194106033522,-0.0882329546807909,0.0950200360202994
-0.18,0.155,-0.181108935854397,0.153846178319223,-0.00110893585439746,-0.00115382168077727,0.00160032596685797,0.0168425882436095,-0.0005282670107855,-0.0613696635323962,0.0636410862856768
-0.18,0.17,-0.180843473391841,0.168317925162044,-0.000843473391841092,-0.00168207483795624,0.00188170750203888,0.0541782648183803,-0.0154415264345078,-0.0428189726856079,0.0707615020805078
-0.18,0.185,-0.180399589626941,0.182966874406021,-0.000399589626941081,-0.00203312559397889,0.00207202112702813,0.0783348576825266,-0.0248669945371561,-0.0308233937544504,0.0877769927353193
-0.18,0.2,-0.179862977036403,0.197817308944855,0.000137022963597466,-0.00218269105514543,0.00218698777654675,0.086920518288119,-0.0285281090085165,-0.0222571172977126,0.0941509998291086
-0.18,0.215,-0.179329784781557,0.212878911817535,0.000670215218442564,-0.00212108818246545,0.0022244557799216,0.0791148181204456,-0.026321265910884,-0.013334032244975,0.0844379132359082
-0.18,0.23,-0.178895706716637,0.22814704530374,0.0011042932833628,-0.00185295469626043,0.0021570592857114,0.0556204827268983,-0.0182487626717894,-0.000260128293867531,0.058538221715724
-0.18,0.245,-0.178645159774762,0.243602374579423,0.00135484022523772,-0.00139762542057659,0.001946522245484,0.018718149212052,-0.00448734188193247,0.020114556010122,0.0278406308518419
-0.18,0.26,-0.178639977184015,0.259210019290553,0.001360022815985,-0.000789980709447358,0.00157281009066535,-0.0275876452550711,0.0144067782756343,0.0495892543634241,0.0585468007453436
-0.18,0.275,-0.178907411682383,0.274918638699792,0.00109258831761669,-8.13613002084712e-05,0.00109561347790363,-0.0773635145043878,0.037153739357803,0.0878119904701316,0.122786258047953
-0.18,0.29,-0.179427779878147,0.290659932969226,0.000572220121852943,0.000659932969226479,0.000873468598019112,-0.122527121053887,0.061262412027169,0.131372920449729,0.189802148810639
-0.18,0.305,-0.180122530863732,0.306348942211714,-0.000122530863732317,0.001348942211714,0.00135449581140395,-0.152655630340764,0.0823910854980326,0.172807684100686,0.244856323943594
-0.18,0.32,-0.180843668088049,0.321885278342025,-0.000843668088049448,0.0018852783420252,0.00206544190663943,-0.154855828102409,0.0935376584081938,0.199548687323936,0.269350019975473
-0.18,0.335,-0.181365190812068,0.337155113913312,-0.00136519081206843,0.00215511391331158,0.00255112954055752,-0.113712988070232,0.0840174030154889,0.192872621017015,0.239143259632167
-0.18,0.35,-0.18137660265688,0.352033473529646,-0.00137660265688005,0.00203347352964606,0.00245561590455438,-0.0113224541637254,0.0381452568526877,0.126894099396964,0.13298638647811
-0.16,0.05,-0.157466000133556,0.0526118313206274,0.00253399986644406,0.00261183132062744,0.00363906831078354,-0.0267193310555259,0.0509829973763956,-0.15942672626659,0.1694995300135
-0.16,0.065,-0.158098378387751,0.0674658492976265,0.0019016216122491,0.00246584929762647,0.00311393280511604,-0.0744901943314474,0.0688635258522983,-0.194095038820601,0.21900665911688
-0.16,0.08,-0.159087349619565,0.0819658040916986,0.000912650380435309,0.00196580409169855,0.00216732933442232,-0.0720608898448912,0.0597738448993345,-0.179628574970116,0.202563945616785
-0.16,0.095,-0.16012221767767,0.0962345990722716,-0.000122217677669706,0.00123459907227157,0.00124063372112352,-0.0356223543938511,0.0371021090724934,-0.141155080724773,0.150234111897483
-0.16,0.11,-0.160988727810114,0.110381526879311,-0.000988727810114026,0.000381526879311145,0.00105978556422032,0.0209478857629016,0.00958529088699794,-0.0963694342513054,0.0990846205259717
-0.16,0.125,-0.161558682502535,0.124500844037965,-0.00155868250253514,-0.00049915596203455,0.00163665751400342,0.0861346275407889,-0.0174389065199351,-0.0566030531739515,0.104533239607674
-0.16,0.14,-0.1617776998234,0.138670746384704,-0.00177769982339976,-0.00132925361529583,0.00221971435907699,0.150737476371837,-0.0410310397320391,-0.0279585601157585,0.158704222352443
-0.16,0.155,-0.161651417054066,0.152953170611552,-0.00165141705406603,-0.00204682938844809,0.00262995985366221,0.207726012775311,-0.0598385274528943,-0.0124457282461353,0.216531054828283
-0.16,0.17,-0.161231142146528,0.167394512287274,-0.00123114214652825,-0.00260548771272592,0.00288171428252767,0.252017067719736,-0.0734482469691713,-0.00905061808481991,0.26265810840877
-0.16,0.185,-0.160600137321738,0.182027010042224,-0.00060013732173754,-0.00297298995777619,0.00303295797761531,0.280214992274632,-0.0818934497001778,-0.014682874965009,0.29230592046178
-0.16,0.2,-0.159861373982102,0.1968703028334,0.000138626017898294,-0.00312969716660019,0.00313276579518221,0.290369304508446,-0.0853091655214423,-0.0249770001857914,0.303670961947837
-0.16,0.215,-0.159126908939361,0.211932602532023,0.000873091060639423,-0.0030673974679773,0.00318923426965189,0.281804078601389,-0.0837297717623894,-0.0349639223713745,0.296052164774165
-0.16,0.23,-0.158508311766991,0.227211059964228,0.00149168823300917,-0.0027889400357719,0.00316280260332974,0.255058975243155,-0.0770229798560253,-0.0396666754226208,0.26937186020869
-0.16,0.245,-0.158107139096117,0.242691192864423,0.00189286090388322,-0.00230880713557746,0.00298555066792426,0.211956537055473,-0.0649578695726295,-0.03469625557011,0.224385812655907
-0.16,0.26,-0.158004495136657,0.258345588987209,0.00199550486334338,-0.00165441101279107,0.00259212566417437,0.155781168201029,-0.047409283464455,-0.0169235630926893,0.163712668256897
-0.16,0.275,-0.158249225588254,0.27413237709712,0.00175077441174626,-0.000867622902880505,0.0019539653380826,0.0915301073199914,-0.0247041755950256,0.014718989203101,0.0959411675581843
-0.16,0.29,-0.158845051584234,0.289994073804828,0.00115494841576635,-5.92619517209014e-06,0.00115496361971728,0.0261825078122933,0.00188395642542174,0.0582895109392598,0.0639276193581308
-0.16,0.305,-0.159737637044096,0.305857323359009,0.000262362955904261,0.000857323359008968,0.000896569942912008,-0.0310669740115697,0.0294866973963206,0.10776484486057,0.115965031689045
-0.16,0.32,-0.160802896899415,0.321633780067168,-0.000802896899415123,0.00163378006716781,0.00182040675096674,-0.0686498708514059,0.0528280322239893,0.151896626984594,0.174860558100404
-0.16,0.335,-0.161837642343722,0.33722202893946,-0.0018376423437225,0.00222202893945952,0.00288346007276632,-0.072558796081249,0.0632198417158601,0.173058335090553,0.198017053937024
-0.16,0.35,-0.162552973628133,0.352510112458779,-0.00255297362813259,0.00251011245877904,0.00358027078608004,-0.0263724747483639,0.0473005025396127,0.14614127849541,0.155852921764549
-0.14,0.05,-0.136940974920236,0.0526262050983887,0.00305902507976372,0.00262620509838869,0.0040316978628645,-0.0117031626166002,0.0449634015448349,-0.154835331279979,0.161656019509676
-0.14,0.065,-0.138146342674652,0.0672013073357675,0.00185365732534803,0.00220130733576748,0.0028778115758889,-0.0172117156172221,0.0422444158581,-0.15524501950403,0.161808118792976
-0.14,0.08,-0.139528562130898,0.081505635234361,0.000471437869102087,0.00150563523436101,0.00157771706062045,0.0174326915588441,0.0210431384619693,-0.117398772595172,0.120537087972731
-0.14,0.095,-0.140801829437226,0.0956461180759878,-0.000801829437226342,0.000646118075987787,0.00102975677444767,0.0777123923993691,-0.00736474269869232,-0.0655376332266354,0.101924675495391
-0.14,0.11,-0.141776931876476,0.109717268864637,-0.00177693187647572,-0.000282731135363187,0.00179928424339771,0.151307112434537,-0.0360886349559557,-0.0161877207386386,0.156391461832583
-0.14,0.125,-0.142350687140691,0.123799564020774,-0.00235068714069117,-0.00120043597922623,0.00263946520598997,0.228141273659686,-0.0614028462212021,0.0206772495497704,0.237163191134554
-0.14,0.14,-0.142492821524909,0.137958494909018,-0.0024928215249093,-0.00204150509098182,0.00322209593146384,0.30032537554866,-0.0817452815687167,0.0403957480759193,0.31386252572915
-0.14,0.155,-0.142231032037594,0.152244668780747,-0.00223103203759363,-0.00275533121925287,0.00354532848697531,0.361985730178621,-0.0968939175473155,0.042379487285582,0.3771188598952
-0.14,0.17,-0.141635714802799,0.166694973744455,-0.00163571480279897,-0.00330502625554462,0.00368764985674277,0.409003690024846,-0.107309804656793,0.0289645827854479,0.423838623603962
-0.14,0.185,-0.140805935060249,0.181334459608215,-0.000805935060248734,-0.00366554039178546,0.00375309441463292,0.438711861110529,-0.113643086453611,0.00442556280309342,0.453214634341182
-0.14,0.2,-0.139857664561419,0.196178336980332,0.000142335438581308,-0.00382166301966798,0.00382431269811634,0.449610869155613,-0.116394745613632,-0.0258159636826231,0.465150860269717
-0.14,0.215,-0.138914361888928,0.211233444242527,0.00108563811107213,-0.00376655575747309,0.00391989188401491,0.441170114982422,-0.115721882961489,-0.0558101634800279,0.459498128980518
-0.14,0.23,-0.138099014465092,0.226498695703365,0.00190098553490785,-0.00350130429663455,0.00398407803407017,0.413758950174771,-0.111374885198131,-0.0795973374407138,0.43581817976827
-0.14,0.245,-0.137526188955219,0.241964353235435,0.00247381104478101,-0.00303564676456466,0.00391597910674871,0.3687252420213,-0.102761818126392,-0.091727199203921,0.393615019760327
-0.14,0.26,-0.137292683773551,0.257610352513415,0.00270731622644918,-0.00238964748658514,0.00361109072997865,0.308604318241459,-0.0891450194518759,-0.087880136004116,0.333026560914973
-0.14,0.275,-0.13746603033539,0.273404237313836,0.00253396966460982,-0.00159576268616442,0.00299457189122544,0.237411947292877,-0.0699816174978437,-0.0656617065516142,0.256073091838619
-0.14,0.29,-0.138071091957722,0.289299404728887,0.00192890804227804,-0.000700595271112547,0.00205219881333904,0.160958213599026,-0.0454200099742934,-0.0255923369001607,0.169190757252437
-0.14,0.305,-0.139075959027249,0.305234288743937,0.000924040972751422,0.000234288743936953,0.000953280092553573,0.0871192501956071,-0.01695949290817,0.0277383407200256,0.0929882013987121
-0.14,0.32,-0.140378850352568,0.321132834315235,-0.000378850352568044,0.00113283431523507,0.00119450457320809,0.0260201104818118,0.0117229367148235,0.0844219363668469,0.0891153092030494
-0.14,0.335,-0.141797590207729,0.336906230413884,-0.00179759020772916,0.00190623041388381,0.00262012307835708,-0.0098912335589435,0.0337655480841301,0.127970008811212,0.132718799612362
-0.14,0.35,-0.143062478301523,0.352455502713125,-0.00306247830152312,0.0024555027131249,0.00392533653607735,-0.0058713111715033,0.0378896346244114,0.13411324318001,0.139486444905142
-0.12,0.05,-0.116875464711987,0.0523389818834364,0.00312453528801279,0.00233898188343643,0.00390301896191666,0.0182185405298938,0.029864972824309,-0.12464781291395,0.129463957205328
-0.12,0.065,-0.118517330529932,0.0667666773252134,0.00148266947006817,0.00176667732521345,0.00230639492041055,0.041358620288397,0.0146233701215332,-0.0967622955166125,0.106241816120466
-0.12,0.08,-0.120183739286415,0.0809909473540493,-0.000183739286415269,0.000990947354049282,0.00100783767734178,0.0957528749521505,-0.0121298888806233,-0.0406165410276419,0.104716062395856
-0.12,0.095,-0.12161067800637,0.095103191135489,-0.00161067800637038,0.000103191135488956,0.0016139801890509,0.168713702783596,-0.0409904984494051,0.020441910260782,0.174821136811947
-0.12,0.11,-0.122631444547949,0.109183477189046,-0.00263144454794938,-0.000816522810954234,0.00275521503874763,0.249590479426048,-0.0667310150745909,0.0710446674247439,0.267947590795921
-0.12,0.125,-0.123165540329627,0.123298899665218,-0.00316554032962747,-0.00170110033478155,0.00359365940616134,0.329818807944485,-0.0870873207468944,0.102546049702471,0.356203240413471
-0.12,0.14,-0.123204373366241,0.137502790600398,-0.0032043733662408,-0.00249720939960228,0.00406251934835212,0.402855114404717,-0.101740641298533,0.111670087223224,0.430249322536512
-0.12,0.155,-0.122794972936305,0.151835114385379,-0.00279497293630493,-0.00316488561462117,0.00422236600359478,0.4639880541549,-0.111475344161828,0.0991599486553143,0.487386699223614
-0.12,0.17,-0.122023690628408,0.166323995913871,-0.0020236906284082,-0.00367600408612877,0.00419622804441591,0.510049729656587,-0.117514827752584,0.0685438513907133,0.52788321833061
-0.12,0.185,-0.121001855022018,0.180987966900327,-0.0010018550220184,-0.0040120330996726,0.00413522950729606,0.539079473550679,-0.121035319579387,0.0251110796275415,0.553072480703235
-0.12,0.2,-0.119854579511652,0.195838271166082,0.000145420488348325,-0.00416172883391848,0.00416426872397783,0.550010641264617,-0.122844649039316,-0.0248612826416259,0.564112725688202
-0.12,0.215,-0.118712701332504,0.210880530049154,0.00128729866749608,-0.00411946995084575,0.00431592058954498,0.542450401878852,-0.123203605152726,-0.0746599242297189,0.561255904230276
-0.12,0.23,-0.11770663148763,0.226115248685282,0.00229336851236989,-0.00388475131471797,0.00451118963364794,0.516603582746102,-0.121769141114935,-0.117558065043919,0.543625883422272
-0.12,0.245,-0.11696018225806,0.241536989528479,0.00303981774193972,-0.00346301047152148,0.00460792072740828,0.473359236169412,-0.117651319016541,-0.147239866909682,0.509501804086783
-0.12,0.26,-0.116582486428788,0.257132446707327,0.00341751357121167,-0.00286755329267331,0.00446119500758905,0.414521325757626,-0.109592853805982,-0.158356452156919,0.457073732561981
-0.12,0.275,-0.116656918965787,0.272877999739524,0.00334308103421269,-0.00212200026047557,0.00395968128853459,0.343132566015129,-0.0962923845404802,-0.14730527369622,0.385631412395972
-0.12,0.29,-0.117227181410048,0.288737498885743,0.00277281858995169,-0.00126250111425708,0.00304670838714211,0.263821562321255,-0.0768938003478524,-0.113261139585335,0.297225095055933
-0.12,0.305,-0.118281936726622,0.304660979725877,0.00171806327337837,-0.000339020274122637,0.00175119278139152,0.183102998569255,-0.0516543500682766,-0.0594191689485013,0.199312713253601
-0.12,0.32,-0.119740112115599,0.320584736377088,0.000259887884401178,0.000584736377087752,0.000639889321014369,0.10957843040532,-0.0227920188619442,0.00564069179895664,0.112065739377755
-0.12,0.335,-0.121438937078342,0.33643278993085,-0.00143893707834164,0.00143278993085023,0.00203062229411877,0.0540152895675782,0.00448853047128509,0.0665759962047077,0.0858496538255224
-0.12,0.35,-0.12312597286954,0.352119397978617,-0.00312597286953975,0.00211939797861686,0.00377671208498395,0.0293138466734248,0.0207678884016145,0.0999825575687181,0.106240867117098
-0.1,0.05,-0.097086398909431,0.051924367301512,0.00291360109056896,0.00192436730151202,0.00349174180404183,0.0471255611333111,0.0127929634943694,-0.0786129629939509,0.0925444662788684
-0.1,0.065,-0.0990542379488019,0.0663105785021802,0.000945762051198146,0.00131057850218019,0.00161619363563386,0.0865147939629656,-0.00893686345016283,-0.0279859188848307,0.0913667911629909
-0.1,0.08,-0.100919903791508,0.0805469030238615,-0.000919903791508275,0.000546903023861456,0.00107019900165348,0.149444664653354,-0.0365681477546417,0.0420091997134604,0.159485819139108
-0.1,0.095,-0.102438366955385,0.0947094181668835,-0.00243836695538494,-0.000290581833116491,0.002455620331169,0.225190784103346,-0.062331030160706,0.108887061156253,0.257783922599215
-0.1,0.11,-0.103462917787813,0.108864076208109,-0.00346291778781255,-0.00113592379189137,0.00364446463367851,0.304854756942647,-0.0824672413554549,0.158385938702903,0.353304075587059
-0.1,0.125,-0.103933275647814,0.123065173770648,-0.00393327564781426,-0.00193482622935187,0.0043834016310939,0.381414739615913,-0.0960031853807448,0.183117604121962,0.433851093696921
-0.1,0.14,-0.103859959511954,0.137354760151993,-0.00385995951195393,-0.00264523984800742,0.00467937830137829,0.449657661473803,-0.103704242477966,0.181097719580301,0.495726234388704
-0.1,0.155,-0.103306572774555,0.151763255640666,-0.00330657277455534,-0.00323674435933435,0.00462708737340385,0.505983362998449,-0.107212055927153,0.154279103959627,0.539738626360851
-0.1,0.17,-0.102372458258483,0.166311186403822,-0.00237245825848297,-0.0036888135961783,0.00438587550388676,0.548104674835217,-0.108379237492663,0.107230047072043,0.568916282048379
-0.1,0.185,-0.101178064351534,0.181011592939143,-0.00117806435153399,-0.00398840706085733,0.00415875299812958,0.574698548606787,-0.108801612631259,0.0460740908748041,0.586721435337468
-0.1,0.2,-0.0998543758384991,0.19587244457966,0.000145624161500902,-0.00412755542033974,0.00413012350231671,0.585081401470173,-0.109525514039553,-0.0222587471193377,0.595663270786034
-0.1,0.215,-0.0985362765176037,0.210898365635656,0.00146372348239631,-0.00410163436434438,0.00435498460292216,0.578980964072928,-0.110893770002492,-0.0905058766034944,0.596415048951346
-0.1,0.23,-0.0973582803066708,0.226091159682505,0.00264171969332924,-0.00390884031749499,0.00471780834347876,0.556457191688728,-0.112497879229515,-0.151386589648589,0.587555362352533
-0.1,0.245,-0.0964502191756445,0.241448955181156,0.00354978082435548,-0.00355104481884402,0.00502104204387902,0.517991520899324,-0.113223846588406,-0.197918732554312,0.565958730187485
-0.1,0.26,-0.0959305204737623,0.25696419226355,0.00406947952623771,-0.00303580773644978,0.00507708501279585,0.464725559820913,-0.111405373524044,-0.223898675447908,0.52774386699884
-0.1,0.275,-0.0958956352056731,0.272621012890922,0.00410436479432687,-0.00237898710907809,0.00474398461528593,0.398796884997833,-0.105117634869717,-0.224658689629279,0.469639685683431
-0.1,0.29,-0.0964056649534803,0.288392801773478,0.00359433504651974,-0.00160719822652221,0.00393729990805579,0.323699652790742,-0.0926481197419049,-0.198137364498796,0.390671403910976
-0.1,0.305,-0.0974677375191593,0.304240592726159,0.00253226248084074,-0.00075940727384069,0.00264368165243772,0.244596644293664,-0.0731668418261742,-0.146213790263941,0.294210074270086
-0.1,0.32,-0.0990196390523571,0.320112810761641,0.000980360947642894,0.000112810761641408,0.00098683020606657,0.168527323239039,-0.047595974838964,-0.0761923099688821,0.190976797975895
-0.1,0.335,-0.100916265928191,0.335946441713915,-0.000916265928190801,0.000946441713915003,0.00131730602708775,0.104487813735559,-0.0196658920997027,-0.00230148448191366,0.106347311239959
-0.1,0.35,-0.102920602743704,0.351669331532861,-0.00292060274370423,0.00166933153286114,0.00336401369693068,0.0633931275886951,0.00284056476046102,0.0529073374427203,0.08261927724091
-0.08,0.05,-0.077431042654836,0.0514893139653632,0.00256895734516396,0.00148931396536317,0.00296944404370543,0.0646642808117677,-0.00237924347685358,-0.0259264684878158,0.0697087683070691
-0.08,0.065,-0.0796359938423223,0.0659169228546423,0.000364006157677677,0.000916922854642344,0.000986533326448088,0.109531662194822,-0.026464602552279,0.0423752590861643,0.120387823823319
-0.08,0.08,-0.081636415014667,0.080236221403471,-0.00163641501466705,0.000236221403471015,0.0016533767422114,0.171391572019321,-0.0520726008609025,0.122458201490063,0.216985469797383
-0.08,0.095,-0.0832034279376768,0.0945080797013806,-0.00320342793767678,-0.000491920298619442,0.00324097765066067,0.241594480130498,-0.0728196778053338,0.192627041721359,0.317452411094667
-0.08,0.11,-0.0842075478539509,0.108784724179767,-0.00420754785395086,-0.00121527582023315,0.00437953813347136,0.313048423227718,-0.0862010345813994,0.23962832453838,0.403549675747301
-0.08,0.125,-0.0846059108327077,0.123108424879897,-0.0046059108327077,-0.00189157512010257,0.00497920385542159,0.380267432129276,-0.0923371566624495,0.25721098715211,0.468282161770792
-0.08,0.14,-0.0844253010592502,0.137511095448484,-0.00442530105925018,-0.00248890455151629,0.005077197586421,0.439306476126662,-0.0928952599229412,0.244542895372809,0.511295092679486
-0.08,0.155,-0.0837430520001503,0.152015019596631,-0.00374305200015027,-0.00298498040336864,0.00478754073448192,0.487573261643898,-0.0902079517890402,0.204630352862702,0.536414805044151
-0.08,0.17,-0.0826687200166527,0.166634588746835,-0.00266872001665264,-0.00336541125316525,0.00429512042092114,0.523540216093452,-0.0866137127914685,0.142911537761123,0.549565570486118
-0.08,0.185,-0.0813292069939581,0.1813786259132,-0.00132920699395813,-0.00362137408680011,0.00385760826281447,0.546409865516849,-0.0840169760186822,0.0661632506567316,0.556778778909517
-0.08,0.2,-0.0798588149340842,0.196252677665917,0.000141185065915808,-0.00374732233408281,0.00374998105306594,0.555803783963861,-0.0836329800221883,-0.0182198274649023,0.562358268815407
-0.08,0.215,-0.0783939869320235,0.211260639852014,0.00160601306797653,-0.00373936014798593,0.0040696550579695,0.551544083487726,-0.0858647589616879,-0.102617661899773,0.567544404541961
-0.08,0.23,-0.0770708502278656,0.226405248953836,0.00292914977213436,-0.00359475104616391,0.00463704145673632,0.533577453940534,-0.0902664844723907,-0.179387127020664,0.570118725140198
-0.08,0.245,-0.0760227065009473,0.241687273260999,0.00397729349905275,-0.00331272673900118,0.00517619764159954,0.502060225518844,-0.0955756453260113,-0.241066711604097,0.565079571161798
-0.08,0.26,-0.0753746520266426,0.257103594700225,0.00462534797335737,-0.00289640529977497,0.00545738101429666,0.457586797130493,-0.0998330109991355,-0.280775862259332,0.546067439931837
-0.08,0.275,-0.0752335523976222,0.272644686003456,0.00476644760237785,-0.00235531399654393,0.00531662738665493,0.401511888970333,-0.100637170941303,-0.292945803593698,0.507108035537679
-0.08,0.29,-0.0756732934576004,0.288292168211343,0.00432670654239956,-0.00170783178865713,0.00465156736191049,0.336297547503868,-0.0955866976504922,-0.274425418452783,0.444458274886795
-0.08,0.305,-0.0767169869456454,0.304017121376533,0.00328301305435461,-0.000982878623466688,0.00342698484145036,0.265814033634535,-0.0829448065719005,-0.225903878523973,0.358566483878864
-0.08,0.32,-0.0783189887134613,0.319779614360652,0.00168101128653875,-0.000220385639347925,0.00169539634761357,0.195540368694797,-0.062529022325022,-0.153513937876874,0.256344598458518
-0.08,0.335,-0.0803497564845661,0.335529580698083,-0.000349756484566088,0.000529580698083176,0.000634653696340211,0.132640338794984,-0.0368025909702,-0.0704507596400179,0.154632513479888
-0.08,0.35,-0.0825856876324606,0.351208806015153,-0.00258568763246064,0.0012088060151535,0.0028542936980856,0.0859235035708196,-0.0121486991617694,0.00153292142323186,0.0867916507813003
-0.06,0.05,-0.0578012645976585,0.0510899861737787,0.00219873540234147,0.00108998617377873,0.00245407971112157,0.0658211307864397,-0.0141065248020192,0.0252231341321132,0.0718861772023
-0.06,0.065,-0.0601723821548788,0.0656212923105658,-0.000172382154878775,0.000621292310565791,0.000644763322847096,0.107333841816357,-0.0381069225477236,0.106650205573912,0.156035164444512
-0.06,0.08,-0.0622601171224744,0.0800757929672119,-0.00226011712247443,7.57929672119129e-05,0.00226138762293881,0.160367174145074,-0.0603696683590813,0.193756308205946,0.258657588319994
-0.06,0.095,-0.0638486830456659,0.0944992459850722,-0.00384868304566588,-0.000500754014927801,0.00388112300365014,0.218436377193928,-0.0756271191120973,0.265520732746935,0.352044828759354
-0.06,0.11,-0.0648226494394367,0.108930597952373,-0.00482264943943667,-0.00106940204762651,0.00493979436365185,0.27628528857281,-0.0823848541465668,0.309547211609536,0.42301431879861
-0.06,0.125,-0.0651533265328659,0.123400965411219,-0.00515332653286589,-0.001599034588781,0.005395709959816,0.32992766426177,-0.0816364454803467,0.320545709116547,0.467191110636246
-0.06,0.14,-0.0648805831222695,0.137933395525319,-0.00488058312226952,-0.00206660447468107,0.00530008921322594,0.376590516401417,-0.0757527233234295,0.298646841742798,0.486569883005512
-0.06,0.155,-0.0640925341053813,0.152543562979097,-0.00409253410538128,-0.00245643702090265,0.00477314552903743,0.414550892575957,-0.0675859283000103,0.247719077423044,0.487633547729779
-0.06,0.17,-0.0629063724399488,0.167241291200332,-0.00290637243994876,-0.00275870879966844,0.00400717793478925,0.442886421313148,-0.0598212749976478,0.173886377580033,0.479546433490438
-0.06,0.185,-0.0614533020229258,0.182032536821189,-0.0014533020229258,-0.00296746317881055,0.00330422827411132,0.461185832854194,-0.0545696883707738,0.0844067516693627,0.472012693780908
-0.06,0.2,-0.0598691567160647,0.196921324091177,0.000130843283935268,-0.00307867590882271,0.00308145506482187,0.469280120135642,-0.0531537022732507,-0.0130207486867246,0.472461587819893
-0.06,0.215,-0.0582903587141009,0.211911106918393,0.00170964128589907,-0.00308889308160654,0.00353045801505235,0.467053735393964,-0.0560174601018939,-0.110572005821221,0.483223240481546
-0.06,0.23,-0.0568530573656788,0.22700517253743,0.00314694263432118,-0.00299482746256982,0.00434421908681764,0.454378833562582,-0.0627019098617823,-0.200395189866502,0.500551175769409
-0.06,0.245,-0.0556922165885583,0.242205945801831,0.00430778341144167,-0.00279405419816894,0.00513456295922034,0.431188634980219,-0.0718627058116962,-0.274710317756556,0.516290082932081
-0.06,0.26,-0.0549374465000041,0.257513343733649,0.00506255349999593,-0.00248665626635058,0.0056402931951541,0.397675098699926,-0.0813547423945261,-0.326131598348167,0.520699302586965
-0.06,0.275,-0.0547035052032464,0.272922591017582,0.00529649479675356,-0.00207740898241798,0.00568933082288844,0.354568605143726,-0.0884433952800184,-0.348370518241793,0.504880973412104
-0.06,0.29,-0.0550752664575219,0.288422065475876,0.00492473354247808,-0.00157793452412366,0.00517135164408978,0.303440055115686,-0.0902123182443288,-0.337371187319083,0.462638747126028
-0.06,0.305,-0.0560889233825142,0.303991746323407,0.00391107661748577,-0.00100825367659305,0.00403894736091068,0.246963571061178,-0.0842163660063555,-0.292811968617716,0.392202564168157
-0.06,0.32,-0.0577125759023087,0.319602678646018,0.00228742409769125,-0.000397321353982016,0.00232167466735302,0.189091871363474,-0.0693866202048148,-0.219816497679584,0.298143811116915
-0.06,0.335,-0.0598296298346706,0.335217590708827,0.00017037016532942,0.000217590708826959,0.000276354319311626,0.135122341140716,-0.0471565180882344,-0.130682084389636,0.193803063094928
-0.06,0.35,-0.0622275348103729,0.350792495371854,-0.00222753481037286,0.000792495371853663,0.00236430967638174,0.0916615624168535,-0.0227718569426252,-0.0464626981679939,0.105257707228012
-0.04,0.05,-0.03811863181421,0.0507455230088644,0.00188136818579004,0.000745523008864379,0.00202369731117307,0.0503059780569046,-0.0222830705200465,0.0680351183795003,0.087498602745935
-0.04,0.065,-0.0405992339158883,0.0654246678878015,-0.000599233915888314,0.000424667887801489,0.000734454968585972,0.0817691111245432,-0.0451638850133335,0.158530558867719,0.184005247862144
-0.04,0.08,-0.0427404957384558,0.0800505663405239,-0.00274049573845581,5.05663405239443e-05,0.00274096221194098,0.120187560848768,-0.0640650528495035,0.250237721502859,0.284900799027511
-0.04,0.095,-0.0443363465790002,0.0946539635621371,-0.0043363465790002,-0.000346036437862934,0.00435013136233098,0.161308328618354,-0.0745374257595994,0.322653115851394,0.368349976533389
-0.04,0.11,-0.0452817916453339,0.109260970724528,-0.00528179164533385,-0.000739029275471564,0.00533324359604195,0.201721738386489,-0.0758264304376115,0.364033871177477,0.423039926804377
-0.04,0.125,-0.0455586185117129,0.12389239140724,-0.00555861851171285,-0.00110760859275966,0.00566789524898898,0.238890354718498,-0.0695580082278696,0.369818783126617,0.445728451422876
-0.04,0.14,-0.0452162696431577,0.138563601248717,-0.0052162696431577,-0.00143639875128349,0.00541042607960014,0.271106200426961,-0.0586015095043442,0.340862343622852,0.439455109044729
-0.04,0.155,-0.0443505946734088,0.153285082738535,-0.00435059467340881,-0.0017149172614645,0.00467638912259898,0.297369554552228,-0.0461641760630845,0.281670890018173,0.41218807134334
-0.04,0.17,-0.0430840424349686,0.168063530132052,-0.00308404243496861,-0.00193646986794793,0.00364159762881038,0.31720418078546,-0.0351553542201178,0.198860286484678,0.376032328829077
-0.04,0.185,-0.0415504594203088,0.182903267497574,-0.00155045942030881,-0.00209673250242562,0.0026077215343576,0.330443097652546,-0.0278099214629349,0.100012716076993,0.346365329160797
-0.04,0.2,-0.0398861552175039,0.197807618413442,0.000113844782496114,-0.00219238158655843,0.00219533543122277,0.337029723619258,-0.0255112443831439,-0.00699310522000355,0.338066699469041
-0.04,0.215,-0.0382268106403388,0.212779859949536,0.00177318935966119,-0.00222014005046428,0.00284134164592912,0.336878278390242,-0.0287305387210052,-0.114235308970199,0.356878881265043
-0.04,0.23,-0.0367078625968147,0.227823487380315,0.00329213740318531,-0.00217651261968493,0.00394656507169203,0.329825304036911,-0.0370125984114292,-0.213760487810093,0.39477693238144
-0.04,0.245,-0.0354648481263257,0.242941685706364,0.0045351518736743,-0.00205831429363593,0.00498038756008782,0.315684422732867,-0.0489811032726176,-0.297596792546087,0.436601164166731
-0.04,0.26,-0.0346302054238388,0.258136108144115,0.0053697945761612,-0.00186389185588531,0.00568408186434765,0.29439374628117,-0.062391444005393,-0.358011944926835,0.467690215172802
-0.04,0.275,-0.0343242203091631,0.273405250013153,0.00567577969083688,-0.00159474998684733,0.00589556635273202,0.266224907396756,-0.0743022685072505,-0.388191494685618,0.476540107506604
-0.04,0.29,-0.0346398029467994,0.288742827035749,0.00536019705320057,-0.00125717296425121,0.00550565130671969,0.232009502833655,-0.0814501078488341,-0.383395874387318,0.455473400409212
-0.04,0.305,-0.0356229208168912,0.304136580251567,0.00437707918310884,-0.000863419748432653,0.00446142531453663,0.193336599659508,-0.080888110534715,-0.342524676709615,0.401554157438203
-0.04,0.32,-0.0372520502661257,0.319567823818132,0.00274794973387427,-0.000432176181867694,0.00278172680040176,0.152684914299948,-0.0709009611572302,-0.269914654879489,0.318109745547358
-0.04,0.335,-0.03942038526696,0.335011855393691,0.000579614733039996,1.18553936907517e-05,0.000579735965001817,0.11347257317224,-0.0521598513066587,-0.177157398383047,0.216752104453912
-0.04,0.35,-0.0419236393370266,0.350439124038236,-0.00192363933702655,0.000439124038236316,0.00197312397479553,0.0800298275157588,-0.0290659590012707,-0.0847540337485366,0.12013681695655
-0.02,0.05,-0.0183302392909406,0.0504495400989103,0.00166976070905939,0.000449540098910267,0.001729215754626,0.0216161660676922,-0.0274434961617041,0.0973887338338315,0.103464837045552
-0.02,0.065,-0.0208740987166197,0.0653047175247293,-0.000874098716619698,0.00030471752472927,0.00092568965440548,0.0385761083918621,-0.0492207228845191,0.193301889024831,0.203166087846417
-0.02,0.08,-0.0230451252620765,0.0801246882543058,-0.00304512526207654,0.000124688254305755,0.00304767698788742,0.0585821099064576,-0.0657118059133929,0.287707156735407,0.300874593640437
-0.02,0.095,-0.0246432851495421,0.094925283533745,-0.00464328514954207,-7.47164662549815e-05,0.00464388625294457,0.0796555153132028,-0.0729637213051791,0.360425807032605,0.376265832792049
-0.02,0.11,-0.0255700069365467,0.109720143476864,-0.00557000693654675,-0.000279856523135696,0.0055770329877741,0.10023277219741,-0.0706686139496616,0.400119556132011,0.418493846365649
-0.02,0.125,-0.0258134739858611,0.124520420147535,-0.0058134739858611,-0.000479579852465023,0.00583322180438685,0.119177310628606,-0.0608308626197951,0.4026757330724,0.424325575667625
-0.02,0.14,-0.0254289187229451,0.139334739918453,-0.00542891872294513,-0.000665260081547242,0.00546952735402652,0.135754799467346,-0.0466133940299769,0.369391761243887,0.396299222167381
-0.02,0.155,-0.0245168019725711,0.154169474463079,-0.00451680197257108,-0.000830525536920645,0.00459252356846422,0.149567439020646,-0.0314270382433057,0.305160387899609,0.341293545660054
-0.02,0.17,-0.0232026127590823,0.169029280040934,-0.00320261275908231,-0.000970719959066446,0.00334649454258733,0.16045461600904,-0.0183045139173369,0.216889269293522,0.270410484065241
-0.02,0.185,-0.0216215860370777,0.183917781249757,-0.0016215860370777,-0.00108221875024328,0.0019495483320563,0.168377845296716,-0.00954546822385035,0.112343813291563,0.202641037153475
-0.02,0.2,-0.0199100483256958,0.198838223032293,8.99516743042251e-05,-0.00116177696770695,0.00116525406088307,0.17331397844229,-0.00656500704041694,-0.000507678964500047,0.173439081953747
-0.02,0.215,-0.0182029234750861,0.21379390875439,0.00179707652491386,-0.00120609124561047,0.00216428744143071,0.175180419514674,-0.00985316749982547,-0.113706834480423,0.209080264508788
-0.02,0.23,-0.0166349083893111,0.228788284954489,0.00336509161068891,-0.00121171504551065,0.00357660382204204,0.173809810851079,-0.0189678162674367,-0.219260798726458,0.280437307195992
-0.02,0.245,-0.0153416249399938,0.24382461561074,0.00465837506000617,-0.00117538438925996,0.00480437161991072,0.168981081636305,-0.0325311668803261,-0.309098186173193,0.353772482093386
-0.02,0.26,-0.0144570565792449,0.258905292624414,0.00554294342075506,-0.00109470737558587,0.00565000938086424,0.160501411256943,-0.0482603461077883,-0.375283743168589,0.411008973512171
-0.02,0.275,-0.0141048003346258,0.274030930326897,0.0058951996653742,-0.000969069673102813,0.00597431796324532,0.148322349484206,-0.0631105682330113,-0.410678739941684,0.44118074790062
-0.02,0.29,-0.0143827367462686,0.289199462483738,0.00561726325373141,-0.000800537516261746,0.00567402033629275,0.132665834140645,-0.0736251736870224,-0.410110817032927,0.437278744191766
-0.02,0.305,-0.01534296741933,0.304405475974097,0.00465703258066996,-0.000594524025902932,0.00469482814113545,0.114134368563257,-0.0765624340859908,-0.371978598473422,0.396556636412493
-0.02,0.32,-0.0169705122743034,0.319639965285774,0.00302948772569661,-0.000360034714226187,0.0030508065942623,0.0937849101951129,-0.0698153741367978,-0.300106965759248,0.322078033872247
-0.02,0.335,-0.0191647044605894,0.33489058782356,0.000835295539410585,-0.000109412176440227,0.000842430805771375,0.0731566651819698,-0.0535857778496707,-0.205624357742691,0.224732673404129
-0.02,0.35,-0.0217263237839363,0.350142374067385,-0.00172632378393628,0.000142374067385209,0.00173218480020114,0.0542555293998381,-0.0317517391213553,-0.108665945396312,0.125539354000487
0,0.05,0.00159455661418451,0.05017975377332,0.00159455661418451,0.000179753773320024,0.00160465641645255,-0.0141307614603875,-0.0301314480892412,0.110043610633371,0.114966009140429
0,0.065,-0.000972735587124157,0.0652249217432279,-0.000972735587124157,0.000224921743227913,0.00099840087792152,-0.0138499342436352,-0.0514659211897401,0.207988341392087,0.21470856020933
0,0.08,-0.00315589157347962,0.0802500890753302,-0.00315589157347962,0.000250089075330195,0.00316578523737148,-0.01409241652814,-0.0670875602828272,0.303520854614546,0.311166328699051
0,0.095,-0.0047570299674892,0.0952562550409972,-0.0047570299674892,0.000256255040997216,0.00476392703109806,-0.0145456907397568,-0.073200487265776,0.376572711849652,0.38389770398463
0,0.11,-0.00567973023137744,0.1102448026512,-0.00567973023137744,0.000244802651199694,0.00568500341594068,-0.0149318054223328,-0.0696362598062685,0.41593214169803,0.421986396625717
0,0.125,-0.00591423910437275,0.12521759440005,-0.00591423910437275,0.000217594400050175,0.00591824057525756,-0.0150156700351039,-0.0585168197669391,0.417622954600374,0.421970882383762
0,0.14,-0.00551761895060981,0.140176999342305,-0.00551761895060981,0.000176999342305029,0.00552045719585842,-0.0146100263679932,-0.0430965730473246,0.3830766662998,0.385770737537296
0,0.155,-0.00459176945513834,0.155125849202181,-0.00459176945513834,0.000125849202180617,0.00459349374124216,-0.0135787045741615,-0.0268506388406009,0.31730314046455,0.318726972408958
0,0.17,-0.00326311185473001,0.170067336349195,-0.00326311185473001,6.73363491945633e-05,0.00326380654457374,-0.0118394192968016,-0.0128522809539204,0.227298215055722,0.227969077078878
0,0.185,-0.00166727865913179,0.185004877148406,-0.00166727865913179,4.87714840552433e-06,0.00166728579247016,-0.00936659553145043,-0.00342520023409691,0.120881487121056,0.12129222783338
0,0.2,5.9456610022168e-05,0.199941966173015,5.9456610022168e-05,-5.80338269852154e-05,8.30843760876742e-05,-0.00619384141737493,-6.53741380641883e-07,0.00604562421328392,0.00865524373718787
0,0.215,0.00178248100280739,0.214882039786901,0.00178248100280739,-0.000117960213099427,0.00178637989723454,-0.00241504884272713,-0.00308368259039427,-0.109243387450871,0.109313598811637
0,0.23,0.00336739762559941,0.229828355637955,0.00336739762559941,-0.00017164436204492,0.00337176935093645,0.00181707808548054,-0.012248236841647,-0.216982744550162,0.217335890148755
0,0.245,0.00467858489412698,0.244783884245756,0.00467858489412698,-0.000216115754244156,0.00468357370293088,0.00629591098615486,-0.0261301204257436,-0.309068367556179,0.31023525373179
0,0.26,0.00558152010296578,0.259751205740917,0.00558152010296578,-0.000248794259083363,0.00558706230886716,0.0107692474138764,-0.0424488441410709,-0.377493175712131,0.380025667840819
0,0.275,0.00595140249506647,0.274732411267923,0.00595140249506647,-0.000267588732076746,0.00595741515993454,0.0149501623600936,-0.0581394653494085,-0.414999728489923,0.419320002176977
0,0.29,0.00568851663463565,0.289729021724104,0.00568851663463565,-0.000270978275895617,0.00569496714025058,0.01852853828651,-0.0696923391667043,-0.416253472856617,0.422454839078203
0,0.305,0.00473849074913782,0.304741949800522,0.00473849074913782,-0.000258050199477639,0.00474551203613637,0.0211810740160017,-0.0737742281116412,-0.379461430421466,0.387147029010654
0,0.32,0.00311391752359275,0.319771536978414,0.00311391752359275,-0.000228463021586162,0.00312228725391663,0.0225778800387029,-0.0681490020404769,-0.308248771963959,0.316498984648004
0,0.335,0.000913325087099903,0.334817691001623,0.000913325087099903,-0.000182308998377317,0.000931342732626065,0.0223846734004856,-0.0528585373390016,-0.213559350201447,0.221139673824345
0,0.35,-0.00166562605749873,0.349880132513596,-0.00166562605749873,-0.000119867486404107,0.00166993364470437,0.020260699228176,-0.0316000997360834,-0.115378779619417,0.121331490242187
0.02,0.05,0.0216662377284783,0.0499062182179095,0.00166623772847826,-9.3781782090463e-05,0.00166887482767776,-0.0495052955643495,-0.0304994587137489,0.104754264909068,0.119810068517403
0.02,0.065,0.0191131824963689,0.0651420448237937,-0.000886817503631149,0.000142044823793736,0.000898121381948551,-0.0657999784455281,-0.0522627677759612,0.201429324094695,0.218254127720505
0.02,0.08,0.0169335062028342,0.0803730677655543,-0.00306649379716581,0.000373067765554319,0.00308910403932145,-0.0861979850232293,-0.068746470238304,0.296619561370194,0.316448397905397
0.02,0.095,0.015326876948161,0.0955855095763103,-0.00467312305183898,0.000585509576310261,0.00470966034036212,-0.108105886819065,-0.0759689508917878,0.370148023771403,0.393024591415065
0.02,0.11,0.0143919120888666,0.11076852130038,-0.00560808791113343,0.000768521300380437,0.00566050130360725,-0.129409689785664,-0.0735902776427159,0.410643913419454,0.436797143359195
0.02,0.125,0.0141407100851254,0.125914673851402,-0.00585928991487457,0.000914673851401981,0.00593025349888092,-0.148504434482044,-0.063587530500504,0.413946360205997,0.444352922666046
0.02,0.14,0.0145183946581155,0.141020056713768,-0.00548160534188445,0.00102005671376837,0.00557570738323669,-0.164280676061704,-0.049105990122659,0.381303526089384,0.418082161026754
0.02,0.155,0.0154248172554684,0.156083928767033,-0.00457518274453157,0.00108392876703259,0.00470182929484475,-0.176066510388419,-0.0335502536350019,0.317567262536239,0.364656620248429
0.02,0.17,0.0167347000891082,0.171107984693457,-0.00326529991089181,0.00110798469345691,0.00344816089952381,-0.183534761739987,-0.0199576972896122,0.229616655539796,0.294630816848801
0.02,0.185,0.0183129190037612,0.186095405050561,-0.00168708099623884,0.00109540505056105,0.00201150553383899,-0.186594062857673,-0.0106418681039429,0.125200358294908,0.224957303453503
0.02,0.2,0.0200231926734512,0.201049915298149,2.31926734511592e-05,0.00104991529814888,0.00105017143047641,-0.185286999904663,-0.00703925324450628,0.012278778045999,0.185826860491221
0.02,0.215,0.0217306121142956,0.215975072568782,0.0017306121142956,0.000975072568781571,0.00198639996086815,-0.179717120540723,-0.00966735789993634,-0.101191783712914,0.206474028516229
0.02,0.23,0.0233004716920011,0.230873934171523,0.00330047169200109,0.000873934171523316,0.00341421650248732,-0.170020073709013,-0.0181164217010987,-0.207215967980094,0.268651483928361
0.02,0.245,0.0245970844370777,0.245749160119648,0.00459708443707772,0.000749160119648012,0.00465772757967802,-0.156384339324313,-0.0310444050086185,-0.297713977631607,0.33771846167615
0.02,0.26,0.0254862868164356,0.260603492448898,0.00548628681643555,0.000603492448897902,0.0055193791469758,-0.139116238594694,-0.0462051220849081,-0.364732842803566,0.393088913423211
0.02,0.275,0.0258441369250358,0.275440465078212,0.00584413692503576,0.000440465078211716,0.00586071206285469,-0.118734513525854,-0.0605879539088895,-0.40110290166944,0.422673790047769
0.02,0.29,0.0255722464053478,0.290265152053108,0.00557224640534784,0.00026515205310762,0.00557855139020688,-0.0960738594554319,-0.0707639206575662,-0.401605200968974,0.418957322963395
0.02,0.305,0.0246179299020667,0.305084770682839,0.00461792990206666,8.47706828391581e-05,0.00461870789821899,-0.0723759225801881,-0.07350908537006,-0.364576743150703,0.378891256962564
0.02,0.32,0.0229956891432938,0.319909015784908,0.00299568914329382,-9.09842150916829e-05,0.0029970704981105,-0.0493508654487495,-0.0667227483715319,-0.293770097319673,0.305267953761355
0.02,0.335,0.0208060748267028,0.334750092412699,0.000806074826702752,-0.000249907587300841,0.00084392560598337,-0.0292014285212036,-0.0506024284161147,-0.20023813226266,0.20858736025021
0.02,0.35,0.0182488474971399,0.349622507701465,-0.00175115250286012,-0.000377492298535176,0.00179137810741525,-0.0146118157939144,-0.0290151076533439,-0.104046194290855,0.10899998056226
0.04,0.05,0.0418758376737775,0.0495988148727703,0.00187583767377747,-0.00040118512722967,0.00191825871161143,-0.0771324357618429,-0.0281793489433091,0.0823061915591986,0.116266083449227
0.04,0.065,0.0393768487664088,0.0650127023917424,-0.00062315123359119,1.27023917423641e-05,0.000623280683706947,-0.10763236627777,-0.0510135274761026,0.174306129607528,0.211115569065272
0.04,0.08,0.0372184053323822,0.0804397762119241,-0.00278159466761785,0.00043977621192412,0.00281614488467734,-0.146170198975377,-0.069879581393323,0.267543022967937,0.3127753107992
0.04,0.095,0.0356057867651708,0.0958515152571757,-0.00439421323482925,0.000851515257175722,0.00447595667833722,-0.18791019298725,-0.0802776989823563,0.341527422304374,0.397990410258958
0.04,0.11,0.0346440281609129,0.111224681206634,-0.00535597183908706,0.00122468120663397,0.00549420407329179,-0.228910066139071,-0.0813933873338655,0.384460390103346,0.45479179788466
0.04,0.125,0.0343518689769247,0.126542194695147,-0.00564813102307526,0.00154219469514713,0.00585489099228715,-0.266170868669889,-0.0748000522046064,0.391691053332573,0.47944259476799
0.04,0.14,0.0346805617119762,0.141793336203249,-0.0053194382880238,0.00179333620324937,0.00561359763769887,-0.297609049998936,-0.0633320021270694,0.363979476381505,0.474409563774357
0.04,0.155,0.0355348830023266,0.156973160366572,-0.00446511699767341,0.00197316036657183,0.00488166279408173,-0.321946456796001,-0.0501830416233737,0.305751761634483,0.446825480832276
0.04,0.17,0.0367928216703858,0.172081224743074,-0.00320717832961418,0.0020812247430739,0.00382328252541319,-0.338534781486671,-0.0382702900441339,0.223566263744747,0.407495997048412
0.04,0.185,0.0383207719937462,0.187119926485134,-0.00167922800625379,0.00211992648513445,0.00270442137977084,-0.347148918584531,-0.0298548132342133,0.124970322202972,0.370164476383627
0.04,0.2,0.0399825276333543,0.202092851780178,-1.74723666456672e-05,0.00209285178017757,0.00209292471374118,-0.347793125609962,-0.026361269594996,0.0178255761681724,0.349246479698368
0.04,0.215,0.0416424365605304,0.217003541038433,0.00164243656053043,0.00200354103843323,0.00259070927509304,-0.340562191329053,-0.0283143878336109,-0.0899507509779616,0.353377764114767
0.04,0.23,0.0431650277307154,0.231854961993839,0.00316502773071539,0.00185496199383878,0.00366855346625666,-0.325587847975892,-0.035322054691653,-0.190399699172132,0.378824052203601
0.04,0.245,0.044414606498588,0.246649797935493,0.00441460649858796,0.00164979793549283,0.00471281060147037,-0.303081812747555,-0.0460772905946863,-0.275531294656907,0.412189190805162
0.04,0.26,0.0452583472963576,0.261391449641808,0.0052583472963576,0.0013914496418081,0.00543933345133383,-0.2734656326036,-0.058406134775824,-0.337576488976274,0.43835322741568
0.04,0.275,0.0455752615466902,0.276085471559376,0.00557526154669019,0.0010854715593758,0.00567994628673688,-0.237558706175551,-0.069432500909814,-0.369658498247752,0.444863361720237
0.04,0.29,0.0452714375110799,0.290741061930933,0.00527143751107986,0.000741061930933123,0.00532327213457082,-0.196783881010381,-0.0759453866918806,-0.366945741897062,0.423251213489675
0.04,0.305,0.0442997888441066,0.305372231757178,0.00429978884410662,0.000372231757177544,0.0043158707794552,-0.153348113652884,-0.0750314527276056,-0.328217771314234,0.369963165498656
0.04,0.32,0.0426809658299849,0.319998388090327,0.00268096582998489,-1.61190967268299e-06,0.00268096631455887,-0.11036470236645,-0.064987242875484,-0.257671807625654,0.287747534725086
0.04,0.335,0.0405216534425229,0.334644249047014,0.000521653442522918,-0.000355750952986539,0.000631411953202378,-0.0719010857872644,-0.0464763848666707,-0.166754699376607,0.187448610537932
0.04,0.35,0.0380273480694716,0.349339202572467,-0.0019726519305284,-0.000660797427532722,0.00208038671387107,-0.0429567359445524,-0.0238803953522887,-0.0758348020176833,0.0903685417335169
0.06,0.05,0.0621941851817517,0.0492347322490782,0.00219418518175166,-0.000765267750921783,0.00232380794008873,-0.0910409986725021,-0.0224328331555511,0.0454751565547499,0.104209828236486
0.06,0.065,0.0597954752167934,0.0647999262904965,-0.000204524783206567,-0.000200073709503507,0.00028611164985052,-0.131139914960536,-0.0463256205256978,0.129123713134883,0.189780680361674
0.06,0.08,0.0576822453286097,0.0804017080584924,-0.00231775467139034,0.000401708058492434,0.00235230867043624,-0.183862485049216,-0.0684907575270446,0.218435451425127,0.293616471577387
0.06,0.095,0.0560689472029641,0.0959968423908708,-0.0039310527970359,0.000996842390870833,0.00405547418254892,-0.242198468078174,-0.0836010856797321,0.292436206292482,0.388804262208716
0.06,0.11,0.0550709441630852,0.111549411552202,-0.00492905583691476,0.00154941155220151,0.00516684309820987,-0.300393328550677,-0.0900832995447907,0.338667514028642,0.461571218722709
0.06,0.125,0.0547176241750341,0.127032048282228,-0.00528237582496591,0.00203204828222769,0.00565974509827861,-0.354015439644231,-0.0888579703228375,0.351721548792348,0.506884990937023
0.06,0.14,0.0549701143235915,0.142426284289134,-0.00502988567640845,0.00242628428913388,0.00558449687701917,-0.399919672611848,-0.0822447637628042,0.331597855816585,0.525983865381932
0.06,0.155,0.0557412381492891,0.15772184327327,-0.00425876185071093,0.00272184327327016,0.00505425398108532,-0.436100545987357,-0.0730740535877288,0.282049149842183,0.524477975934578
0.06,0.17,0.0569144910418337,0.172914996236715,-0.00308550895816628,0.00291499623671526,0.00424471066045596,-0.461456073194899,-0.064039352582444,0.209113108590661,0.510659147155363
0.06,0.185,0.0583590728780507,0.188006364778293,-0.00164092712194929,0.00300636477829327,0.00342503591217832,-0.475508221952253,-0.0572870219307962,0.119992995364508,0.493750645228764
0.06,0.2,0.0599393338837611,0.202998720406403,-6.06661162388657e-05,0.00299872040640325,0.0029993340016475,-0.478139537211482,-0.0541977509354252,0.0223595958126942,0.48172204822456
0.06,0.215,0.0615188931740974,0.21789533597619,0.00151889317409745,0.00289533597618957,0.00326955759841258,-0.469403995105767,-0.0552921266290708,-0.0759710510212207,0.478717310802294
0.06,0.23,0.062961512908445,0.232699299920678,0.00296151290844496,0.00269929992067813,0.00400709106068968,-0.44945426957976,-0.0602013521063934,-0.167137740274486,0.483290546484933
0.06,0.245,0.0641319319807294,0.247413949630136,0.00413193198072943,0.00241394963013616,0.00478539598259216,-0.41860172803749,-0.0676796472681797,-0.243330718065843,0.488895929578279
0.06,0.26,0.0648999009781346,0.262044287120895,0.00489990097813457,0.00204428712089499,0.00530925036405153,-0.377495978067152,-0.0756812963246372,-0.29710651755246,0.486317360086079
0.06,0.275,0.0651495849687315,0.276598985975487,0.00514958496873154,0.0015989859754868,0.00539212217035086,-0.32738453687185,-0.0815624348712122,-0.322082681735233,0.466445625220395
0.06,0.29,0.0647946506392719,0.291092452511667,0.00479465063927192,0.00109245251166731,0.00491753263770754,-0.270396558057074,-0.0824789035354059,-0.314068655153361,0.422560052086633
0.06,0.305,0.0637973521958499,0.30554640941623,0.00379735219584995,0.000546409416230437,0.00383646281742333,-0.209792032388893,-0.0760313740228564,-0.272570718916126,0.35226219549498
0.06,0.32,0.0621884877532981,0.319990627048334,0.00218848775329808,-9.37295166575369e-06,0.00218850782465099,-0.150130512413504,-0.0611675325553061,-0.202515479999921,0.259409468579685
0.06,0.335,0.0600847445749025,0.334462687784985,8.47445749025122e-05,-0.000537312215015295,0.00054395409675822,-0.0973375760812815,-0.0393121289954671,-0.115998352549959,0.156447052404464
0.06,0.35,0.0577008062579419,0.349006948052122,-0.00229919374205811,-0.000993051947878437,0.00250448478428286,-0.058675380330198,-0.0156877953474603,-0.0338904367633595,0.0695519193137684
0.08,0.05,0.0825697585969086,0.0488066746768271,0.00256975859690864,-0.0011933253231729,0.00283331688543861,-0.0879195916030402,-0.0125611218531107,-0.00109720979399468,0.0888191523109903
0.08,0.065,0.0803279280447277,0.0644806269589476,0.000327928044727699,-0.000519373041052429,0.000614235425786383,-0.130848894611244,-0.0364598178748372,0.0701358899281498,0.152871869423602
0.08,0.08,0.0782939837336029,0.0802222952099845,-0.00170601626639713,0.000222295209984513,0.00172043792727133,-0.191857698487532,-0.0618717642749329,0.153025185989332,0.253089516539255
0.08,0.095,0.0766947534943379,0.0959737786078999,-0.00330524650566205,0.000973778607899933,0.00344570736430051,-0.261858408975735,-0.082365290410483,0.225983069108991,0.35555958804948
0.08,0.11,0.0756593974765696,0.111686136097321,-0.00434060252343038,0.00168613609732104,0.00465659588166068,-0.333317061040824,-0.095351920061121,0.275712727530776,0.442956811937218
0.08,0.125,0.0752315362585602,0.127320926302906,-0.00476846374143981,0.00232092630290648,0.00530329570710038,-0.400333674243044,-0.100867182512523,0.295836864953864,0.507899969600351
0.08,0.14,0.0753856183398493,0.14285074971324,-0.00461438166015071,0.00285074971323951,0.00542395538634587,-0.458603917846538,-0.100514572222775,0.285369048580693,0.549416544708149
0.08,0.155,0.0760455461575489,0.158258560698983,-0.00395445384245106,0.00325856069898267,0.00512405337804266,-0.505253435967358,-0.0965961597697011,0.24717151601689,0.57070859808349
0.08,0.17,0.0771027248364753,0.173535859020302,-0.00289727516352471,0.00353585902030235,0.0045712692312563,-0.538568120361118,-0.0914565453871226,0.186569563411881,0.577261587795607
0.08,0.185,0.078430856589367,0.188680196472272,-0.00156914341063299,0.00368019647227169,0.00400075706806273,-0.5576725862412,-0.0870408499165826,0.110264476353583,0.575096387121112
0.08,0.2,0.0798959317687694,0.203692640995738,-0.000104068231230615,0.00369264099573763,0.00369410716143342,-0.562225717233937,-0.0846347380453136,0.0256097463908567,0.569139103005307
0.08,0.215,0.0813615604072508,0.218575863689501,0.00136156040725079,0.0035758636895008,0.00382630995457546,-0.552201294479182,-0.0847355823094013,-0.0597870337973613,0.561857106106917
0.08,0.23,0.0826914393937821,0.233333348478926,0.00269143939378212,0.00333334847892641,0.00428428034707853,-0.527803720035733,-0.0870092933371828,-0.138269000937129,0.552510693285337
0.08,0.245,0.0837517778973418,0.247969919844193,0.00375177789734184,0.00296991984419259,0.00478500379016691,-0.489538594754125,-0.0903146318237795,-0.202331711707568,0.537349985068635
0.08,0.26,0.0844165442293169,0.262493426973183,0.00441654422931688,0.00249342697318261,0.00507178873772428,-0.43842301515381,-0.0928132919412864,-0.245014965307485,0.510747597175397
0.08,0.275,0.0845774202116776,0.276917111562424,0.00457742021167762,0.00191711156242369,0.00496266990006925,-0.376289384301747,-0.0922129134394849,-0.260625624642576,0.466930235697813
0.08,0.29,0.0841586736290954,0.29126200914285,0.00415867362909544,0.00126200914285013,0.00434594448077414,-0.306117040058241,-0.0861979226772605,-0.245840225863667,0.401964928140502
0.08,0.305,0.0831353670214752,0.30555874410018,0.00313536702147521,0.000558744100179809,0.00318476393612464,-0.232323365451779,-0.0730860413128516,-0.201133252056163,0.315864770646632
0.08,0.32,0.0815520630481519,0.319848275116043,0.00155206304815192,-0.000151724883957371,0.0015594614922628,-0.160961144831699,-0.0527159756014037,-0.132396443760908,0.21497985201015
0.08,0.335,0.0795389321486933,0.334181468572632,-0.000461067851306701,-0.000818531427367875,0.000939455832435708,-0.0997972368696525,-0.0275448562005881,-0.0525821870785372,0.116116745572011
0.08,0.35,0.0773230044926658,0.348617718604293,-0.00267699550733425,-0.00138228139570734,0.00301280713010414,-0.0582801485576647,-0.00393653090714756,0.0167724957260191,0.0607732585052297
0.1,0.05,0.102925366705258,0.0483324411083717,0.00292536670525778,-0.00166755889162828,0.00336727234082415,-0.0681950884729256,0.00147672359617325,-0.0511227212073507,0.0852425056455806
0.1,0.065,0.100911144827605,0.0640547037308249,0.000911144827604737,-0.000945296269175055,0.00131292419178989,-0.105176215061354,-0.0200109443912178,0.0031912700081103,0.107110511419709
0.1,0.08,0.0990042291001144,0.0798855084507017,-0.00099577089988559,-0.000114491549298268,0.00100233128252074,-0.166690055309125,-0.0473332010559254,0.076543402098201,0.189433184938631
0.1,0.095,0.0974466602375046,0.0957523663272532,-0.00255333976249539,0.000752366327253229,0.00266187885395345,-0.241697334138638,-0.0727113065121058,0.146652617505553,0.291910448535956
0.1,0.11,0.0963843705086734,0.111592998399472,-0.0036156294913266,0.00159299839947163,0.00395100247016752,-0.320942563362605,-0.092318688388244,0.199263950038615,0.388887607897828
0.1,0.125,0.0958783031410134,0.127357106229989,-0.00412169685898658,0.00235710622998869,0.00474808748622341,-0.39704323289259,-0.105098143171752,0.226879989108855,0.469217122879168
0.1,0.14,0.0959193118774396,0.143007138526962,-0.00408068812256041,0.00300713852696227,0.00506901348133405,-0.464455625496204,-0.111745984047637,0.227357491979954,0.529055394925546
0.1,0.155,0.0964452878680205,0.158517761301058,-0.00355471213197951,0.00351776130105796,0.00500106217842403,-0.519307958239823,-0.113866826360846,0.202488558744708,0.568903054219157
0.1,0.17,0.097358130084602,0.173874108885537,-0.00264186991539801,0.00387410888553708,0.00468915731308755,-0.55912415612977,-0.113315654621501,0.15670771470491,0.591625453637665
0.1,0.185,0.0985382243424288,0.189069255598806,-0.00146177565757123,0.00406925559880639,0.00432384426193693,-0.582491891231837,-0.111730157297234,0.0960438536220583,0.600839547240954
0.1,0.2,0.0998550121062339,0.204101588657226,-0.000144987893766071,0.00410158865722554,0.00410415046049971,-0.588746593208248,-0.110233704340111,0.0273725562113002,0.599605335724532
0.1,0.215,0.10117367632187,0.218972804490579,0.00117367632186983,0.0039728044905788,0.00414254651499304,-0.57774308508546,-0.109274624843526,-0.0420609698353615,0.589491481317543
0.1,0.23,0.102359413680661,0.233687080164773,0.00235941368066111,0.00368708016477326,0.00437737284886211,-0.549768123142888,-0.10857005855821,-0.104957975598847,0.570132708750252
0.1,0.245,0.103281672067014,0.248251640449942,0.00328167206701413,0.00325164044994214,0.00461979839074398,-0.505615279292988,-0.107141768605655,-0.154280102063244,0.539379891825917
0.1,0.26,0.103820771657665,0.262678546140563,0.00382077165766521,0.00267854614056257,0.00466614460632548,-0.44680650569563,-0.103457538342078,-0.18372305809185,0.494059905608497
0.1,0.275,0.103878468014706,0.276987184842781,0.00387846801470569,0.00198718484278104,0.00435791437966303,-0.375911701697144,-0.0957122247183866,-0.188467970645157,0.431267308664434
0.1,0.29,0.103392549535,0.291206753288758,0.00339254953500033,0.00120675328875841,0.00360078406008472,-0.29689715052898,-0.0822870730849724,-0.166251041566922,0.350084090620659
0.1,0.305,0.102354018034263,0.305378040152765,0.00235401803426322,0.000378040152764936,0.00238418020768964,-0.215431292917398,-0.0624125992993598,-0.118706241161761,0.253766135409843
0.1,0.32,0.100824357484015,0.319554045057548,0.000824357484015131,-0.000445954942451587,0.000937251872310083,-0.139092536261243,-0.0370379465608066,-0.0528691335574012,0.153341783105581
0.1,0.335,0.0989502514749385,0.333799329568706,-0.00104974852506148,-0.00120067043129379,0.00159486095019346,-0.0774535156472291,-0.00989532591793694,0.0172964578703987,0.0799758279361514
0.1,0.35,0.0969739193235281,0.348188372634538,-0.00302608067647195,-0.00181162736546203,0.00352691904809393,-0.0420497721465058,0.0112386618354434,0.0694678984252595,0.0819773195128846
0.12,0.05,0.123153912976556,0.0478663704964245,0.00315391297655573,-0.00213362950357554,0.00380782640389693,-0.036842989229931,0.0183101467033793,-0.0969877862201958,0.105353220782413
0.12,0.065,0.121455722543226,0.0635563147521401,0.0014557225432259,-0.00144368524785993,0.00205020857908274,-0.0573484433407991,0.00325595299206907,-0.0645206376927836,0.0863849482486643
0.12,0.08,0.119740590943713,0.0794070167311638,-0.000259409056286936,-0.000592983268836167,0.00064724200698294,-0.109875238859695,-0.0231163348462313,-0.00445390018130371,0.112368920636655
0.12,0.095,0.11826833305553,0.0953314855915847,-0.00173166694447049,0.000331485591584746,0.001763108931405,-0.181585247009957,-0.0514690757747982,0.0602060303635006,0.198108740056208
0.12,0.11,0.117204182763579,0.111253878026604,-0.00279581723642126,0.00125387802660354,0.00306411555347859,-0.261590348474564,-0.0765487915605367,0.114183831976683,0.295512045396737
0.12,0.125,0.11662901435383,0.127111394607546,-0.00337098564617,0.00211139460754578,0.00397762886849158,-0.341047331424058,-0.096028059821743,0.148772201177306,0.384276452476561
0.12,0.14,0.116552797514837,0.14285527189007,-0.00344720248516268,0.0028552718900699,0.004476134776784,-0.413132919340664,-0.109525660472692,0.160555413950575,0.456567435694009
0.12,0.155,0.116930182743882,0.158450522714822,-0.00306981725611792,0.00345052271482216,0.00461842884447331,-0.472890512886993,-0.11778834952953,0.150115991527874,0.509937309733226
0.12,0.17,0.117676319461442,0.173874449697556,-0.0023236805385582,0.00387444969755574,0.00451783706038231,-0.516970552863562,-0.122039079562239,0.12083784847988,0.544753256600344
0.12,0.185,0.118680953978014,0.189114332623979,-0.00131904602198609,0.00411433262397948,0.00432060358617395,-0.543315503789911,-0.123494223423697,0.0779018506858924,0.56259559301855
0.12,0.2,0.119819550838938,0.204164951776967,-0.000180449161062116,0.00416495177696702,0.00416885898108688,-0.550858400748083,-0.123039622555125,0.0275194895061898,0.565104979129416
0.12,0.215,0.120961360024599,0.219026670134615,0.000961360024599452,0.00402667013461494,0.00413984123728166,-0.539304565443258,-0.121045249149199,-0.0236179532389364,0.553228300290407
0.12,0.23,0.121975560454806,0.233704636795504,0.00197556045480562,0.00370463679550409,0.00419847268625087,-0.509048746409184,-0.117299024529588,-0.0687620690186403,0.52689644711393
0.12,0.245,0.12273738293095,0.248209340830091,0.0027373829309503,0.00320934083009072,0.00421819082953172,-0.461249063747602,-0.111052315141093,-0.101529339637734,0.485173091663892
0.12,0.26,0.123136151159621,0.26255834079609,0.00313615115962075,0.00255834079609046,0.00404728942935039,-0.398042830735292,-0.10118661734057,-0.116452870869976,0.426894531257406
0.12,0.275,0.12308644976918,0.276778643627565,0.00308644976917992,0.00177864362756541,0.00356226688101128,-0.322857015650212,-0.0865239102986667,-0.109758769165679,0.351810198672768
0.12,0.29,0.122542395182117,0.290909016684921,0.00254239518211738,0.000909016684920827,0.00270001566579124,-0.24074636647415,-0.0663053013198763,-0.0803997641249814,0.262334611231416
0.12,0.305,0.121513713453271,0.305001549445274,0.00151371345327095,1.54944527425149e-06,0.00151371424628102,-0.158690222432983,-0.0408535200249258,-0.031309764086876,0.166829007619357
0.12,0.32,0.120081512921245,0.319122026338701,8.15129212445864e-05,-0.000877973661299492,0.000881749457763066,-0.0857950467610402,-0.012422242146616,0.0292100504646662,0.0914785820479919
0.12,0.335,0.118411605526493,0.33334904856997,-0.00158839447350731,-0.00165095143002952,0.00229099053419806,-0.0333783226760058,0.0137671042918284,0.0860839138543375,0.0933492781852096
0.12,0.35,0.116764003779428,0.347772228448213,-0.00323599622057186,-0.00222777155178655,0.00392869413756083,-0.0149409949679708,0.0282774754780953,0.116128618553381,0.120452108077384
0.14,0.05,0.143113403822765,0.0475130495451867,0.00311340382276501,-0.00248695045481334,0.00398474665798267,-0.00384462802757497,0.0343536595765884,-0.130171234918794,0.134683012452209
0.14,0.065,0.141841008001305,0.0630675985228787,0.0018410080013051,-0.00193240147712131,0.00266898593657779,0.00402068600220505,0.0315096728550492,-0.124828802964841,0.128807074485606
0.14,0.08,0.140402724691725,0.0788481093993805,0.000402724691724504,-0.00115189060061949,0.0012202619116895,-0.0286214825299135,0.0106170734655234,-0.0823789088942896,0.0878532734365489
0.14,0.095,0.139078629869687,0.0947531159882963,-0.000921370130312571,-0.000246884011703696,0.000953873488606909,-0.0873131525400826,-0.0172371796670299,-0.0265412886359265,0.0928716795293778
0.14,0.11,0.138055497517513,0.110693079738308,-0.00194450248248675,0.0006930797383079,0.00206432783928572,-0.159656175381118,-0.0452133652331507,0.0263769318488772,0.168018170144044
0.14,0.125,0.137436365768175,0.126592278170224,-0.002563634231825,0.00159227817022384,0.00301787512100092,-0.235412265801367,-0.069568146571332,0.0664224552393849,0.254304366135587
0.14,0.14,0.137252714376718,0.142389983258544,-0.00274728562328214,0.00238998325854395,0.00364137313001745,-0.306491427762944,-0.0887011218022465,0.0888414790970051,0.331206881239858
0.14,0.155,0.137478596024465,0.158040535220196,-0.00252140397553458,0.00304053522019615,0.00394997878894239,-0.366823017177656,-0.102362723130977,0.0929068724949467,0.392007065520309
0.14,0.17,0.138045315818279,0.173512270592279,-0.00195468418172078,0.00351227059227865,0.00401955656306201,-0.412129423128076,-0.11101543251468,0.0808152384133818,0.434404298302989
0.14,0.185,0.138855106767817,0.188785630451184,-0.00114489323218343,0.00378563045118385,0.00395496882744098,-0.439648101133822,-0.115347585531692,0.0567286144091452,0.458055424052937
0.14,0.2,0.139792732549552,0.203851041422306,-0.000207267450447811,0.00385104142230552,0.00385661507443096,-0.447864122265096,-0.115935125361423,0.0259970294139933,0.463357573568819
0.14,0.215,0.140734857446793,0.218707240184441,0.000734857446792612,0.00370724018444085,0.00377937101277972,-0.436316467060902,-0.113041397651363,-0.0054546555822978,0.450756273639403
0.14,0.23,0.141557986487122,0.233360573791532,0.00155798648712151,0.0033605737915316,0.00370415686795015,-0.405525924724659,-0.106545071401146,-0.0316425602444955,0.420482072165337
0.14,0.245,0.142146404626656,0.247825496635911,0.00214640462665602,0.00282549663591058,0.00354830721061077,-0.357064473013792,-0.0959928422800865,-0.0470407781827873,0.372723742717556
0.14,0.26,0.142401572549862,0.262126100418793,0.00240157254986159,0.00212610041879335,0.00320746842588387,-0.293752856093911,-0.080783243238771,-0.0472005445121577,0.308293356346289
0.14,0.275,0.14225384330494,0.276298180427077,0.00225384330493951,0.00129818042707658,0.00260097713647494,-0.219943599384058,-0.0604950980907942,-0.0295451361418788,0.230017020962379
0.14,0.29,0.141676373604666,0.290391169227403,0.00167637360466606,0.000391169227403287,0.00172140693239233,-0.141828852871721,-0.0353750224960235,0.00563424615697518,0.146282507762899
0.14,0.305,0.140700109231304,0.304469315510044,0.000700109231304341,-0.000530684489955857,0.000878509512547965,-0.0677108801162556,-0.00699372295645756,0.0540095874805667,0.0868948354869788
0.14,0.32,0.139428132950404,0.318611736107109,-0.000571867049595526,-0.0013882638928906,0.00150143549935282,-0.00818759145095801,0.0209227729706935,0.105943009568009,0.108299232919708
0.14,0.335,0.138047731442699,0.332911339650377,-0.00195226855730091,-0.00208866034962291,0.00285899537878477,0.0237690375171222,0.0414727539207592,0.145194858240207,0.15286110421503
0.14,0.35,0.136839267379754,0.347472991783209,-0.00316073262024621,-0.00252700821679136,0.00404672722387111,0.0128367749851682,0.043324119730243,0.147688763897433,0.154446584841812
0.16,0.05,0.162621094294998,0.0474437421796732,0.00262109429499804,-0.00255625782032676,0.00366122784694602,0.0157718225950606,0.0430357799520951,-0.141739006778173,0.14896572520279
0.16,0.065,0.161909786404437,0.0627350790515614,0.00190978640443734,-0.00226492094843861,0.00296262569577221,0.0647786549615774,0.0599944318629325,-0.169030502614804,0.190701207076696
0.16,0.08,0.160857342304152,0.0783323908174317,0.000857342304152381,-0.00166760918256831,0.00187508832119329,0.0638925301912019,0.0508304025464289,-0.149011346154432,0.169912882616487
0.16,0.095,0.159766823400889,0.0941195718119132,-0.000233176599111401,-0.000880428188086813,0.000910782696778429,0.0289852943740363,0.0285613587789737,-0.106063660465191,0.11360194895588
0.16,0.11,0.15884875251445,0.109993287684593,-0.00115124748554993,-6.71231540733119e-06,0.00115126705336475,-0.0261914743052203,0.00175233986546048,-0.0574959617144591,0.0632048260852782
0.16,0.125,0.158230390206895,0.12586469309643,-0.00176960979310539,0.000864693096429781,0.00196957177347459,-0.0901149403132058,-0.0243197623170919,-0.0145000214375798,0.0944584879785765
0.16,0.14,0.157966934093136,0.141660711139064,-0.00203306590686353,0.00166071113906369,0.00262513208602177,-0.153496860862928,-0.0467251434722124,0.0168086650213216,0.161329085237687
0.16,0.155,0.158054406811562,0.157324440908478,-0.00194559318843793,0.00232444090847772,0.00303123050787973,-0.209185745514816,-0.0641099325563008,0.034329319541935,0.221466301779006
0.16,0.17,0.158443300927274,0.17281457897423,-0.00155669907272594,0.00281457897423049,0.00321639033781756,-0.251983724530739,-0.0760738565146116,0.0389610842355537,0.266084803034934
0.16,0.185,0.159051826834186,0.188104080506997,-0.000948173165813884,0.0031040805069969,0.00324566605587938,-0.278417482020233,-0.082690267888193,0.0336917199689929,0.292385519842964
0.16,0.2,0.159777898913533,0.203178543774628,-0.000222101086466581,0.00317854377462828,0.00318629399457079,-0.286516451595888,-0.0841654355635362,0.0228176290392406,0.299493482409063
0.16,0.215,0.160509646217112,0.218034892789471,0.000509646217111529,0.00303489278947111,0.00307738744882731,-0.275652562265178,-0.0806331843119077,0.0112835548073153,0.287425707539331
0.16,0.23,0.161134956918458,0.232680825326042,0.00113495691845823,0.00268082532604164,0.00291117701892249,-0.246482878776975,-0.0720812325264779,0.00409250698786817,0.256839196173556
0.16,0.245,0.161551044209552,0.247135223383112,0.0015510442095523,0.00213522338311217,0.00263911292592316,-0.20101253413403,-0.0584087380229681,0.00571257458824034,0.209404636710296
0.16,0.26,0.161675041504143,0.261429382955999,0.00167504150414341,0.00142938295599865,0.0022020217245755,-0.142766841266754,-0.0396192769189104,0.0194052556234305,0.149427690440955
0.16,0.275,0.161456175918462,0.275608627371537,0.00145617591846174,0.000608627371537163,0.00157825079847663,-0.0770361233009852,-0.0161569995315745,0.04642036128988,0.0913808767743428
0.16,0.29,0.160889316152153,0.28973372628374,0.000889316152153041,-0.000266273716260146,0.000928323709947818,-0.0111415334479245,0.0106055317281911,0.0850386268359668,0.086418635382737
0.16,0.305,0.160028962839736,0.303881602209819,2.89628397357466e-05,-0.00111839779018125,0.00111877274867055,0.0453311603266491,0.0377196584999469,0.129482878603605,0.142279699841729
0.16,0.32,0.159002368037552,0.318145049815617,-0.000997631962448259,-0.00185495018438331,0.00210620742545506,0.0803706181085783,0.0598409138288922,0.168749281636627,0.196256793348348
0.16,0.335,0.15802062741002,0.332631539354002,-0.00197937258997971,-0.00236846064599794,0.00308666837894905,0.0794718129701251,0.0682086599440248,0.185423493756789,0.212955663442854
0.16,0.35,0.157387271541072,0.34746151568478,-0.00261272845892802,-0.00253848431521964,0.00364283579354168,0.0256601459648653,0.0493593527357788,0.154542814295986,0.16425068864154
0.18,0.05,0.181446206604899,0.0479163662061946,0.00144620660489858,-0.00208363379380544,0.00253634448187551,0.00233617835086666,0.0341244494556584,-0.122885469816114,0.127556972336001
0.18,0.065,0.181462238704611,0.0627892382861515,0.0014622387046106,-0.00221076171384849,0.00265058661142766,0.105552437761216,0.0802874781843905,-0.188399578921443,0.230395028449622
0.18,0.08,0.180933060204564,0.0780653913775255,0.00093306020456399,-0.00193460862247447,0.00214786216212623,0.14873936459616,0.0907908483446759,-0.195971453562615,0.262242840495616
0.18,0.095,0.180188104080373,0.0936135166682718,0.000188104080373369,-0.00138648333172825,0.00139918518224479,0.148945535252985,0.0807676196373486,-0.170558582981122,0.240413177433258
0.18,0.11,0.179464184194846,0.109316260401187,-0.000535815805154063,-0.000683739598812738,0.000868676243509342,0.121085584564681,0.0606387728003435,-0.13040623479213,0.188001588667877
0.18,0.125,0.178914960565549,0.125071576261899,-0.00108503943445067,7.15762618991866e-05,0.00108739768970717,0.0778148353863757,0.0373129614044994,-0.0879030960053732,0.123184275897744
0.18,0.14,0.178621575848668,0.140793971309734,-0.00137842415133159,0.000793971309733854,0.00159073680464579,0.0295009645932449,0.0151320294045773,-0.050516340848301,0.0604250465939802
0.18,0.155,0.178604620323989,0.156415178056586,-0.00139537967601147,0.00141517805658559,0.00198741373952865,-0.0157132489165008,-0.00336950592239286,-0.0217524785710543,0.0270449644060528
0.18,0.17,0.178836932704391,0.17188406312819,-0.0011630672956091,0.00188406312818973,0.00221414078258803,-0.0517740939242683,-0.0168574758344538,-0.00209132600262866,0.0544894958869027
0.18,0.185,0.179256461689132,0.187165884227892,-0.000743538310868094,0.00216588422789238,0.00228995714116259,-0.0745412559686869,-0.0247297260124523,0.010149546698524,0.079189472071758
0.18,0.2,0.179778533885334,0.202241245229268,-0.00022146611466586,0.00224124522926827,0.00225216061098293,-0.0816160877118594,-0.0267814577099272,0.0180409547102468,0.087771919224274
0.18,0.215,0.18030729304586,0.217105198296865,0.000307293045860278,0.0021051982968649,0.0021275076698233,-0.0722183407103938,-0.0230023672012771,0.0253511306627483,0.0799204510315979
0.18,0.23,0.180746577017512,0.231766869830262,0.000746577017511657,0.00176686983026192,0.00191812571020942,-0.0471453452745907,-0.0135050356978306,0.0359024374820122,0.0607787375189093
0.18,0.245,0.181010838560628,0.246249771894197,0.00101083856062795,0.00124977189419667,0.00160739677216807,-0.00882812960419307,0.00141433617789932,0.0529231245635269,0.0536730243603272
0.18,0.26,0.18103672721372,0.260592682834323,0.00103672721372042,0.000592682834323011,0.00119418434831883,0.0385243345271165,0.0210796748556551,0.0783398651382238,0.0898087588414136
0.18,0.275,0.180795615422673,0.274850744503921,0.000795615422673479,-0.000149255496078748,0.000809494350755836,0.0887222801067832,0.0440982518989504,0.111971507286881,0.149512306978042
0.18,0.29,0.180306818396056,0.289096319396085,0.000306818396055938,-0.000903680603915213,0.000954345934161666,0.133375726575899,0.0678766948774857,0.15061053903473,0.212320315095604
0.18,0.305,0.179650770534893,0.303419222198326,-0.000349229465106821,-0.00158077780167387,0.00161889458506837,0.161701808692968,0.0879794442164054,0.187007607809321,0.262411553260544
0.18,0.32,0.178981224786631,0.317926167176463,-0.00101877521336866,-0.00207383282353651,0.00231055956758353,0.160392932374415,0.0973091419431449,0.208797276149139,0.280698097568166
0.18,0.335,0.17853577218543,0.33273958255718,-0.00146422781457028,-0.00226041744281985,0.0026932229964794,0.113564773233782,0.085065751187683,0.197414902277359,0.24311699255228
0.18,0.35,0.178644618102931,0.34799624254824,-0.00135538189706866,-0.00200375745175962,0.00241911223641725,0.00279039413724784,0.0354001028900362,0.127057237954798,0.13192612701988
0.2,0.05,0.199299977117159,0.0493006736714305,-0.000700022882841461,-0.000699326328569505,0.000989489439222154,-0.0676166432189604,-0.006812519362241,-0.0654893610010497,0.0943783835231477
0.2,0.065,0.200248218076848,0.0635684628128015,0.000248218076847662,-0.00143153718719846,0.00145289742652606,0.102534773939832,0.0797182521612956,-0.174714711199065,0.217700865692906
0.2,0.08,0.200414376418836,0.0783578692176962,0.000414376418835988,-0.0016421307823038,0.00169360601164409,0.20196919844728,0.119439985110588,-0.215222302107358,0.318399697521187
0.2,0.095,0.200158857170638,0.0935211080529067,0.000158857170638405,-0.00147889194709333,0.00148739940562068,0.248634651906048,0.12979782648388,-0.212420740339247,0.351837499148317
0.2,0.11,0.199748107818508,0.108926203952643,-0.000251892181492075,-0.0010737960473568,0.0011029449770573,0.25838298499217,0.123202420013665,-0.185397136785562,0.341046983540374
0.2,0.125,0.199364864209686,0.124457741835225,-0.000635135790314365,-0.000542258164774712,0.000835129564440806,0.244812768687525,0.108284395151473,-0.147668057960044,0.305720262724549
0.2,0.14,0.199118742163338,0.140017891958542,-0.000881257836662097,1.78919585421822e-05,0.000881439445939898,0.219210886486839,0.0908619983441074,-0.108015123062327,0.260723415917596
0.2,0.155,0.199057694180747,0.155527206584638,-0.000942305819252552,0.000527206584637729,0.00107976249234848,0.190577122994714,0.0747012223461493,-0.0713543891841276,0.216775038550741
0.2,0.17,0.199180236108385,0.170924923225747,-0.000819763891615331,0.000924923225746499,0.00123591901495269,0.165712214559427,0.0621130177711129,-0.0395964338535772,0.181346271145044
0.2,0.185,0.199448017811763,0.186168767924239,-0.00055198218823746,0.00116876792423876,0.00129255668999885,0.14934084102962,0.0544095911669831,-0.0124643414685227,0.159431698917076
0.2,0.2,0.199798292604673,0.201234464286004,-0.000201707395327209,0.00123446428600432,0.00125083489987682,0.14423421577519,0.0522290189631161,0.0117466705848447,0.153848555124775
0.2,0.215,0.20015606218066,0.216115256823075,0.00015606218065968,0.00111525682307467,0.00112612307748615,0.151296944548774,0.05573109770363,0.0354634961392494,0.165089064130791
0.2,0.23,0.200445982552901,0.230821721637903,0.000445982552900535,0.000821721637902728,0.000934947532051516,0.169591261579896,0.0646644307524089,0.0611592147129611,0.191528505218326
0.2,0.245,0.200604333883821,0.245381983887724,0.000604333883821181,0.000381983887724036,0.000714934356158075,0.196287048851959,0.0783031214808432,0.0906705678982708,0.229959142566102
0.2,0.26,0.200591359395383,0.259842255591073,0.000591359395383254,-0.000157744408926797,0.000612036953995191,0.226544299827856,0.0952500514997161,0.124471171133892,0.275477967772395
0.2,0.275,0.200404053970847,0.274267435781607,0.000404053970846641,-0.000732564218393517,0.000836606206902293,0.253350961669714,0.113101930354275,0.160873069209246,0.320716649705717
0.2,0.29,0.200089140166564,0.288741452654559,8.91401665640279e-05,-0.00125854734544062,0.00126170019814958,0.267349110539348,0.127967973833638,0.195147627474361,0.354872298623683
0.2,0.305,0.199755690012308,0.303367108214645,-0.000244309987691538,-0.00163289178535486,0.00165106721630745,0.25668403322393,0.133826824471749,0.218577475111747,0.36272973951854
0.2,0.32,0.19958681032877,0.31826539128237,-0.000413189671229913,-0.00173460871762998,0.00178314135942415,0.206905043931622,0.121691466794114,0.21746867631851,0.323900316251129
0.2,0.335,0.199850101396438,0.333574493786006,-0.00014989860356221,-0.00142550621399434,0.00143336581425901,0.100938278097785,0.07852498200992,0.172164127012337,0.214465030062839
0.2,0.35,0.200907205496704,0.349449023568327,0.000907205496703839,-0.0005509764316729,0.00106141266315635,-0.0808518623493675,-0.0141929046886501,0.0561093325626988,0.0994319962109227
