target_x,target_y,gaze_x,gaze_y,error_px_x,error_px_y,error_px_xy,error_deg_x,error_deg_y,error_deg_z,error_deg_xyz
-0.2,0.05,-0.201570220723141,0.0509239778646395,-0.00157022072314081,0.000923977864639478,0.00182190236119408,0.139645537517815,-0.025291006486968,-0.0944820238148506,0.170491599292222
-0.2,0.065,-0.199845893254681,0.0667371396764789,0.000154106745319127,0.00173713967647894,0.00174396191029226,-0.0968349026300613,0.0870104319283748,-0.213454755175407,0.250021689725222
-0.2,0.08,-0.199175126130056,0.0819134653745045,0.000824873869944037,0.00191346537450447,0.00208369062980664,-0.238835696122949,0.140653811629137,-0.252716143442216,0.375089237509861
-0.2,0.095,-0.199106571161599,0.0966436892388117,0.000893428838401489,0.00164368923881168,0.00187080982546938,-0.311215058655784,0.158039782067224,-0.243999286831706,0.425873070805951
-0.2,0.11,-0.199314892926923,0.111091151961027,0.000685107073076563,0.00109115196102656,0.00128840378128584,-0.335081015178549,0.15455858185174,-0.210256087522407,0.424707063989315
-0.2,0.125,-0.199580626584348,0.125394134431528,0.000419373415652291,0.000394134431528234,0.000575513693904805,-0.327934857264169,0.140572664719238,-0.16702808068986,0.393955499854714
-0.2,0.14,-0.199772207115097,0.139667113380496,0.000227792884903072,-0.000332886619503911,0.000403364723119419,-0.303870776654474,0.122859200929042,-0.123810812173066,0.350373132425249
-0.2,0.155,-0.199828984519705,0.154001708361768,0.00017101548029521,-0.000998291638232465,0.00101283389036182,-0.273825668221151,0.105687389118124,-0.085367544747816,0.305676561284514
-0.2,0.17,-0.199744955204009,0.168467713071606,0.00025504479599104,-0.00153228692839384,0.00155336765734605,-0.245865037107133,0.0916276893099145,-0.0529541855508241,0.267674290891382
-0.2,0.185,-0.199553378797232,0.183114272826606,0.000446621202767773,-0.00188572717339415,0.00193789511358041,-0.225475954114676,0.082143793435377,-0.02542666179141,0.241316410337002
-0.2,0.2,-0.199312480579459,0.197971037235306,0.000687519420541289,-0.00202896276469401,0.00214228216025252,-0.215828399179231,0.0779940223630544,-0.000220664518827609,0.229488745949413
-0.2,0.215,-0.199092209205946,0.213049025577355,0.000907790794054203,-0.00195097442264512,0.00215183301480041,-0.217968350105401,0.0794582385308147,0.025782204960122,0.233427956289823
-0.2,0.23,-0.198961723236225,0.228340996638478,0.00103827676377466,-0.00165900336152162,0.00195711798104622,-0.230920193375108,0.0864026264763469,0.0554669110945919,0.252717690989563
-0.2,0.245,-0.198977098228876,0.243821273146093,0.00102290177112441,-0.00117872685390695,0.00156068095057601,-0.251698258081387,0.0981936567071258,0.0907315031297894,0.285002421886187
-0.2,0.26,-0.199168776593425,0.259445157745189,0.000831223406575182,-0.00055484225481113,0.000999390954212789,-0.27525057183986,0.113472166915695,0.13172878402144,0.325563461831611
-0.2,0.275,-0.199528506878068,0.275148209390671,0.000471493121931996,0.000148209390670936,0.000494238593709789,-0.294375229665332,0.129797681383311,0.176083413979727,0.366756106830525
-0.2,0.29,-0.199995815815455,0.29084566443768,4.18418454475877e-06,0.000845664437679874,0.000845674788885611,-0.299656231591159,0.143170430358832,0.218090620549286,0.397310685206698
-0.2,0.305,-0.200444252553178,0.306432165465785,-0.000444252553178232,0.00143216546578452,0.00149948599606371,-0.279460458796756,0.147431717055879,0.247926643025487,0.401624874751162
-0.2,0.32,-0.200667584333796,0.321781727998347,-0.000667584333796128,0.00178172799834715,0.00190268849337567,-0.220024144833432,0.133529469737459,0.250916237427335,0.359444189745362
-0.2,0.335,-0.200365719317037,0.336747585006943,-0.000365719317036994,0.00174758500694273,0.00178544223523054,-0.105642769725438,0.0886127920263853,0.206907508929623,0.248643190099408
-0.2,0.35,-0.199129376057151,0.351161256808745,0.000870623942849424,0.00116125680874478,0.00145137983509445,0.0810282913843176,-0.00511316159670747,0.0898046150261728,0.121064457043531
-0.18,0.05,-0.178655487932663,0.0524573437185331,0.00134451206733716,0.00245734371853309,0.00280111600085203,-0.000921841126520324,0.0423486738654632,-0.155071029231598,0.160752297113031
-0.18,0.065,-0.178082649331151,0.0675713853956362,0.00191735066884927,0.00257138539563623,0.00320753120643089,-0.151359007917713,0.103488609218921,-0.223010082774645,0.288709395242249
-0.18,0.08,-0.178264366438874,0.0821993012988094,0.0017356335611258,0.00219930129880944,0.00280166915631577,-0.222664905408738,0.120999339311635,-0.225529243498239,0.339240734716998
-0.18,0.095,-0.178797101913799,0.0965053333008166,0.00120289808620078,0.00150533330081662,0.00192691259592462,-0.237774204296343,0.113702182840153,-0.193189908815111,0.326783397611179
-0.18,0.11,-0.179397344285018,0.11063083635409,0.000602655714982372,0.000630836354089864,0.000872438202076403,-0.216022119106609,0.0941067021314297,-0.147439673511635,0.277957256029435
-0.18,0.125,-0.179883728466092,0.124695270423282,0.00011627153390821,-0.000304729576718343,0.000326158220077785,-0.173290108789301,0.0702144272984972,-0.102090917505996,0.213030831862864
-0.18,0.14,-0.180159917383463,0.13879675953698,-0.000159917383463451,-0.00120324046302045,0.00121382090169162,-0.122209681110374,0.0468667669269878,-0.0647878711784348,0.146045129327134
-0.18,0.155,-0.180197682746737,0.153012860873273,-0.000197682746736857,-0.00198713912672652,0.00199694776529704,-0.0724330867819188,0.0267800942384497,-0.0384173527815935,0.0862532312869489
-0.18,0.17,-0.180020483963105,0.16740179482945,-2.04839631053125e-05,-0.00259820517054965,0.00259828591594833,-0.0309572892085055,0.0113393337025708,-0.0224119371303192,0.0398651380716766
-0.18,0.185,-0.179688157811618,0.182004028134375,0.000311842188382212,-0.00299597186562528,0.00301215752743332,-0.00246315322655167,0.00118345130645622,-0.0139029901396587,0.01416900903408
-0.18,0.2,-0.179283158534395,0.19684385650334,0.000716841465604655,-0.00315614349666049,0.00323652644950146,0.0103824378386965,-0.00339968085520082,-0.00870753325476868,0.0139704682001324
-0.18,0.215,-0.178898317079781,0.211930560284762,0.00110168292021858,-0.00306943971523774,0.00326116013439697,0.00671153288815549,-0.00225615289202622,-0.00216874236302233,0.00740529154820197
-0.18,0.23,-0.178625583327078,0.22725881333356,0.00137441667292239,-0.00274118666644046,0.00306645161890385,-0.0126415080217999,0.00468544116012935,0.0100985352535548,0.0168446281884643
-0.18,0.245,-0.178544919688756,0.242808260913897,0.00145508031124442,-0.00219173908610287,0.00263077534839488,-0.0451160790149122,0.0173111481774203,0.0314908647290589,0.0576785166131571
-0.18,0.26,-0.178712560175716,0.258542453484811,0.00128743982428356,-0.00145754651518937,0.00194472186831227,-0.0863094195552905,0.0350748841110341,0.0636690107800983,0.112841971125355
-0.18,0.275,-0.179148209784301,0.274407526590563,0.000851790215698575,-0.000592473409437383,0.0010375795451194,-0.129820195267514,0.0566176461257751,0.105748867157278,0.176753185643964
-0.18,0.29,-0.179821266505911,0.290331074436374,0.000178733494088909,0.000331074436374007,0.000376239211579012,-0.167111648106122,0.0792621947738131,0.153436340533837,0.240315612715831
-0.18,0.305,-0.180636561172365,0.306221548170442,-0.000636561172365102,0.00122154817044179,0.00137745782471643,-0.18744717612759,0.0983896702472485,0.198146395723749,0.28996404025353
-0.18,0.32,-0.181420208680648,0.321968249063317,-0.00142020868064768,0.00196824906331652,0.00242713762935549,-0.177932107257478,0.106694572655092,0.226167128164256,0.306912628807466
-0.18,0.335,-0.181905826972145,0.3374416529552,-0.00190582697214481,0.00244165295519963,0.00309739335593491,-0.123672693893459,0.0932932118687699,0.217932798829667,0.267382484749561
-0.18,0.35,-0.181720610973615,0.35249347576685,-0.00172061097361473,0.00249347576685041,0.00302950879226215,-0.0080473259953313,0.0426260959801769,0.147460626768845,0.153708796531225
-0.16,0.05,-0.156984453797362,0.0529471381723122,0.00301554620263814,0.00294713817231219,0.0042165320237068,-0.0614738219390865,0.0633870378459274,-0.168088935731187,0.189870668240295
-0.16,0.065,-0.157300818783611,0.0675928091766349,0.00269918121638946,0.00259280917663492,0.00374275816281949,-0.143527720375734,0.0884563672056126,-0.192765741999822,0.256092709560275
-0.16,0.08,-0.158120170282917,0.0818723996635576,0.00187982971708303,0.00187239966355757,0.00265323204136369,-0.160394682149801,0.0822450776100041,-0.165647612867717,0.244805902042571
-0.16,0.095,-0.159078076822037,0.0959272478331718,0.000921923177963108,0.000927247833171788,0.00130756678230497,-0.132893548182568,0.0605003402233631,-0.116086235836189,0.186539623687151
-0.16,0.11,-0.15992669927154,0.109878899853543,7.33007284595272e-05,-0.000121100146457193,0.000141556498489652,-0.078446716371911,0.0331910979816,-0.0640119468330114,0.106550780870748
-0.16,0.125,-0.160518112031341,0.123829225804599,-0.000518112031341389,-0.0011707741954005,0.00128029383097646,-0.0112049417898185,0.00618698860864481,-0.0215094847187314,0.0250297321647912
-0.16,0.14,-0.160787199148352,0.137860622498729,-0.000787199148351736,-0.0021393775012709,0.00227960930690103,0.057754123042139,-0.0174462183010744,0.00560513985097091,0.0605914779214313
-0.16,0.155,-0.160734168962652,0.152036852697988,-0.000734168962652167,-0.00296314730201175,0.00305274401140044,0.120136256995818,-0.0364254463491297,0.0162633216676252,0.126586079552259
-0.16,0.17,-0.160407574121178,0.166404649898408,-0.00040757412117761,-0.00359535010159232,0.00361837795390056,0.170066582577525,-0.0504573331374204,0.0127516956652986,0.17785166886313
-0.16,0.185,-0.159888910042694,0.180995826674968,0.000111089957306219,-0.00400417332503163,0.0040057140431525,0.20370034391131,-0.0596545699582254,-0.000488029982315859,0.212256419275664
-0.16,0.2,-0.159279459846183,0.195829365311568,0.000720540153816566,-0.00417063468843214,0.00423241914484086,0.218875942763417,-0.0641486895857406,-0.0178425121845091,0.228779713870592
-0.16,0.215,-0.158689304394548,0.210912913203702,0.00131069560545169,-0.0040870867962977,0.0042921092076765,0.214874602433754,-0.0638846805240344,-0.0333205020614241,0.226633338239662
-0.16,0.23,-0.158227669172374,0.226243260057643,0.00177233082762648,-0.00375673994235727,0.00415382372724911,0.192327596620076,-0.0585820716048962,-0.0412295039363414,0.205235670798747
-0.16,0.245,-0.157993351698933,0.241805678987934,0.00200664830106681,-0.00319432101206553,0.00377231018505871,0.153275470341601,-0.0478500221747706,-0.0368301998661924,0.164740634783514
-0.16,0.26,-0.158064034848763,0.257572361459644,0.00193596515123662,-0.00242763854035639,0.00310505876746743,0.1013452069251,-0.0314482137528972,-0.0170538513567752,0.107474082221867
-0.16,0.275,-0.158483809512401,0.273500446908153,0.00151619048759909,-0.00149955309184693,0.00213248518633862,0.0419823376362325,-0.00968735422304612,0.0186699317527666,0.0469566606728077
-0.16,0.29,-0.159248985808116,0.289530248272078,0.000751014191883684,-0.000469751727921935,0.000885826733789598,-0.0173363247912843,0.0160384642126174,0.0674800719811505,0.0714936449631653
-0.16,0.305,-0.160292945726862,0.305584167181949,-0.00029294572686242,0.000584167181949272,0.000653504778370828,-0.0669749067300782,0.0425974797719533,0.12209912332065,0.145631008878872
-0.16,0.32,-0.161471081962906,0.3215665073575,-0.00147108196290616,0.00156650735750047,0.00214895961867387,-0.0951367180395924,0.0643501790241443,0.169879024747049,0.205063084432981
-0.16,0.335,-0.162546607357055,0.337364016088202,-0.00254660735705453,0.00236401608820172,0.00347473467998361,-0.087998832360121,0.0722525388699178,0.191962262942164,0.223190047389642
-0.16,0.35,-0.163177213132189,0.352846613820678,-0.00317721313218922,0.00284661382067804,0.00426589891247212,-0.0299683039940057,0.0527870378266605,0.162624236480586,0.173583512881738
-0.14,0.05,-0.136185402528973,0.0528367110179672,0.00381459747102691,0.00283671101796716,0.00475374413125288,-0.0726047493316981,0.0577134782817868,-0.144862115169964,0.172009737616435
-0.14,0.065,-0.137183187131869,0.0672012907512159,0.00281681286813149,0.00220129075121589,0.00357492876928474,-0.103306582593368,0.0587873416577056,-0.133576869021779,0.17880438314227
-0.14,0.08,-0.138472116797109,0.0812958245330453,0.00152788320289121,0.0012958245330453,0.00200339419538921,-0.081272527892545,0.0387033330525812,-0.0832062188196497,0.122582430886831
-0.14,0.095,-0.139720592903221,0.095240856823865,0.000279407096779344,0.000240856823864974,0.000368890682090216,-0.0250571947827025,0.0105480963512117,-0.0219008035663361,0.034910894874746
-0.14,0.11,-0.140711906291378,0.109139412046546,-0.000711906291377504,-0.000860587953453756,0.00111688056359335,0.0499382887955465,-0.0179678565486555,0.0319081186283473,0.0619258020822661
-0.14,0.125,-0.141327957741414,0.123076579286195,-0.00132795774141413,-0.00192342071380457,0.00233731020732683,0.131372743610445,-0.0429061221486552,0.0678370059660197,0.153953261481747
-0.14,0.14,-0.141531527331253,0.137119588940019,-0.00153152733125292,-0.00288041105998105,0.00326226054153187,0.209776392897717,-0.0628217287214237,0.0818511729667624,0.233778516879063
-0.14,0.155,-0.14134774410224,0.151318853851376,-0.0013477441022396,-0.00368114614862354,0.00392010856133444,0.278245421381554,-0.077735342476526,0.0746166924043486,0.298380880735361
-0.14,0.17,-0.140846253716118,0.165710000576914,-0.000846253716118232,-0.00428999942308576,0.00437266971107127,0.33204104177327,-0.0883343112535565,0.050007279082222,0.347210744159625
-0.14,0.185,-0.14012563200421,0.180316500075379,-0.000125632004210355,-0.00468349992462132,0.00468518462223313,0.368153618590549,-0.0953943308116296,0.0138552290588159,0.380564928846064
-0.14,0.2,-0.139300929381262,0.195152240012169,0.000699070618737897,-0.0048477599878307,0.00489790533081182,0.384913546024227,-0.0994077079100144,-0.0270177756831962,0.398460701212572
-0.14,0.215,-0.138494173810685,0.210223340661887,0.00150582618931531,-0.00477665933811289,0.00500839165249773,0.381726615519888,-0.100395928034335,-0.0655258211020383,0.400111028546819
-0.14,0.23,-0.137826647126776,0.225528708879897,0.00217335287322452,-0.0044712911201029,0.00497150952852997,0.358983800434018,-0.0978836747512605,-0.0948987071604308,0.384001171003358
-0.14,0.245,-0.137411175088697,0.241059182553344,0.00258882491130315,-0.00394081744665581,0.00471508818255296,0.318152352267184,-0.09101958797077,-0.109246621766922,0.348483404746202
-0.14,0.26,-0.137342746804941,0.256795524766467,0.0026572531950588,-0.00320447523353333,0.00416289034986254,0.262009636853367,-0.0788399168160157,-0.104227539802221,0.292794038366918
-0.14,0.275,-0.137686466086572,0.272705852932145,0.00231353391342788,-0.00229414706785519,0.0032581513067274,0.194946419696865,-0.0606771319467182,-0.0778848876404131,0.218522160208419
-0.14,0.29,-0.138462867206509,0.288743228701711,0.00153713279349149,-0.00125677129828876,0.00198551034271528,0.123252012768365,-0.0367126104026198,-0.0316521583381871,0.132441463865571
-0.14,0.305,-0.139631598284173,0.304844042272044,0.000368401715826694,-0.00015595772795636,0.000400053292866541,0.0553031882355298,-0.00866377331372218,0.0285453128695979,0.0628358088971603
-0.14,0.32,-0.141074995924397,0.3209275260928,-0.00107499592439719,0.000927526092799946,0.00141983128937748,0.00160776158085512,0.0194091438477382,0.0912011793672407,0.0932574758359367
-0.14,0.335,-0.142582909492541,0.336896318865422,-0.00258290949254078,0.00189631886542192,0.00320428567484429,-0.0253084415092353,0.0401818749382474,0.138264091513125,0.146191897452429
-0.14,0.35,-0.143839279439285,0.352637590325617,-0.0038392794392853,0.00263759032561667,0.00465799842622403,-0.0111494729506987,0.0420032697378023,0.144382249559755,0.150780743214764
-0.12,0.05,-0.115968040596731,0.0524271822891927,0.00403195940326853,0.00242718228919268,0.00470615665852468,-0.0588973542778865,0.0390978571806521,-0.0967274196260529,0.119807093753097
-0.12,0.065,-0.117481470391519,0.0666615898169468,0.00251852960848079,0.00166158981694678,0.00301726235328909,-0.0541033892216952,0.0255363957878933,-0.0561973888354303,0.0820818609574126
-0.12,0.08,-0.119108957614462,0.080702329497911,0.000891042385537777,0.00070232949791102,0.00113455861746355,-0.00750363562794706,-0.000949518996990023,0.0118473280394852,0.0140557930103046
-0.12,0.095,-0.120546889691406,0.094650385061182,-0.000546889691405567,-0.000349614938817994,0.000649090856514237,0.0647369871814161,-0.0295805871005074,0.0804119602308742,0.107387035370224
-0.12,0.11,-0.121605968434302,0.108591122780648,-0.00160596843430205,-0.00140887721935162,0.00213636832760237,0.149321929518675,-0.0546509983166057,0.132514130883557,0.206987467573854
-0.12,0.125,-0.122194748300267,0.122593609864111,-0.00219474830026711,-0.00240639013588935,0.00325693622713601,0.235762439852792,-0.0739564298615916,0.159413593083871,0.294051636641604
-0.12,0.14,-0.122300827455253,0.136710707523336,-0.00230082745525277,-0.00328929247666371,0.00401413153445193,0.316202232792836,-0.0875042629501041,0.158778961731758,0.364488758096143
-0.12,0.155,-0.12197095127684,0.150980341586672,-0.00197095127683976,-0.00401965841332846,0.00447686304185404,0.385103839646896,-0.0964666534287151,0.13289807078622,0.418656732409268
-0.12,0.17,-0.121292146312004,0.165427894200855,-0.00129214631200353,-0.00457210579914458,0.00475118864392857,0.438822579086843,-0.102376558916202,0.0870735135005329,0.458943502698019
-0.12,0.185,-0.120375907895959,0.180069235341979,-0.000375907895958896,-0.0049307646580211,0.00494507298824134,0.47513766578495,-0.106564648534979,0.0283235492380465,0.487765810691559
-0.12,0.2,-0.119346527693202,0.194913648598833,0.000653472306797513,-0.0050863514011668,0.00512815723548944,0.492833003087125,-0.109815640199978,-0.0355628723784941,0.506172132778949
-0.12,0.215,-0.118333268160776,0.20996588020931,0.00166673183922416,-0.00503411979068956,0.00530286310316378,0.491415343217557,-0.112207875132749,-0.0966630492879733,0.513249601465947
-0.12,0.23,-0.117464802847344,0.225226755932228,0.00253519715265625,-0.00477324406777231,0.00540472788707812,0.471026578556658,-0.113101474219968,-0.147378598552995,0.50633990663021
-0.12,0.245,-0.116863614443209,0.240692196426032,0.0031363855567909,-0.00430780357396826,0.0053286101370564,0.43255940962288,-0.111256964757605,-0.180885306220844,0.481878218857365
-0.12,0.26,-0.1166381263931,0.256350900679906,0.00336187360689974,-0.0036490993200938,0.00496166504277325,0.377935266834269,-0.105087149013026,-0.191731126750574,0.436623547628642
-0.12,0.275,-0.116871198607693,0.272181327487171,0.00312880139230651,-0.0028186725128294,0.00421121275728016,0.310464200509345,-0.0930574004344445,-0.176674106106008,0.369136710000803
-0.12,0.29,-0.117604931009657,0.288148777495699,0.00239506899034339,-0.00185122250430088,0.00302710756811424,0.235189337903438,-0.0742462119118892,-0.135759940731395,0.281526989142579
-0.12,0.305,-0.118823007805759,0.304203307317126,0.00117699219424053,-0.000796692682873953,0.00142127754370778,0.159127766772665,-0.0490614721934673,-0.073551192445433,0.182039775865688
-0.12,0.32,-0.120432592653602,0.320278911143074,-0.000432592653602432,0.000278911143073962,0.000514711404266136,0.0913514921057469,-0.0200910574851059,-0.000366312127718913,0.0935354576057047
-0.12,0.335,-0.122247736323489,0.336293974682427,-0.00224773632348924,0.00129397468242734,0.00259358613866897,0.0428951322890501,0.00693465720685009,0.0666180414463891,0.079536446401884
-0.12,0.35,-0.12397535794459,0.352152569402382,-0.00397535794458961,0.00215256940238216,0.00452073288523926,0.026516369617939,0.0220632617289016,0.102508198639106,0.108156551520513
-0.1,0.05,-0.0961068384134683,0.0519123892180754,0.00389316158653175,0.00191238921807541,0.0043375038513248,-0.038544445272664,0.0164047891779137,-0.0345538897360337,0.054302512708571
-0.1,0.065,-0.0980036342978688,0.0661358134561283,0.00199636570213121,0.00113581345612834,0.00229685616087905,-0.0124735724294814,-0.00489776022526317,0.0291552459570784,0.0320874813411071
-0.1,0.08,-0.099868892985414,0.0802253520469502,0.000131107014586046,0.000225352046950233,0.000260715542955011,0.0459749010921115,-0.0325322296691421,0.110157200689615,0.123720056209768
-0.1,0.095,-0.101422847340395,0.0942631711400073,-0.00142284734039508,-0.000736828859992655,0.00160231436459498,0.123137384606291,-0.0577033463503863,0.182532684773734,0.227619728541172
-0.1,0.11,-0.102500136218928,0.108317696695305,-0.0025001362189282,-0.00168230330469467,0.00301344081112989,0.20788142970944,-0.0764594549348701,0.23065837873159,0.319787883164023
-0.1,0.125,-0.103032786273681,0.122442873328164,-0.00303278627368084,-0.00255712667183594,0.00396694963386752,0.291573923206715,-0.088118895650822,0.247336306396107,0.392372453936343
-0.1,0.14,-0.103030070154357,0.136678345440722,-0.00303007015435686,-0.00332165455927792,0.00449607764073264,0.367922556564053,-0.0939499826001802,0.231818366295046,0.444898141527877
-0.1,0.155,-0.102557090665062,0.15105089683996,-0.00255709066506228,-0.00394910316004002,0.00470469217250042,0.432667384563551,-0.0960996916914296,0.187866157583669,0.481384744997479
-0.1,0.17,-0.10171481276065,0.165577037340705,-0.00171481276065025,-0.00442296265929493,0.00474375183684878,0.483151264678248,-0.0967907988943502,0.122029345726172,0.50763810954646
-0.1,0.185,-0.100624021757646,0.180266214561273,-0.00062402175764642,-0.00473378543872721,0.00477473849900933,0.517843040224804,-0.0977869227653976,0.0422969068772944,0.528691505676999
-0.1,0.2,-0.0994144745560968,0.1951238806131,0.00058552544390322,-0.00487611938690019,0.00491114857449476,0.535910690024533,-0.100090810323669,-0.042815986116886,0.546858223763428
-0.1,0.215,-0.0982188149069486,0.210153629816445,0.0017811850930514,-0.00484637018355519,0.00516332492602986,0.536936232771359,-0.103820384058953,-0.12480271420605,0.560943331365902
-0.1,0.23,-0.0971692686127148,0.225357843500502,0.00283073138728517,-0.00464215649949797,0.00543715524449988,0.520832222486927,-0.108212468972944,-0.195483535305394,0.566738540954912
-0.1,0.245,-0.0963942575594505,0.240736662464613,0.00360574244054948,-0.00426333753538696,0.0055836749088946,0.487970944118289,-0.111731676883859,-0.247322163036385,0.558363975971334
-0.1,0.26,-0.0960121570889741,0.256285545751922,0.0039878429110259,-0.00371445424807762,0.0054497762746815,0.439485485351573,-0.11229561683854,-0.273938877886909,0.529907829530713
-0.1,0.275,-0.0961204301813203,0.271992042373752,0.00387956981867968,-0.00300795762624814,0.00490906009937897,0.377660705093796,-0.107648894282253,-0.270939255004162,0.477100919911491
-0.1,0.29,-0.0967799578253049,0.287832593594511,0.00322004217469506,-0.00216740640548946,0.00388153605333914,0.306312879943675,-0.0959158268783659,-0.237062824730048,0.399032395573849
-0.1,0.305,-0.0979959943840277,0.303770136520401,0.00200400561597233,-0.00122986347959915,0.00235129808559025,0.231064804360836,-0.0763374429984084,-0.175544895400178,0.300057602956589
-0.1,0.32,-0.0996982258137332,0.319753004204109,0.000301774186266757,-0.000246995795891242,0.000389967412337122,0.159455307254008,-0.0501677070140388,-0.0955147413349956,0.192525049090766
-0.1,0.335,-0.101722496095952,0.335715195872767,-0.00172249609595229,0.000715195872767332,0.00186507317202149,0.100867473319287,-0.0216894192187645,-0.0132454192621857,0.104019816304282
-0.1,0.35,-0.103795830565614,0.351577651528426,-0.00379583056561356,0.00157765152842582,0.00411063426103447,0.0663028017736505,0.000669710435084901,0.0468795175633304,0.08120468155457
-0.08,0.05,-0.0764293740311931,0.0514056605749258,0.00357062596880686,0.00140566057492578,0.00383734953594517,-0.0234333560750108,-0.00525045679280496,0.0316965030419889,0.0397662902583645
-0.08,0.065,-0.0786044833289258,0.0657091890806078,0.00139551667107421,0.000709189080607769,0.0015653804429912,0.0117038595970572,-0.0296139960426316,0.113202716630278,0.117596041595652
-0.08,0.08,-0.0806317589749401,0.0799245022688665,-0.000631758974940055,-7.54977311335225e-05,0.00063625412362013,0.0712205577961537,-0.055168048208907,0.203328116453762,0.22239214561482
-0.08,0.095,-0.08225134380411,0.0941154425370275,-0.00225134380410999,-0.000884557462972474,0.00241888214462895,0.144054239542749,-0.0747817646849619,0.277110156544499,0.321145208788601
-0.08,0.11,-0.0833181843923191,0.108334199615417,-0.00331818439231912,-0.00166580038458305,0.00371284777262781,0.221273173841041,-0.085991612812312,0.320145028971943,0.398559725826874
-0.08,0.125,-0.0837842851000888,0.122620670485984,-0.0037842851000888,-0.00237932951401584,0.00447012557486039,0.296065367110223,-0.0894035388109179,0.32661996319656,0.449810331017963
-0.08,0.14,-0.0836771815555233,0.137002745855672,-0.00367718155552328,-0.00299725414432847,0.00474396422815084,0.36360151204362,-0.0873326740717961,0.297196860714109,0.47766133504502
-0.08,0.155,-0.083077024952813,0.15149779494586,-0.00307702495281302,-0.0035022050541399,0.00466192265073939,0.420750697455465,-0.0827080664609373,0.236922505696894,0.489903571734646
-0.08,0.17,-0.0820955533712262,0.166115213932483,-0.00209555337122621,-0.00388478606751683,0.00441394457623002,0.465677596552803,-0.0782787475431634,0.153391306186311,0.496501381331511
-0.08,0.185,-0.0808598408703574,0.180859533479785,-0.000859840870357384,-0.00414046652021532,0.00422880471615336,0.497392754445025,-0.0761181897147384,0.055349515633739,0.506220077476042
-0.08,0.2,-0.079502247320053,0.195733360630023,0.000497752679947015,-0.00426663936997712,0.00429557554279205,0.515349515532674,-0.0773752540667316,-0.0481822503168397,0.523350252389277
-0.08,0.215,-0.078156006147291,0.210739423990997,0.00184399385270901,-0.00426057600900279,0.00464250161629684,0.519175704909124,-0.0821935491048107,-0.148336717763511,0.546173262622857
-0.08,0.23,-0.0769540894288324,0.22588119490677,0.00304591057116761,-0.00411880509323029,0.00512270696054052,0.508597973416234,-0.0897316186195643,-0.236572466864657,0.568060593024624
-0.08,0.245,-0.0760279741625825,0.241161909223647,0.00397202583741751,-0.00383809077635258,0.00552339841588809,0.483570858354449,-0.0982563390578282,-0.30484988689519,0.580027076910006
-0.08,0.26,-0.0755030127946172,0.256582217350676,0.0044969872053828,-0.00341778264932369,0.00564837429384727,0.44457341959119,-0.105329891907151,-0.346051221227711,0.573144046878351
-0.08,0.275,-0.0754882501404267,0.272137036158896,0.00451174985957334,-0.00286296384110449,0.00534344914365542,0.392996420216632,-0.10814237708877,-0.35479225402388,0.540389367261457
-0.08,0.29,-0.0760603585760581,0.287812367687805,0.00393964142394194,-0.0021876323121951,0.0045062744792788,0.33152309912593,-0.104041723043039,-0.32863612884743,0.478262771599068
-0.08,0.305,-0.0772432729691879,0.30358282593724,0.00275672703081214,-0.00141717406275954,0.00309966550559391,0.264412394991314,-0.0912806150355171,-0.269584780129814,0.388487576618346
-0.08,0.32,-0.0789864242571045,0.319410374248405,0.00101357574289546,-0.000589625751595019,0.00117260151523442,0.197623293386305,-0.0699550120114242,-0.185636095007607,0.280017116674855
-0.08,0.335,-0.0811447052608783,0.335244391615475,-0.00114470526087834,0.000244391615474515,0.0011705030525363,0.138762774375864,-0.043078965264701,-0.0921824239209586,0.172071282711709
-0.08,0.35,-0.0834623448234313,0.3510227749542,-0.00346234482343127,0.0010227749542005,0.00361024933810411,0.0968827256411582,-0.0177509936360717,-0.0130855434512198,0.0993609290575267
-0.06,0.05,-0.0568073857471812,0.0509612345782367,0.00319261425281878,0.000961234578236658,0.00333418021134122,-0.0196393052835757,-0.0234056848262921,0.0933547885730827,0.0982275282530549
-0.06,0.065,-0.0591778096638503,0.0654111934975064,0.00082219033614972,0.000411193497506401,0.000919280719502773,0.0146271095282097,-0.0480706793673695,0.187949203598351,0.19454994743724
-0.06,0.08,-0.0613118660730244,0.0798068960777192,-0.00131186607302436,-0.000193103922280807,0.00132600215623979,0.0665637376641749,-0.0700830057124092,0.284221499416388,0.30020730467177
-0.06,0.095,-0.0629655670877557,0.0941942414964248,-0.00296556708775567,-0.000805758503575199,0.00307308231553653,0.127794952065897,-0.0836414185942992,0.358005594542002,0.389224902865143
-0.06,0.11,-0.0640101510994494,0.108609895784848,-0.00401015109944941,-0.00139010421515209,0.00424425512538996,0.191606507987727,-0.0874781586734424,0.39592008977382,0.448463182904372
-0.06,0.125,-0.0644136308800536,0.123080875212297,-0.00441363088005356,-0.00191912478770292,0.0048128138854664,0.252945358292547,-0.0832264418258724,0.393314808593362,0.474979815984415
-0.06,0.14,-0.0642180273242692,0.137624920723561,-0.00421802732426918,-0.00237507927643912,0.00484073920777106,0.308309581401527,-0.0740186725017989,0.352027240573943,0.473770006320393
-0.06,0.155,-0.0635151387787467,0.152251873326623,-0.00351513877874668,-0.00274812667337709,0.00446188310545843,0.355510466290501,-0.0633712197519578,0.278157013297284,0.455824552939316
-0.06,0.17,-0.0624245923222523,0.166965926115601,-0.00242459232225233,-0.00303407388439872,0.00388384503618711,0.393331698561941,-0.0544052119765373,0.18012396877962,0.436022148306422
-0.06,0.185,-0.0610774164082332,0.181768324043495,-0.00107741640823322,-0.00323167595650461,0.00340654599331643,0.421147337464756,-0.0493955886334063,0.0672307570118028,0.429331854388039
-0.06,0.2,-0.0596066886904294,0.196659901585153,0.00039331130957057,-0.00334009841484736,0.00336317576214833,0.438578957387344,-0.0495780910166433,-0.0511802669859908,0.444330843135323
-0.06,0.215,-0.0581445827309505,0.211642843373664,0.00185541726904952,-0.00335715662633615,0.00383576248691703,0.445267771454803,-0.0551133215243573,-0.166054422277943,0.478410145614656
-0.06,0.23,-0.0568231350994709,0.22672122073741,0.00317686490052912,-0.00327877926258952,0.00456539856409065,0.440812131726456,-0.0651229136526083,-0.268660388033272,0.520323547529453
-0.06,0.245,-0.0557749182893589,0.241900148003765,0.00422508171064109,-0.00309985199623494,0.00524026696458831,0.424882157243886,-0.0777649390637208,-0.350632683551037,0.556343368752244
-0.06,0.26,-0.0551298699729081,0.257183739125187,0.00487013002709186,-0.00281626087481265,0.00562578810441544,0.397481329113136,-0.0903776105938006,-0.404300566096656,0.574126488926215
-0.06,0.275,-0.0550057671006852,0.272572340027815,0.00499423289931485,-0.00242765997218511,0.00555300776094799,0.359290023959245,-0.0997626767782405,-0.423478033758206,0.564250060863121
-0.06,0.29,-0.0554918633599281,0.288059683944925,0.00450813664007187,-0.00194031605507486,0.00490796519538797,0.312007276195371,-0.102682586632842,-0.40473262372127,0.521251018858949
-0.06,0.305,-0.0566273774166813,0.303630611138546,0.00337262258331866,-0.00136938886145396,0.0036400287009013,0.258610301745731,-0.0966072918706101,-0.348993486620745,0.444982815393537
-0.06,0.32,-0.0583780807468412,0.319259804790664,0.0016219192531588,-0.000740195209335853,0.00178283790953944,0.203475930365764,-0.0806876993955476,-0.263254878659875,0.342368863930935
-0.06,0.335,-0.0606146133692632,0.334911675266952,-0.000614613369263217,-8.83247330478454e-05,0.000620927412943781,0.152346143670784,-0.0568874696665329,-0.16211334436582,0.229622165068561
-0.06,0.35,-0.063095192932625,0.350541174559824,-0.00309519293262503,0.00054117455982447,0.00314214722671824,0.112158355375733,-0.031204943370044,-0.068944268212728,0.13530175830018
-0.04,0.05,-0.0371494478925639,0.050591707436294,0.00285055210743615,0.00059170743629397,0.00291131671368373,-0.028261756261561,-0.0372489249907247,0.143359860639097,0.150792148494305
-0.04,0.065,-0.0396494416947979,0.0652328785658634,0.000350558305202114,0.000232878565863404,0.000420860489693169,-0.0023731209919476,-0.0610236298439287,0.2469430931849,0.254382610788951
-0.04,0.08,-0.0418511739948797,0.0798446484085419,-0.00185117399487969,-0.000155351591458075,0.00185768115571198,0.0355396229459967,-0.0794744670373392,0.347154237666954,0.357904647870013
-0.04,0.095,-0.0435222430422469,0.0944553045185339,-0.00352224304224691,-0.000544695481466129,0.00356411127999483,0.0798554413205084,-0.0877698994859862,0.420422513266609,0.436848327113483
-0.04,0.11,-0.0445457063978741,0.109086661231012,-0.00454570639787411,-0.000913338768988275,0.00463655414749042,0.126080332094131,-0.085516321800717,0.454133151794497,0.479006834401353
-0.04,0.125,-0.0449011147740118,0.123753957535415,-0.00490111477401184,-0.0012460424645854,0.00505702954822168,0.170847893208235,-0.075092427807145,0.444508800477046,0.482096795525096
-0.04,0.14,-0.0446408253710035,0.138466289537115,-0.00464082537100351,-0.00153371046288547,0.00488769147022541,0.211841501776981,-0.060212526340263,0.394266178407008,0.451607401980925
-0.04,0.155,-0.043864785608498,0.153227727745925,-0.00386478560849798,-0.00177227225407484,0.00425176630851422,0.247624468830714,-0.0447969168210041,0.310282759630735,0.399500536737618
-0.04,0.17,-0.0426978885345419,0.168039035151677,-0.00269788853454186,-0.00196096484832295,0.00333526395974452,0.277395594480224,-0.0322084138535791,0.201571234132269,0.344408213251224
-0.04,0.185,-0.0412734069959105,0.182899684238346,-0.00127340699591047,-0.00210031576165434,0.00245619455171764,0.300714361726062,-0.0248421057200572,0.0778087464599323,0.31160984889817
-0.04,0.2,-0.0397241672499783,0.197809737733746,0.000275832750021683,-0.00219026226625427,0.00220756257011252,0.317253905107291,-0.0239818875491164,-0.0514784262542341,0.322297181975662
-0.04,0.215,-0.0381807093095594,0.212771148578962,0.00181929069044057,-0.00222885142103843,0.00287708138108548,0.326637125117288,-0.0298034480059495,-0.177160888902204,0.372782145221418
-0.04,0.23,-0.0367735226699063,0.227788150058325,0.00322647733009371,-0.0022118499416752,0.003911832834631,0.328393525216003,-0.0414239426472695,-0.290429961389891,0.440350732240555
-0.04,0.245,-0.0356352124979771,0.242866614068358,0.00436478750202289,-0.00213338593164172,0.00485826156882707,0.322046788157367,-0.0569607178801587,-0.3827295368989,0.503430418324414
-0.04,0.26,-0.0348984956521148,0.258012500153782,0.00510150434788521,-0.00198749984621849,0.00547498878996206,0.307312590549346,-0.0736350551501172,-0.446007255371592,0.546614935491255
-0.04,0.275,-0.0346872285922001,0.273229736910684,0.00531277140779986,-0.0017702630893158,0.00559994387801606,0.284359876824852,-0.0880085562140345,-0.473482600286426,0.559280164081141
-0.04,0.29,-0.0350998460834217,0.288518010280014,0.00490015391657835,-0.00148198971998631,0.0051193556172924,0.254073624107615,-0.0964458995266777,-0.460956917895648,0.53510613848661
-0.04,0.305,-0.0361869598671672,0.303870937134837,0.00381304013283276,-0.00112906286516332,0.00397668932757942,0.218257879955373,-0.0958550668880161,-0.408514928865687,0.472980352159452
-0.04,0.32,-0.037926626572181,0.31927496972903,0.00207337342781902,-0.000725030270970262,0.0021964849794636,0.179735000646313,-0.084686114869269,-0.322348329055209,0.378662614539155
-0.04,0.335,-0.040201299780425,0.334709144255207,-0.000201299780424963,-0.000290855744792817,0.000353721169677647,0.142325216773458,-0.0641108105947549,-0.216408770899293,0.266832434631678
-0.04,0.35,-0.0427795243381208,0.350145527838271,-0.00277952433812084,0.000145527838271292,0.0027833314387471,0.110720213692066,-0.0392957983767001,-0.113670681916507,0.163475281152077
-0.02,0.05,-0.0173949395770791,0.0502822599493256,0.00260506042292086,0.00028225994932557,0.00262030732664355,-0.0465218951063347,-0.0467636519024502,0.176491500456647,0.188415518442234
-0.02,0.065,-0.0199712003648647,0.0651407947967231,2.87996351353292e-05,0.000140794796723104,0.000143710103222523,-0.0340217112782096,-0.0696145403329936,0.285450349875807,0.295779914121453
-0.02,0.08,-0.0222130939185902,0.0799885977340365,-0.00221309391859018,-1.14022659634672e-05,0.00221312329167851,-0.014392992103316,-0.0855439184117581,0.388000007090252,0.397579627198033
-0.02,0.095,-0.0238952921200955,0.0948366499635686,-0.00389529212009554,-0.000163350036431392,0.00389871567766624,0.00954280663136633,-0.0903047664240825,0.460930007991092,0.469791150146642
-0.02,0.11,-0.0249078144175254,0.109692467906216,-0.00490781441752543,-0.000307532093784063,0.00491744022287792,0.0355079396364677,-0.0840306786150626,0.492086304348797,0.50047226916473
-0.02,0.125,-0.0252368695337393,0.124560381270365,-0.00523686953373929,-0.000439618729635188,0.00525528944406042,0.0617611005819688,-0.0695489514704795,0.478216662047402,0.487179736889027
-0.02,0.14,-0.0249407024894714,0.139442002049169,-0.00494070248947144,-0.000557997950831002,0.00497211250904491,0.0870554674142848,-0.0509217818043729,0.422567317277382,0.434437249939281
-0.02,0.155,-0.024123833877366,0.154336975211485,-0.00412383387736605,-0.000663024788515237,0.00417679395209981,0.110553609812487,-0.0323080184118833,0.33248250910613,0.351867754538326
-0.02,0.17,-0.0229140077668461,0.169243987951044,-0.0029140077668461,-0.000756012048955673,0.00301048093888759,0.1317062596069,-0.0172107748413854,0.217325468702279,0.254702209981058
-0.02,0.185,-0.0214455295286538,0.184161899475876,-0.0014455295286538,-0.000838100524123642,0.00167091834233346,0.150115853886275,-0.00809460958018135,0.0869852532539573,0.173685778569134
-0.02,0.2,-0.0198507383602339,0.199090774244781,0.00014926163976614,-0.000909225755219401,0.000921395957805311,0.165413690585234,-0.00627522057067507,-0.0489219791303188,0.172610689133514
-0.02,0.215,-0.0182588350290042,0.214032584669766,0.00174116497099584,-0.000967415330233951,0.00199187044694042,0.177179277495426,-0.0119484419199359,-0.181247243359704,0.253743827701608
-0.02,0.23,-0.0167990245345109,0.228991401232084,0.00320097546548911,-0.00100859876791567,0.00335611611916278,0.18492239286887,-0.0242487306425322,-0.301159775848208,0.354234248220616
-0.02,0.245,-0.0156036286272559,0.24397299540716,0.0043963713727441,-0.00102700459283986,0.00451473362235226,0.188134736869718,-0.0412959086188867,-0.400005290477959,0.44396537016508
-0.02,0.26,-0.014806841850989,0.258983915045422,0.005193158149011,-0.00101608495457853,0.00529162736741356,0.186401970893194,-0.0602702814515154,-0.469503689741366,0.508737276640005
-0.02,0.275,-0.0145361377772979,0.274030216259484,0.00546386222270208,-0.000969783740515567,0.00554925858940086,0.179552116244274,-0.0776144613571284,-0.502499870268427,0.539232077036295
-0.02,0.29,-0.0148955972205492,0.289116113788817,0.00510440277945085,-0.000883886211182905,0.00518036509998907,0.167806624199627,-0.0894692547531177,-0.494298822029365,0.529619800769488
-0.02,0.305,-0.0159429314015648,0.304242817044201,0.00405706859843522,-0.00075718295579949,0.00412712147155403,0.151899194541164,-0.0924060114702739,-0.44442863417354,0.478675652031286
-0.02,0.32,-0.0176638690757706,0.319407746559605,0.00233613092422941,-0.000592253440394985,0.00241003564969497,0.133135600276011,-0.0844405532375898,-0.358545654166213,0.391677008057474
-0.02,0.335,-0.0199481739013848,0.334604196793621,5.18260986151764e-05,-0.000395803206378664,0.000399181816566463,0.113382958228533,-0.0662457079504699,-0.250168241427531,0.282539377478666
-0.02,0.35,-0.0225706124595562,0.349821367738474,-0.00257061245955623,-0.000178632261526201,0.00257681157675211,0.0949938220169736,-0.0424626122126362,-0.142001896344613,0.176043922373547
0,0.05,0.00249061547373663,0.0500022506686433,0.00249061547373663,2.25066864331658e-06,0.00249061649065562,-0.0690329685628507,-0.052080327442051,0.189521898026245,0.208318287465303
0,0.065,-0.000116110988883256,0.0650879543246003,-0.000116110988883256,8.795432460032e-05,0.000145663052814864,-0.0724262636681711,-0.0746805671571555,0.300551093288923,0.31804711946382
0,0.08,-0.00237749238884127,0.0801785842588818,-0.00237749238884127,0.000178584258881759,0.0023841900923623,-0.0732188106809244,-0.089772479931048,0.404218820841618,0.420492260474745
0,0.095,-0.0040706611422105,0.0952681023023481,-0.0040706611422105,0.000268102302348139,0.00407948047908393,-0.0714146132371607,-0.0932914456633344,0.47742004676942,0.491665257313566
0,0.11,-0.00508753875829374,0.110350096787123,-0.00508753875829374,0.000350096787122611,0.00509957041107332,-0.0670797798773424,-0.0855351326866647,0.508123910492798,0.519622665843892
0,0.125,-0.00541588452966776,0.125418485223681,-0.00541588452966776,0.000418485223681181,0.00543202863773141,-0.0603633219882692,-0.0694741172803672,0.493217929093908,0.50173291485484
0,0.14,-0.00511521187230612,0.140468022219763,-0.00511521187230612,0.000468022219762693,0.00513657836470672,-0.0515025343142792,-0.0492878317945142,0.436092874288253,0.441882070509008
0,0.155,-0.00429099434370124,0.155494640609963,-0.00429099434370124,0.000494640609962876,0.00431940988917473,-0.0408155153752484,-0.0292233756157901,0.344224603284438,0.347866154158248
0,0.17,-0.00307153800603234,0.170495670573867,-0.00307153800603234,0.000495670573866652,0.00311127546840495,-0.0286855480430186,-0.0128453723916784,0.227078218241984,0.229243214871458
0,0.185,-0.00159127322659373,0.185469979182696,-0.00159127322659373,0.000469979182696451,0.00165922599842278,-0.0155427020936298,-0.00266045942677547,0.0946056531847735,0.0959108200125077
0,0.2,1.77284798090478e-05,0.200418053746141,1.77284798090478e-05,0.000418053746140873,0.000418429484690978,-0.00184684868415418,-1.65810347081375e-05,-0.0435503787849852,0.0435895252224201
0,0.215,0.00162676331615068,0.215342028215795,0.00162676331615068,0.000342028215794765,0.00166233034838846,0.0119261807488255,-0.00513977148514825,-0.178235524605437,0.178708083646845
0,0.23,0.00310708502425943,0.230245636101961,0.00310708502425943,0.00024563610196085,0.00311677949854714,0.0252961850086424,-0.017194894374334,-0.300610689385017,0.302163134005083
0,0.245,0.00432647810257157,0.245134073256433,0.00432647810257157,0.000134073256432776,0.00432855500255244,0.0377904907185901,-0.0343272525339955,-0.401983661877716,0.405213561308842
0,0.26,0.00515022604882229,0.260013767531062,0.00515022604882229,1.376753106197e-05,0.00515024445040031,0.0489587051021008,-0.0537260877176279,-0.473985659444159,0.47952809604835
0,0.275,0.00544955590826147,0.274892070649809,0.00544955590826147,-0.000107929350191244,0.00545062458273364,0.0583911610857177,-0.0718119401665125,-0.509313546780007,0.517656830518988
0,0.29,0.00511834754369037,0.28977690011942,0.00511834754369037,-0.00022309988058003,0.00512320750455377,0.0657391713851781,-0.0846605512689266,-0.503072917686517,0.514366780622993
0,0.305,0.00409634185211832,0.304676359347526,0.00409634185211832,-0.000323640652474477,0.00410910693963424,0.0707325890910806,-0.0887307205550301,-0.454564935701599,0.468515468065201
0,0.32,0.00239512503238276,0.319598353033149,0.00239512503238276,-0.000401646966850633,0.00242856834508046,0.0731888073036573,-0.0818837645401229,-0.369225819303867,0.385213988596884
0,0.335,0.000122523757444953,0.334550198689804,0.000122523757444953,-0.000449801310196257,0.000466190186289565,0.0730077822178261,-0.0646104183638268,-0.260397387001102,0.278049623827907
0,0.35,-0.00249801786965126,0.349538221192648,-0.00249801786965126,-0.000461778807352459,0.00254034110780755,0.0701497343976297,-0.041360965528656,-0.150683860842716,0.171281529862435
0.02,0.05,0.0225186298534451,0.0497148457954559,0.00251862985344511,-0.000285154204544114,0.00253472074576947,-0.0891621771674598,-0.0530810597928736,0.181294155790716,0.208890191256427
0.02,0.065,0.0199247251637985,0.0650225349690034,-7.5274836201511e-05,2.25349690033683e-05,7.8575605585621e-05,-0.108460194566336,-0.0763364133634717,0.291181811458574,0.319965584399092
0.02,0.08,0.0176625346430021,0.0803510596042613,-0.00233746535699786,0.000351059604261322,0.00236368084582273,-0.129734595559216,-0.0924879313837033,0.394854046474713,0.425788251483563
0.02,0.095,0.0159569812185523,0.0956776440789682,-0.00404301878144772,0.00067764407896817,0.00409941488079697,-0.150184597255408,-0.0972486688648762,0.4690553183608,0.50202312786285
0.02,0.11,0.0149192552802678,0.110982111520322,-0.00508074471973222,0.000982111520322432,0.00517479564286715,-0.167667588209173,-0.0907135578224499,0.501534560020309,0.536544861465249
0.02,0.125,0.0145651447706597,0.126248034326215,-0.00543485522934029,0.00124803432621451,0.00557631070182582,-0.180735279167614,-0.0756888244634604,0.488924404230823,0.526728645810803
0.02,0.14,0.0148384938671078,0.141463313077394,-0.00516150613289224,0.00146331307739439,0.00536492597547791,-0.188605184399499,-0.0562412380572081,0.434365074200252,0.476874535802013
0.02,0.155,0.0156364958599608,0.156620142005631,-0.00436350414003919,0.00162014200563121,0.00465457071044687,-0.191063598414746,-0.0365600740655727,0.345121047438529,0.396170544536658
0.02,0.17,0.0168325426365455,0.171714465234284,-0.00316745736345452,0.00171446523428442,0.00360169087913888,-0.188315781443448,-0.0201993750885354,0.230507733459588,0.298336830738193
0.02,0.185,0.0182929134533656,0.186745140704514,-0.00170708654663439,0.0017451407045137,0.00244124160136819,-0.180814337110216,-0.00968756672743708,0.100394468114268,0.207042916632755
0.02,0.2,0.0198854640364821,0.201713074212096,-0.000114535963517923,0.00171307421209574,0.00171689887386719,-0.169102680880297,-0.00641032583108082,-0.0356029763966458,0.17292889748955
0.02,0.215,0.0214809842836197,0.216620559524526,0.00148098428361966,0.00162055952452628,0.00219534225597315,-0.153705778251445,-0.0106348616358565,-0.168324893732967,0.228192693200293
0.02,0.23,0.0229501801010266,0.23147098001133,0.00295018010102657,0.00147098001133009,0.00329656561018066,-0.135087417035613,-0.0215653516518809,-0.288922226687856,0.319671695331281
0.02,0.245,0.0241605929468747,0.246268919988363,0.00416059294687469,0.00126891998836287,0.00434979213370596,-0.113676520513357,-0.0373867432791778,-0.388712351458657,0.406716248349414
0.02,0.26,0.0249778076949442,0.261020624967955,0.00497780769494421,0.00102062496795521,0.00508136249179877,-0.0899489316413197,-0.0553355998651487,-0.459370267742044,0.471354574430733
0.02,0.275,0.0252740028743219,0.275734658832972,0.00527400287432188,0.000734658832971719,0.00532492534400425,-0.0645394209452448,-0.0718961034445058,-0.493673219063846,0.503040017546194
0.02,0.29,0.0249446372486138,0.290422549527451,0.00494463724861381,0.000422549527451105,0.00496265912828277,-0.0383540537762021,-0.0832300592293577,-0.486835005360134,0.495386846255434
0.02,0.305,0.0239315402932283,0.305099207990296,0.00393154029322826,9.92079902958354e-05,0.00393279179497413,-0.0126566061755177,-0.085906020587459,-0.438277260038294,0.446797495891195
0.02,0.32,0.0222487360783068,0.319782954967071,0.00224873607830678,-0.000217045032928936,0.00225918624646081,0.0108866477985139,-0.0779154138392413,-0.353552748378154,0.362200653766606
0.02,0.335,0.0200066952579943,0.334495088121436,6.6952579942936e-06,-0.000504911878563552,0.000504956267011496,0.0302052149522457,-0.0598942468586468,-0.2461049534715,0.255083185284127
0.02,0.35,0.0174316406137612,0.34925904017277,-0.00256835938623884,-0.000740959827230298,0.00267310519853789,0.0428541309658218,-0.0364504632520447,-0.138622816577095,0.149604180442146
0.04,0.05,0.0426788209476116,0.0493854872638316,0.0026788209476116,-0.000614512736168388,0.00274840091185327,-0.100417175908718,-0.0492836047918415,0.152736996956968,0.189317473486344
0.04,0.065,0.0401433511132413,0.0648952888687515,0.000143351113241347,-0.000104711131248547,0.000177521724515294,-0.133149771346451,-0.0738551960254254,0.258143349869737,0.299702595041386
0.04,0.08,0.0379017734185452,0.0804452100992918,-0.00209822658145478,0.000445210099291798,0.00214493981725242,-0.172889938398921,-0.0927435284656174,0.360530127336873,0.410457045385903
0.04,0.095,0.0361852710053967,0.0959960418321706,-0.00381472899460328,0.000996041832170558,0.00394262052874742,-0.214077212863951,-0.101048455984811,0.436254358623691,0.496345897147702
0.04,0.11,0.0351128497646958,0.111513831105036,-0.00488715023530417,0.00151383110503633,0.00511624100654075,-0.252364191823345,-0.098305536902295,0.472523433774947,0.544639599171104
0.04,0.125,0.0347086797485957,0.126971477835625,-0.0052913202514043,0.00197147783562493,0.0056466622760071,-0.284665668137818,-0.0868530265655192,0.465342322121523,0.552380150736654
0.04,0.14,0.0349244160550274,0.142349441157685,-0.00507558394497261,0.00234944115768521,0.00559298007647881,-0.309101723248221,-0.0704120451590828,0.417223361284116,0.524002842040006
0.04,0.155,0.0356634821991147,0.157635434703556,-0.00433651780088533,0.00263543470355621,0.00507453472883019,-0.324824431964056,-0.0529588498587408,0.334886968922464,0.469538142395048
0.04,0.17,0.0368032896907473,0.172823252698616,-0.00319671030925273,0.00282325269861558,0.00426493992941552,-0.33175234553868,-0.0379523708492892,0.227248541680874,0.403909119169032
0.04,0.185,0.0382118212366511,0.187911090097845,-0.00178817876334894,0.00291109009784496,0.00341643510804217,-0.330265253524663,-0.0279101853382975,0.103942025356054,0.347359223756227
0.04,0.2,0.039756739982798,0.202899833149778,-0.000243260017202002,0.00289983314977788,0.00291001851068336,-0.320924513548733,-0.0242519583782106,-0.0255106936758716,0.322849457426982
0.04,0.215,0.041307566614693,0.21779177624602,0.00130756661469297,0.00279177624602017,0.00308281447052886,-0.304278260843258,-0.0272927426194141,-0.151960576142405,0.341207436310475
0.04,0.23,0.0427336737317778,0.232590085793036,0.0027336737317778,0.00259008579303557,0.00376583543016642,-0.280789277794522,-0.0362858081406787,-0.266561772207191,0.388863777239002
0.04,0.245,0.0439021816947832,0.247299126111118,0.00390218169478315,0.00229912611111774,0.00452912826644643,-0.250893238569227,-0.0494747829130034,-0.360699268981221,0.442153937176229
0.04,0.26,0.0446799022448634,0.261925537309329,0.00467990224486338,0.00192553730932865,0.00506055124972507,-0.215164455533404,-0.0641886813435231,-0.426228764595319,0.481755391099735
0.04,0.275,0.0449422429512049,0.276479759454086,0.00494224295120495,0.00147975945408643,0.00515901671161212,-0.17454240409538,-0.0770672669770391,-0.456234524373161,0.494525908214465
0.04,0.29,0.0445898175378084,0.290977576000526,0.00458981753780836,0.000977576000525643,0.00469276889130255,-0.130560990438083,-0.0845133396567489,-0.446339566740187,0.472661562465348
0.04,0.305,0.0435710875830142,0.305441237407716,0.00357108758301422,0.000441237407716066,0.00359824359591264,-0.0855268667989822,-0.0834280500144706,-0.396424437622115,0.414038845054252
0.04,0.32,0.0419075204986003,0.319899835162834,0.00190752049860032,-0.000100164837166239,0.0019101485406075,-0.0426119154203328,-0.0722152792409211,-0.312486578083345,0.323541282578158
0.04,0.335,0.0397171719871177,0.334388802251409,-0.000282828012882347,-0.000611197748590642,0.000673464455449021,-0.00585222463762293,-0.0519801309128982,-0.208343477574401,0.214809779200274
0.04,0.35,0.0372335310443672,0.348948657289262,-0.00276646895563284,-0.00105134271073834,0.00295950536034367,0.0199278003543001,-0.0278340133244589,-0.106952847641437,0.112297663285524
0.06,0.05,0.0629389251949244,0.0489900507627375,0.00293892519492436,-0.00100994923726247,0.00310761625095639,-0.0978016549121962,-0.0400069688063535,0.106818659458317,0.150252987334838
0.06,0.065,0.0605142939821483,0.0646667295009068,0.000514293982148306,-0.000333270499093152,0.000612835643251729,-0.139034817351223,-0.0658501866883484,0.204080797569038,0.255569966458922
0.06,0.08,0.0583218910236834,0.0804089517850219,-0.00167810897631657,0.000408951785021927,0.00172722068620859,-0.193107555563799,-0.088508517525607,0.303461211395305,0.370423366494498
0.06,0.095,0.0566028763990693,0.0961614371231801,-0.0033971236009307,0.00116143712318009,0.00359017895808847,-0.251777109191953,-0.102105908059427,0.380728676166155,0.467731620678413
0.06,0.11,0.0554882345739773,0.111876354661957,-0.00451176542602272,0.00187635466195712,0.00488638251438651,-0.308503221059583,-0.10528522926533,0.422273994612784,0.533457214014535
0.06,0.125,0.0550148599265729,0.127515333319306,-0.00498514007342708,0.00251533331930567,0.0055837732098374,-0.358504108959899,-0.0996246675119058,0.42315111388716,0.563479986154776
0.06,0.14,0.0551463271835701,0.143050361212703,-0.00485367281642986,0.00305036121270272,0.00573261226116954,-0.398678146341197,-0.0882628142164439,0.384910210103048,0.561153255066676
0.06,0.155,0.055795730117561,0.158463367747271,-0.00420426988243895,0.00346336774727107,0.00544709109499931,-0.427374839767732,-0.0747894927796792,0.313422606271408,0.535236896468091
0.06,0.17,0.0568469479284554,0.173744636602748,-0.0031530520715446,0.00374463660274832,0.00489530802427326,-0.444044089598021,-0.0624568889534374,0.21695981753983,0.498145703635149
0.06,0.185,0.0581710156731181,0.18889051402898,-0.00182898432688187,0.00389051402898002,0.00429898628488972,-0.448831136808642,-0.0537110250351334,0.104752125579486,0.464013413783082
0.06,0.2,0.0596358062245073,0.203901055978173,-0.000364193775492733,0.00390105597817325,0.00391801925096712,-0.442203377004854,-0.0499805525386629,-0.0138724083578389,0.445236255858488
0.06,0.215,0.061109410864425,0.218778253368515,0.00110941086442499,0.00377825336851492,0.00393776471907586,-0.424689213220738,-0.0516259518606969,-0.129833671080361,0.447083843468631
0.06,0.23,0.0624596725926048,0.233525300615406,0.00245967259260483,0.00352530061540629,0.00429857344845884,-0.396781562548747,-0.0579640394023389,-0.234343675177239,0.464449757828617
0.06,0.245,0.0635536011543713,0.2481470853395,0.00355360115437127,0.00314708533949953,0.00474681233023191,-0.359018381102419,-0.067332181590951,-0.318944370652224,0.484927557410651
0.06,0.26,0.0642604810944958,0.262651751435395,0.00426048109449578,0.00265175143539453,0.00501831493946653,-0.31221048641662,-0.0772187656950541,-0.375823522217841,0.494654389685116
0.06,0.275,0.0644613417449584,0.277052901505706,0.00446134174495837,0.00205290150570636,0.00491100547316327,-0.257753458211259,-0.0845315950830509,-0.398594114130868,0.4821421733811
0.06,0.29,0.0640654384188469,0.291371829357636,0.00406543841884688,0.00137182935763572,0.00429065325141842,-0.197943930957155,-0.0860823029940261,-0.383567240680548,0.440132642972351
0.06,0.305,0.0630321544400428,0.305639161461321,0.00303215444004276,0.000639161461320981,0.00309878813762881,-0.136225736211423,-0.0793291710593789,-0.331387599916351,0.366972438111425
0.06,0.32,0.0613950598313036,0.319895451441811,0.00139505983130364,-0.000104548558188755,0.00139897188461251,-0.0773165973721269,-0.0633615999071568,-0.248789381182051,0.268120935306774
0.06,0.335,0.0592843863798004,0.334190571877618,-0.000715613620199618,-0.000809428122381523,0.00108040582130849,-0.0272031092184833,-0.0400612342933376,-0.150205275419604,0.157818098316862
0.06,0.35,0.0569451085624952,0.348582091773428,-0.00305489143750481,-0.00141790822657228,0.00336791113806787,0.00697210577946949,-0.0153713644313806,-0.0590248235042262,0.0613907098350892
0.08,0.05,0.0832430297603062,0.0485234576084395,0.00324302976030624,-0.00147654239156053,0.0035633438593977,-0.0790858974171919,-0.0247970239047409,0.0484346401844801,0.0959968129128315
0.08,0.065,0.0809923462188295,0.0643150647994876,0.000992346218829487,-0.000684935200512382,0.00120577246897005,-0.121472493813297,-0.050737018519267,0.133423789177501,0.187434657016157
0.08,0.08,0.0788886838840396,0.0802060281423396,-0.00111131611596035,0.000206028142339554,0.00113025267309089,-0.18358804242851,-0.0771542185529101,0.227452472329146,0.30231139898519
0.08,0.095,0.0771863118414614,0.0961254459999122,-0.00281368815853861,0.00112544599991216,0.00303042402185217,-0.254614719770194,-0.0968704995474819,0.305547334967217,0.409356123597722
0.08,0.11,0.0760316639881736,0.112011525132749,-0.00396833601182638,0.00201152513274871,0.00444903630716111,-0.325848156753114,-0.107336189813996,0.353069694509144,0.492298465481002
0.08,0.125,0.0754780399824119,0.127813934627698,-0.00452196001758814,0.0028139346276978,0.00532600699301292,-0.390751553236086,-0.109097579461706,0.363867281960995,0.544968527624448
0.08,0.14,0.075504557150527,0.143494953330717,-0.00449544284947304,0.00349495333071725,0.00569418169685249,-0.444862769707004,-0.104474862284715,0.338255072473862,0.568539380363428
0.08,0.155,0.076037224314087,0.159029115990713,-0.00396277568591301,0.00402911599071287,0.00565131549318223,-0.485533081223381,-0.0964798166482872,0.280991628238806,0.569218488864911
0.08,0.17,0.0769689880190393,0.174401479462849,-0.00303101198096073,0.00440147946284913,0.00534416084063814,-0.511527591153702,-0.0880149891906639,0.199473308030455,0.556056779774401
0.08,0.185,0.0781757695824782,0.189605018603937,-0.00182423041752179,0.00460501860393692,0.00495318210434634,-0.522561911183635,-0.0813598363527493,0.102340169083826,0.538670605751204
0.08,0.2,0.0795267955705644,0.204637899988516,-0.000473204429435625,0.00463789998851549,0.0046619779853094,-0.518872914172168,-0.077900146845471,-0.00141733543941907,0.524691782584255
0.08,0.215,0.08088944548938,0.219501402116249,0.000889445489379966,0.00450140211624928,0.00458843484107074,-0.500916350905967,-0.0780276825355517,-0.102904414367862,0.51729744450508
0.08,0.23,0.0821307104648073,0.234199057200289,0.00213071046480728,0.00419905720028879,0.00470871622166132,-0.469253554179727,-0.0811432806293068,-0.193503711209981,0.514031700026401
0.08,0.245,0.0831185352448612,0.248737244666003,0.00311853524486118,0.00373724466600273,0.00486746954453823,-0.42464300857324,-0.0857338979176702,-0.265047657551623,0.507862122496083
0.08,0.26,0.0837264113829957,0.263127064548016,0.00372641138299573,0.00312706454801637,0.00486463508218047,-0.368303084705601,-0.0895422454568485,-0.310227404088065,0.489803510813681
0.08,0.275,0.0838435627109771,0.277386964210085,0.00384356271097712,0.00238696421008511,0.00452444167311736,-0.30227253768458,-0.0898822012014488,-0.323397886559971,0.451702055488989
0.08,0.29,0.0833912432411447,0.2915453793888,0.00339124324114466,0.00154537938880017,0.00372675840053226,-0.229775815278847,-0.0841565054258155,-0.301803038123364,0.388542011941269
0.08,0.305,0.0823436700197847,0.305642645883358,0.00234367001978467,0.000642645883358328,0.00243018165844343,-0.155506174023878,-0.0706036077732954,-0.247105969114315,0.300380768730707
0.08,0.32,0.0807506610101431,0.319731652494456,0.000750661010143122,-0.00026834750554422,0.000797184003778863,-0.0857689779981944,-0.0492547486754661,-0.167013736256822,0.194102993234857
0.08,0.335,0.0787587019805376,0.333877079898502,-0.00124129801946238,-0.00112292010149845,0.00167384895599051,-0.0284704305912179,-0.0230493685188168,-0.0767659828964908,0.0850579582717601
0.08,0.35,0.0766280921570644,0.348153489073673,-0.00337190784293559,-0.00184651092632648,0.00384439398375006,0.00702135510533415,0.000935712051534028,-0.000312094844871723,0.00709030233558037
0.1,0.05,0.103508941366461,0.0480092959108799,0.00350894136646079,-0.00199070408912005,0.00403429947868264,-0.0459307260932103,-0.00406915685598296,-0.0157802219296225,0.0487360768321976
0.1,0.065,0.10150932643062,0.0638455483524449,0.00150932643061955,-0.00115445164755512,0.00190021706147205,-0.0798332310699862,-0.0274336911747223,0.0522647120032984,0.0992852193549617
0.1,0.08,0.099548215310143,0.0798250469418847,-0.000451784689857015,-0.000174953058115268,0.000484477015484826,-0.141565795290045,-0.0561999048346448,0.137856613217014,0.205435621844308
0.1,0.095,0.0978955464672343,0.095861810926596,-0.00210445353276567,0.000861810926596041,0.00227408063726207,-0.217868351004998,-0.0815979111070177,0.215176546681352,0.316900678008498
0.1,0.11,0.0967159405338252,0.111880116911059,-0.00328405946617485,0.0018801169110591,0.00378416254627402,-0.297925630536881,-0.0996239099122536,0.268410971210929,0.413194620191122
0.1,0.125,0.0960820452097249,0.127817087968607,-0.00391795479027507,0.00281708796860652,0.00482559367969445,-0.373410036737437,-0.10954910487562,0.290021617974695,0.485334945422265
0.1,0.14,0.0959915719130848,0.143624113646707,-0.00400842808691522,0.00362411364670656,0.00540385931091988,-0.43837962355613,-0.112650548582518,0.27888479332931,0.531644238513064
0.1,0.155,0.0963864297842009,0.159266723028837,-0.00361357021579906,0.00426672302883652,0.00559131604448487,-0.489006783603698,-0.111162090253215,0.238432089171028,0.55528093721127
0.1,0.17,0.0971713680533941,0.174722976117081,-0.00282863194660587,0.004722976117081,0.00550523951267125,-0.523165498885089,-0.107470631293925,0.174972344177779,0.562023068717547
0.1,0.185,0.0982295604130152,0.189980870799779,-0.00177043958698481,0.00498087079977882,0.00528616403976005,-0.539951641049371,-0.103565282676046,0.0963539447742077,0.558175679519961
0.1,0.2,0.0994335812028418,0.205035547132003,-0.00056641879715816,0.00503554713200272,0.005067303540582,-0.539236356680624,-0.100713121225024,0.0110423264497234,0.548674051388286
0.1,0.215,0.100651844511555,0.219887121062238,0.00065184451155504,0.00488712106223765,0.00493040095166826,-0.521349121022809,-0.0993118654010401,-0.0724297268622026,0.535645318866901
0.1,0.23,0.101752204309301,0.234539786799725,0.00175220430930134,0.00453978679972539,0.00486619811850022,-0.486956337085691,-0.0988715514554243,-0.145789245272194,0.51784011754561
0.1,0.245,0.102605462598486,0.249002453298768,0.00260546259848633,0.00400245329876847,0.00477577928310488,-0.437152979575445,-0.0981023774819139,-0.201338527182913,0.491187829823147
0.1,0.26,0.103091633260528,0.26329073380953,0.00309163326052775,0.00329073380952977,0.00451521042951308,-0.373732478035832,-0.0951196718203789,-0.232462423694973,0.45029272610083
0.1,0.275,0.103110918018627,0.277429712883565,0.00311091801862687,0.00242971288356481,0.00394731752145405,-0.299557971087707,-0.0878006682230162,-0.234458365351573,0.390403957667282
0.1,0.29,0.102599769235184,0.291456685866685,0.00259976923518382,0.00145668586668463,0.00298005600457558,-0.218937576545238,-0.0743283428677421,-0.205706645149343,0.309473458765701
0.1,0.305,0.10155070480012,0.305423074817199,0.0015507048001196,0.000423074817199109,0.00160738224391774,-0.137912900899319,-0.0539348742860284,-0.149083068729177,0.210130316163167
0.1,0.32,0.100033345283344,0.319394977293008,3.33452833442549e-05,-0.000605022706991754,0.000605940907924971,-0.064400975233719,-0.0278257390992227,-0.0734382738414522,0.101562493735106
0.1,0.335,0.0982139419194761,0.333452226936593,-0.00178605808052387,-0.00154777306340742,0.00236338844094961,-0.00817433489465492,-0.000248158024543581,0.00504748210418433,0.0096103282594276
0.1,0.35,0.0963715782191541,0.347686305769112,-0.00362842178084588,-0.00231369423088795,0.00430332727244408,0.0192933426374065,0.0203144613597039,0.0617790772099701,0.067834838607753
0.12,0.05,0.123625028549284,0.0475107586833393,0.0036250285492842,-0.00248924131666067,0.00439740313317941,-0.00479508975326383,0.0200907190478101,-0.0777212361662777,0.08041903686789
0.12,0.065,0.12197042294944,0.0633015393933142,0.00197042294943967,-0.00169846060668583,0.00260141020066849,-0.0185125662449233,0.00376498572443836,-0.0318457511275512,0.0370275861846508
0.12,0.08,0.120222592957635,0.0792907582841137,0.000222592957635465,-0.000709241715886322,0.000743351489096698,-0.069432819458944,-0.024257146352657,0.0414474381158226,0.0844228463319047
0.12,0.095,0.118669268092582,0.0953779491056875,-0.00133073190741839,0.000377949105687503,0.0013833629082462,-0.142007127878264,-0.053351711080118,0.11543802246409,0.190626336047637
0.12,0.11,0.117495343360304,0.111473663456181,-0.00250465663969564,0.00147366345618144,0.00290602630147356,-0.22339150503204,-0.0778352416337712,0.173055582244034,0.293104949224859
0.12,0.125,0.116795052948187,0.127502150282671,-0.00320494705181255,0.00250215028267131,0.00406601053146621,-0.303470440063319,-0.0954944777800117,0.205267723268393,0.378614398990737
0.12,0.14,0.116587172593158,0.143403028667952,-0.00341282740684165,0.00340302866795222,0.00481954303059888,-0.374749503040193,-0.106361490314901,0.209376590476769,0.442254999282902
0.12,0.155,0.116832199115989,0.159131505054255,-0.003167800884011,0.00413150505425514,0.00520617868057529,-0.432091642663235,-0.111700197717506,0.187323815873906,0.484016246648104
0.12,0.17,0.117449508821081,0.174657123833557,-0.00255049117891903,0.00465712383355671,0.00530978414390131,-0.472320880287063,-0.113210067768697,0.144142713479984,0.5066382612295
0.12,0.185,0.11833239060579,0.189961484921655,-0.0016676093942097,0.00496148492165521,0.00523423859978397,-0.493761942207899,-0.112452452581284,0.0866822220276511,0.513772309477651
0.12,0.2,0.119359597443567,0.20503567387691,-0.000640402556432748,0.00503567387691023,0.00507623155784699,-0.495810047070485,-0.110486075944057,0.0226622398796382,0.508478170417882
0.12,0.215,0.120403361558778,0.219878230093329,0.000403361558777564,0.00487823009332866,0.00489487787289497,-0.478623240128751,-0.107681779738542,-0.0399722343195741,0.492214222878163
0.12,0.23,0.121335171847525,0.234494304299985,0.00133517184752507,0.0044943042999851,0.00468843843974601,-0.44300112665545,-0.103685463028767,-0.0935166222270152,0.46448596714368
0.12,0.245,0.122031505532766,0.24889628483345,0.00203150553276557,0.00389628483345028,0.00439409265184882,-0.390467410918773,-0.0975127419819614,-0.130958981263226,0.423231146181423
0.12,0.26,0.122381803560206,0.263105716796085,0.00238180356020602,0.00310571679608501,0.00391388106831245,-0.323522844842626,-0.0877797207819873,-0.146579903241593,0.365866688012638
0.12,0.275,0.122300236423415,0.277155936129807,0.00230023642341544,0.00215593612980719,0.00315264146382285,-0.245994338807981,-0.0730884176809925,-0.136802428338214,0.29080958973178
0.12,0.29,0.121741490936534,0.291094615449851,0.00174149093653375,0.00109461544985062,0.00205693307258182,-0.163386433330361,-0.0525841566538361,-0.101303290834299,0.199305335888837
0.12,0.305,0.120719413988102,0.304985445260418,0.000719413988101852,-1.45547395816181e-05,0.00071956120429113,-0.0831481598080513,-0.0266867899799809,-0.0443051196577472,0.097922148664252
0.12,0.32,0.119326427005218,0.318908450733498,-0.000673572994781574,-0.00109154926650185,0.00128264585155051,-0.014798385184211,0.00202028968969511,0.0240916783162511,0.0283457713742521
0.12,0.335,0.117751568924883,0.332958886890529,-0.00224843107511699,-0.00204111310947053,0.00303670627904712,0.0301048200092283,0.0277623212932511,0.0866898954397429,0.095875892636474
0.12,0.35,0.116295919813219,0.347245126457373,-0.00370408018678056,-0.00275487354262721,0.00461622554322985,0.0381254911538513,0.0403984455426592,0.118205393693388,0.130606699529413
0.14,0.05,0.143446824197409,0.047143037907317,0.0034468241974093,-0.00285696209268299,0.00447692187187512,0.0324420208631164,0.0430308256834328,-0.128160604539987,0.139029805142429
0.14,0.065,0.142250596750211,0.0627772484073347,0.0022505967502113,-0.00222275159266533,0.00316319622767193,0.0523296171961121,0.0402147339877016,-0.110192196782722,0.128444310135453
0.14,0.08,0.140806036959557,0.0786773920115395,0.000806036959557443,-0.00132260798846046,0.00154886651177951,0.0243846475418171,0.0179122371424174,-0.0538097632499069,0.061732894506115
0.14,0.095,0.139420595273192,0.0947290669301835,-0.00057940472680762,-0.000270933069816459,0.000639620642074021,-0.0337264666208853,-0.0111468864261573,0.0133507564483596,0.0379469415911076
0.14,0.11,0.138301084630331,0.110829464984038,-0.00169891536966896,0.000829464984037798,0.00189058868954679,-0.107243169727398,-0.0394002634630959,0.0729329942758377,0.135545964301294
0.14,0.125,0.137565008165076,0.126889967207848,-0.00243499183492421,0.00188996720784773,0.0030823953806881,-0.184311214209273,-0.0629738358317009,0.114362403202376,0.22586534266132
0.14,0.14,0.137254173066841,0.142837999052756,-0.00274582693315896,0.00283799905275639,0.00394889910865133,-0.255872361205453,-0.0804842771494961,0.133290251629041,0.299524422364054
0.14,0.155,0.137350058786019,0.158617641667406,-0.00264994121398147,0.00361764166740602,0.00448436390933094,-0.31542009384111,-0.0920574791794468,0.130052762916804,0.353381567261383
0.14,0.17,0.13778952494202,0.174188902044686,-0.00221047505797962,0.00418890204468569,0.00473635939535019,-0.358640197654835,-0.098547753798195,0.108247846242781,0.387366259408046
0.14,0.185,0.138479234064403,0.18952597346496,-0.00152076593559677,0.00452597346495975,0.00477463766545602,-0.38299508337766,-0.100956666872582,0.0735222711687364,0.402844480376036
0.14,0.2,0.139307661846821,0.204615135897793,-0.000692338153179164,0.00461513589779272,0.0046667774184594,-0.387334544627171,-0.1000449475206,0.0326142295015126,0.401374373595428
0.14,0.215,0.140154551727715,0.219453050588216,0.000154551727715144,0.00445305058821599,0.00445573178925196,-0.371615124945858,-0.0961217411899866,-0.00737319308155188,0.383916795234042
0.14,0.23,0.140898738716303,0.23404606082643,0.000898738716302895,0.00404606082642983,0.00414467604178563,-0.336785419888512,-0.0889932050754179,-0.039557392152453,0.350584341284458
0.14,0.245,0.141425990505221,0.248410769604573,0.00142599050522062,0.00341076960457271,0.00369686329426129,-0.284853063596549,-0.0780592385741809,-0.0578471998852151,0.300966807772996
0.14,0.26,0.141638601225336,0.262575735807933,0.0016386012253358,0.00257573580793324,0.0030527739726258,-0.219103259349205,-0.0625578791536254,-0.0576210899378624,0.23503189989357
0.14,0.275,0.141467882706276,0.276583752676168,0.0014678827062761,0.00158375267616789,0.00215938699140599,-0.144401877781192,-0.0419637698539336,-0.0365887193162171,0.154763074511536
0.14,0.29,0.140889656709801,0.290493970603121,0.000889656709801387,0.00049397060312123,0.00101759324783657,-0.0674988380773694,-0.0165452815834192,0.00415820952423395,0.0696213385948579
0.14,0.305,0.139941777532873,0.304383172430658,-5.82224671269727e-05,-0.000616827569342171,0.00061956929070034,0.00274592390703667,0.011923591025799,0.0589696638672366,0.0602256897894362
0.14,0.32,0.138742061489117,0.31834579430849,-0.00125793851088279,-0.0016542056915097,0.00207817366141165,0.0552644744039193,0.0393064326126627,0.116445286923019,0.134754113084569
0.14,0.335,0.137505080387893,0.332492721655512,-0.00249491961210718,-0.00250727834448844,0.00353709889141055,0.0768240566902276,0.0581036320931722,0.158344495127992,0.185340165207727
0.14,0.35,0.136557145734259,0.346949344859973,-0.00344285426574073,-0.00305065514002684,0.00459997198670832,0.0521908547007321,0.0562745554371424,0.158689776799052,0.176275865269756
0.16,0.05,0.162793359464749,0.047087351139711,0.00279335946474929,-0.00291264886028902,0.00403563879486846,0.0482020751936108,0.0565990583038317,-0.157155511036982,0.173852728749124
0.16,0.065,0.16219120402505,0.0624320596359814,0.0021912040250498,-0.00256794036401864,0.00337575070059248,0.116380592402798,0.075924139074102,-0.173264572821602,0.222102659035005
0.16,0.08,0.1611615764836,0.078123642018127,0.0011615764835996,-0.00187635798187297,0.00220680293714459,0.124907292500567,0.0663169730108053,-0.139084204898545,0.19835379496354
0.16,0.095,0.160033730067368,0.0940341125035465,3.37300673678431e-05,-0.000965887496453544,0.000966476266263137,0.0933776273770773,0.042876005223605,-0.0831444499645096,0.132176928508242
0.16,0.11,0.159037904444411,0.110047733604957,-0.000962095555588557,4.77336049565236e-05,0.000963278960179968,0.0383276545264095,0.0152317607625448,-0.0250759161531408,0.0482681815037856
0.16,0.125,0.158316248942901,0.126063331056244,-0.00168375105709853,0.00106333105624445,0.00199140416727855,-0.0267447812489515,-0.0109294360491765,0.0230019916828086,0.0369300360997297
0.16,0.14,0.157935231846776,0.141996211404913,-0.00206476815322378,0.00199621140491285,0.00287195534430312,-0.0912692799258872,-0.0326710483132425,0.0550587376040099,0.111485188990828
0.16,0.155,0.157899479984903,0.157779140128918,-0.00210052001509729,0.00277914012891839,0.00348364811512139,-0.147384310538195,-0.0488464019758932,0.0697502009093197,0.170215210290249
0.16,0.17,0.158166180426182,0.17336219639406,-0.0018338195738178,0.00336219639405949,0.00382978574094478,-0.189625449718651,-0.0593361036386521,0.0691089852880484,0.2103679774547
0.16,0.185,0.15865888757712,0.18871171062359,-0.00134111242288046,0.00371171062359038,0.00394656537815833,-0.214568145876629,-0.0644714107378655,0.057393606891988,0.231279378178462
0.16,0.2,0.1592798567547,0.203808795964837,-0.000720143245300321,0.00380879596483735,0.00387627824020838,-0.220493180549754,-0.0646379310228039,0.0401285485111184,0.233250252603136
0.16,0.215,0.15992071431124,0.218648105650626,-7.92856887599155e-05,0.00364810565062618,0.00364896712215563,-0.207143279273181,-0.0600517728608257,0.0233171143826343,0.216929245630301
0.16,0.23,0.160472065789282,0.233237345991305,0.000472065789281925,0.00323734599130504,0.00327158297721901,-0.175618876723571,-0.0506985998826907,0.0127616721579797,0.183235440851442
0.16,0.245,0.160833194683028,0.247597786466328,0.000833194683027519,0.00259778646632758,0.00272813267720983,-0.128426069476783,-0.0364281092066686,0.0133991670660529,0.134163364460814
0.16,0.26,0.160923076598372,0.261765635101573,0.000923076598372152,0.00176563510157346,0.00199236987489036,-0.0696509289034384,-0.017200495250889,0.0285641032606101,0.077220579069634
0.16,0.275,0.160693489951814,0.275793820502316,0.000693489951814022,0.000793820502316411,0.00105407746544782,-0.00520323270610152,0.00651619643450664,0.0591253223771201,0.0597104556602718
0.16,0.29,0.160144229384305,0.289753558799925,0.000144229384305333,-0.000246441200074887,0.00028554400780168,0.0569416970636649,0.0332001183570005,0.102494808486049,0.121859739403472
0.16,0.305,0.159339659830212,0.303735148419594,-0.000660340169787971,-0.00126485158040596,0.00142684920727141,0.106568521244038,0.0595855726418064,0.151557997989132,0.194620536838153
0.16,0.32,0.158425446877055,0.317847714681102,-0.00157455312294488,-0.00215228531889827,0.00266674888786337,0.131157510421913,0.0798297673509206,0.193608405749734,0.247101990507285
0.16,0.335,0.157644502319089,0.332218035738252,-0.00235549768091053,-0.0027819642617482,0.00364522900219165,0.115942641644303,0.084519422373261,0.20937567524126,0.253819833056659
0.16,0.35,0.157352030355782,0.34698900244345,-0.00264796964421773,-0.00301099755654993,0.00400971938198277,0.044079052748304,0.059461761150553,0.172219234121391,0.187451753453242
0.18,0.05,0.181442741620583,0.0476071312015644,0.00144274162058278,-0.00239286879843564,0.00279415899159097,0.0193073291107266,0.0482018319542668,-0.154495192775532,0.162987643905677
0.18,0.065,0.181596528744571,0.0625065968488115,0.00159652874457067,-0.00249340315118851,0.00296073695329342,0.151186792119925,0.100582423388924,-0.211177556525456,0.278514601289534
0.18,0.08,0.181118229420489,0.0778490720715918,0.00111822942048936,-0.00215092792840815,0.0024242376100651,0.21051476112766,0.112709595622379,-0.205071709612002,0.314761136181604
0.18,0.095,0.180361556925804,0.0934929233587437,0.000361556925803919,-0.00150707664125632,0.00154983980243676,0.218602603417829,0.102347490952347,-0.165546191627528,0.292690681410269
0.18,0.11,0.17958194044455,0.10930980073916,-0.000418059555450198,-0.000690199260840296,0.000806937922995139,0.193592217345309,0.0813946590124358,-0.11346293854235,0.238698466612867
0.18,0.125,0.178947578534466,0.12518645570569,-0.00105242146553391,0.000186455705689925,0.00106881086788116,0.150489114224323,0.0574914405664133,-0.0624570072161643,0.17278061121916
0.18,0.14,0.178551134062455,0.141026555912283,-0.00144886593754465,0.00102655591228334,0.00177567720772133,0.101269386845585,0.0352406436719216,-0.0202386486577235,0.109119192526577
0.18,0.155,0.178422439023837,0.156751927048612,-0.00157756097616326,0.00175192704861199,0.00235752985499049,0.0550700048134926,0.0171628791676575,0.0101254230154757,0.0585644460556854
0.18,0.17,0.178541831781616,0.172302956441936,-0.00145816821838398,0.00230295644193551,0.00272577749028738,0.0184501537363651,0.00444521017413829,0.0290028997515916,0.0346602985396198
0.18,0.185,0.178853404455186,0.187638231245295,-0.00114659554481426,0.00263823124529539,0.00287662049061755,-0.00431347263973145,-0.00249243592056533,0.0391042856557747,0.0394203437480001
0.18,0.2,0.179277533857848,0.202733761017397,-0.000722466142152263,0.00273376101739659,0.00282761500681999,-0.0109506311027008,-0.00360327095896953,0.0445304450913591,0.0459984840650399
0.18,0.215,0.179722500116631,0.217582262937078,-0.000277499883368938,0.00258226293707814,0.00259713073630828,-0.000994448868701129,0.00101378128962991,0.0499462113233246,0.0499663973619184
0.18,0.23,0.180095537679661,0.232192928132019,9.55376796608204e-05,0.00219292813201905,0.00219500825520897,0.0243110203767705,0.011180515193724,0.059834169845155,0.0655450835802505
0.18,0.245,0.180314053633394,0.246591866177979,0.000314053633393561,0.00159186617797941,0.00162254972596912,0.0619827584421995,0.0265502454915534,0.0777644855582146,0.102927624783485
0.18,0.26,0.180317802988156,0.260823127856922,0.000317802988156188,0.000823127856922012,0.000882348121844223,0.107171470068263,0.0463676613919586,0.105620340887357,0.157452710460223
0.18,0.275,0.180082500360169,0.274949948762679,8.25003601691576e-05,-5.00512373213247e-05,9.64957811794707e-05,0.152981007963791,0.0690819743963166,0.142743280112716,0.22034339527373
0.18,0.29,0.179634815418542,0.289055741611482,-0.000365184581458386,-0.000944258388517916,0.00101241477805363,0.190291889051195,0.0918171806159815,0.184999827963595,0.280831785830713
0.18,0.305,0.179068206684968,0.303244446636274,-0.000931793315032042,-0.00175555336372563,0.00198751261501072,0.207641606104919,0.109700159152625,0.223807125782059,0.324405721583164
0.18,0.32,0.178558868100551,0.317640112708487,-0.00144113189944928,-0.00235988729151287,0.00276512733526944,0.191196961589756,0.115036593568252,0.24517921192812,0.331515985368852
0.18,0.335,0.178381374509259,0.332385952727281,-0.00161862549074104,-0.0026140472727188,0.00307460430353001,0.12483150124923,0.0963008489081427,0.228861591965922,0.277911023362883
0.18,0.35,0.178924447414109,0.3476434974761,-0.00107555258589093,-0.00235650252390002,0.00259035084692476,-0.00969453239939458,0.036865313825279,0.1476146591443,0.152456999283512
0.2,0.05,0.199125910185231,0.0490676728370771,-0.000874089814769191,-0.000932327162922908,0.00127799332666768,-0.0825154130411245,-0.000141406177993971,-0.110167971169139,0.137643758915818
0.2,0.065,0.200229340396094,0.0633414241208655,0.000229340396093541,-0.00165857587913454,0.0016743568807537,0.128585803660214,0.0986253993698811,-0.21410906964485,0.268522073547941
0.2,0.08,0.200467935635298,0.0781724181468175,0.000467935635298455,-0.00182758185318255,0.00188653629407555,0.25331235293272,0.14364281426291,-0.242412792014549,0.378899579269325
0.2,0.095,0.200223600157461,0.0934046065041055,0.00022360015746084,-0.00159539349589455,0.00161098647950848,0.314437863867747,0.155692218999469,-0.225191016699199,0.416920853734976
0.2,0.11,0.199779419413938,0.108896968837648,-0.0002205805860616,-0.00110303116235189,0.00112487045479319,0.331507747702249,0.149172463388331,-0.184466385267036,0.407649799360392
0.2,0.125,0.199331459084121,0.124524592160271,-0.000668540915879312,-0.000475407839728548,0.000820341130433013,0.320863767931734,0.133829818335777,-0.135336954884281,0.373069110136587
0.2,0.14,0.199000314484649,0.140180175358224,-0.000999685515350707,0.000180175358223844,0.0010157924440126,0.295738608077081,0.11603742547959,-0.0871669192870163,0.329430385979085
0.2,0.155,0.198843156037212,0.15577536386368,-0.00115684396278834,0.000775363863680434,0.00139265109605431,0.266416252311699,0.0997685600301652,-0.0447615174568151,0.287984640413107
0.2,0.17,0.198866322248633,0.171241573866342,-0.00113367775136704,0.00124157386634194,0.00168128846707752,0.240445049836142,0.0873427627871809,-0.00948776936323196,0.255993568248514
0.2,0.185,0.199038126376405,0.186530249097928,-0.000961873623594664,0.00153024909792826,0.00180744658827789,0.222874700941011,0.0799839159765089,0.0196901027130495,0.237609638261139
0.2,0.2,0.199301493966435,0.201612734801129,-0.000698506033565412,0.00161273480112856,0.00175750511171332,0.216477306980901,0.0782080400570527,0.0452748133545724,0.234582197879074
0.2,0.215,0.199586266481177,0.216480082571675,-0.000413733518822696,0.00148008257167476,0.00153682134406468,0.221912492516197,0.0820492122145906,0.0703905944801288,0.24684439956829
0.2,0.23,0.199821333602488,0.231143080616529,-0.000178666397512364,0.00114308061652935,0.00115695936725762,0.237808771414068,0.091128893629694,0.0979972990535394,0.272875609722647
0.2,0.245,0.199947007134957,0.245632654463778,-5.29928650431499e-05,0.00063265446377847,0.000634869997939976,0.260754446977233,0.104573334218332,0.130121333673515,0.30961307884113
0.2,0.26,0.199928087390993,0.260000571693713,-7.19126090073935e-05,5.71693712592136e-07,7.19148814081708e-05,0.285214921165842,0.120783638426059,0.167063900126217,0.351918988754329
0.2,0.275,0.199767877195815,0.274320205105554,-0.000232122804184859,-0.000679794894445751,0.000718332857898866,0.30341213255841,0.137062425034324,0.206564480027716,0.391809281647336
0.2,0.29,0.199523075822408,0.288687046388655,-0.000476924177592083,-0.00131295361134454,0.00139689078195632,0.305210543540826,0.149098306932387,0.242923249187394,0.417607780179732
0.2,0.305,0.199319228380558,0.303218759682088,-0.000680771619442133,-0.00178124031791155,0.00190689985788229,0.278051059159101,0.150302019345795,0.26611145770889,0.413181723074001
0.2,0.32,0.199366416051965,0.318054808216176,-0.000633583948035449,-0.0019451917838238,0.0020457760618073,0.206962513985808,0.130972384541535,0.260916333062243,0.357861700790564
0.2,0.335,0.19997528348712,0.333356018698029,-2.4716512880274e-05,-0.00164398130197074,0.00164416709225017,0.074667107157698,0.0772430639217034,0.206174455236616,0.232485801644446
0.2,0.35,0.20157434712419,0.349304794845672,0.00157434712419022,-0.000695205154328082,0.00172101106157117,-0.138208470522451,-0.0302793208603556,0.0741506504807136,0.159739644705481
